0.000000000000000000e+00,2.055779750000000092e+02,0.000000000000000000e+00,2.215694000000000067e-05,0.000000000000000000e+00
0.000000000000000000e+00,2.055779750000000092e+02,0.000000000000000000e+00,-2.222805000000000057e-06,0.000000000000000000e+00
0.000000000000000000e+00,2.055779750000000092e+02,0.000000000000000000e+00,-1.249966000000000011e-06,0.000000000000000000e+00
3.118965922831560059e-02,2.055779438103407699e+02,0.000000000000000000e+00,-7.206108000000000353e-07,0.000000000000000000e+00
1.882589897936932100e-01,2.055777867410102147e+02,0.000000000000000000e+00,-5.035399000000000288e-07,0.000000000000000000e+00
3.852130681304772875e-01,2.055775897869318669e+02,0.000000000000000000e+00,-2.984451999999999810e-07,0.000000000000000000e+00
6.209120006735614483e-01,2.055773540879993391e+02,0.000000000000000000e+00,4.065805000000000189e-08,0.000000000000000000e+00
8.864131195979578770e-01,2.055770885868803930e+02,0.000000000000000000e+00,3.785681000000000241e-07,0.000000000000000000e+00
1.181074679707601494e+00,2.055767939253202883e+02,0.000000000000000000e+00,4.369795000000000253e-07,0.000000000000000000e+00
1.543693424325076613e+00,2.055764313065756710e+02,0.000000000000000000e+00,5.494221000000000001e-07,0.000000000000000000e+00
1.926208935365824493e+00,2.055760487910646361e+02,0.000000000000000000e+00,4.659231999999999935e-07,0.000000000000000000e+00
2.333073669764359703e+00,2.055756419263302348e+02,0.000000000000000000e+00,8.123316000000000026e-07,0.000000000000000000e+00
2.748566367453157078e+00,2.055752264336325368e+02,0.000000000000000000e+00,7.940544000000000194e-07,0.000000000000000000e+00
3.156811956400858321e+00,2.055748181880435936e+02,0.000000000000000000e+00,7.374329000000000441e-07,0.000000000000000000e+00
3.587348349390587998e+00,2.055743876516506248e+02,0.000000000000000000e+00,8.033820999999999792e-07,0.000000000000000000e+00
3.994882078293851890e+00,2.055739801179217068e+02,0.000000000000000000e+00,9.383510999999999486e-07,0.000000000000000000e+00
4.409462457083786369e+00,2.055735655375429189e+02,0.000000000000000000e+00,9.031210000000000307e-07,0.000000000000000000e+00
4.842369362169898217e+00,2.055731326306378435e+02,0.000000000000000000e+00,9.006325999999999937e-07,0.000000000000000000e+00
5.221936740360224150e+00,2.055727530632596540e+02,0.000000000000000000e+00,1.048465000000000091e-06,0.000000000000000000e+00
5.665087618378739087e+00,2.055723099123816269e+02,0.000000000000000000e+00,1.083070000000000076e-06,0.000000000000000000e+00
6.103341159341588273e+00,2.055718716588406494e+02,0.000000000000000000e+00,1.089093999999999919e-06,0.000000000000000000e+00
6.511182002801933599e+00,2.055714638179971985e+02,0.000000000000000000e+00,1.028136000000000095e-06,0.000000000000000000e+00
6.929062475572519197e+00,2.055710459375244170e+02,0.000000000000000000e+00,1.114923999999999932e-06,0.000000000000000000e+00
7.344202376780555319e+00,2.055706307976232097e+02,0.000000000000000000e+00,1.015679999999999947e-06,0.000000000000000000e+00
7.780514600529169655e+00,2.055701944853994689e+02,0.000000000000000000e+00,9.740179000000000413e-07,0.000000000000000000e+00
8.165951751006245374e+00,2.055698090482489988e+02,0.000000000000000000e+00,1.092005000000000017e-06,0.000000000000000000e+00
8.606470793368162120e+00,2.055693685292066277e+02,0.000000000000000000e+00,1.111766000000000004e-06,0.000000000000000000e+00
9.052871366606170866e+00,2.055689221286334032e+02,0.000000000000000000e+00,1.075502999999999992e-06,0.000000000000000000e+00
9.446892278961636080e+00,2.055685281077210504e+02,0.000000000000000000e+00,1.111212999999999986e-06,0.000000000000000000e+00
9.864047799570599295e+00,2.055681109522004419e+02,0.000000000000000000e+00,1.163091000000000101e-06,0.000000000000000000e+00
1.027646720557265070e+01,2.055676985327944237e+02,0.000000000000000000e+00,1.168547999999999963e-06,0.000000000000000000e+00
1.068183821453449234e+01,2.055672931617854715e+02,0.000000000000000000e+00,1.153399000000000017e-06,0.000000000000000000e+00
1.112389791748848999e+01,2.055668511020825235e+02,0.000000000000000000e+00,1.166568999999999969e-06,0.000000000000000000e+00
1.153993059081547656e+01,2.055664350694091809e+02,0.000000000000000000e+00,8.948409000000000200e-07,0.000000000000000000e+00
1.194061604113655761e+01,2.055660343839588791e+02,0.000000000000000000e+00,1.185312000000000020e-06,0.000000000000000000e+00
1.238389886118694783e+01,2.055655911011388071e+02,0.000000000000000000e+00,1.212770999999999895e-06,0.000000000000000000e+00
1.276947559541984845e+01,2.055652055244045755e+02,0.000000000000000000e+00,1.157386999999999986e-06,0.000000000000000000e+00
1.319339018021852361e+01,2.055647816098197893e+02,0.000000000000000000e+00,1.130815000000000031e-06,0.000000000000000000e+00
1.361834268716154384e+01,2.055643566573128282e+02,0.000000000000000000e+00,1.235298000000000001e-06,0.000000000000000000e+00
1.403716107771247579e+01,2.055639378389222998e+02,0.000000000000000000e+00,1.207648999999999963e-06,0.000000000000000000e+00
1.446066946581848889e+01,2.055635143305341899e+02,0.000000000000000000e+00,1.058215000000000083e-06,0.000000000000000000e+00
1.484832074607575159e+01,2.055631266792539407e+02,0.000000000000000000e+00,1.248597999999999942e-06,0.000000000000000000e+00
1.526343858096323558e+01,2.055627115614190359e+02,0.000000000000000000e+00,1.269319999999999987e-06,0.000000000000000000e+00
1.571116584674252614e+01,2.055622638341532706e+02,0.000000000000000000e+00,1.218547999999999908e-06,0.000000000000000000e+00
1.611026069534351279e+01,2.055618647393046672e+02,0.000000000000000000e+00,1.359454000000000071e-06,0.000000000000000000e+00
1.653412030233545593e+01,2.055614408796976704e+02,0.000000000000000000e+00,1.292283000000000058e-06,0.000000000000000000e+00
1.693890698739996736e+01,2.055610360930126035e+02,0.000000000000000000e+00,1.317254000000000077e-06,0.000000000000000000e+00
1.736869781111111166e+01,2.055606063021888872e+02,0.000000000000000000e+00,1.323191000000000059e-06,0.000000000000000000e+00
1.778406508908739170e+01,2.055601909349109064e+02,0.000000000000000000e+00,1.329331999999999955e-06,0.000000000000000000e+00
1.820849448789225988e+01,2.055597665055121013e+02,0.000000000000000000e+00,1.360182000000000050e-06,0.000000000000000000e+00
1.861632623524972274e+01,2.055593586737647627e+02,0.000000000000000000e+00,1.267428000000000065e-06,0.000000000000000000e+00
1.905157847673847016e+01,2.055589234215232750e+02,0.000000000000000000e+00,1.460285000000000029e-06,0.000000000000000000e+00
1.947529633413011041e+01,2.055584997036658592e+02,0.000000000000000000e+00,1.247550000000000024e-06,0.000000000000000000e+00
1.991559228622471878e+01,2.055580594077137846e+02,0.000000000000000000e+00,1.377760999999999945e-06,0.000000000000000000e+00
2.032284961629809672e+01,2.055576521503837171e+02,0.000000000000000000e+00,1.398962999999999899e-06,0.000000000000000000e+00
2.072401532115113554e+01,2.055572509846788591e+02,0.000000000000000000e+00,1.389052999999999938e-06,0.000000000000000000e+00
2.115459757437487909e+01,2.055568204024256147e+02,0.000000000000000000e+00,1.458422000000000061e-06,0.000000000000000000e+00
2.156278000954240071e+01,2.055564122199904489e+02,0.000000000000000000e+00,1.407227999999999980e-06,0.000000000000000000e+00
2.199210892493969993e+01,2.055559828910750753e+02,0.000000000000000000e+00,1.326406999999999894e-06,0.000000000000000000e+00
2.240149369366962162e+01,2.055555735063063310e+02,0.000000000000000000e+00,1.363442000000000040e-06,0.000000000000000000e+00
2.279545505765102575e+01,2.055551795449423480e+02,0.000000000000000000e+00,1.323132999999999941e-06,0.000000000000000000e+00
2.323980299759059065e+01,2.055547351970024010e+02,0.000000000000000000e+00,1.383435999999999895e-06,0.000000000000000000e+00
2.363887377222195951e+01,2.055543361262277813e+02,0.000000000000000000e+00,1.323759000000000068e-06,0.000000000000000000e+00
2.406251923757723432e+01,2.055539124807624205e+02,0.000000000000000000e+00,1.308434999999999950e-06,0.000000000000000000e+00
2.446496053018736916e+01,2.055535100394698134e+02,0.000000000000000000e+00,1.352149000000000020e-06,0.000000000000000000e+00
2.490002643666339921e+01,2.055530749735633265e+02,0.000000000000000000e+00,1.287190000000000080e-06,0.000000000000000000e+00
2.530351359993060356e+01,2.055526714864000724e+02,0.000000000000000000e+00,1.416686999999999985e-06,0.000000000000000000e+00
2.570760762822654044e+01,2.055522673923717889e+02,0.000000000000000000e+00,1.356384000000000031e-06,0.000000000000000000e+00
2.614229481743656436e+01,2.055518327051825622e+02,0.000000000000000000e+00,1.328881000000000000e-06,0.000000000000000000e+00
2.657304086226713835e+01,2.055514019591377348e+02,0.000000000000000000e+00,1.443680999999999942e-06,0.000000000000000000e+00
2.700329745263702108e+01,2.055509717025473719e+02,0.000000000000000000e+00,1.340652999999999902e-06,0.000000000000000000e+00
2.739174878256951118e+01,2.055505832512174322e+02,0.000000000000000000e+00,1.410240999999999929e-06,0.000000000000000000e+00
2.782616876530368799e+01,2.055501488312347078e+02,0.000000000000000000e+00,1.444321000000000033e-06,0.000000000000000000e+00
2.824976569784584512e+01,2.055497252343021444e+02,0.000000000000000000e+00,1.424691000000000062e-06,0.000000000000000000e+00
2.868072994816855115e+01,2.055492942700518313e+02,0.000000000000000000e+00,1.416002999999999951e-06,0.000000000000000000e+00
2.908860945006614429e+01,2.055488863905499386e+02,0.000000000000000000e+00,1.427978999999999978e-06,0.000000000000000000e+00
2.951942137988766035e+01,2.055484555786201213e+02,0.000000000000000000e+00,1.411215999999999949e-06,0.000000000000000000e+00
2.993950225445292546e+01,2.055480354977455590e+02,0.000000000000000000e+00,1.455599000000000063e-06,0.000000000000000000e+00
3.032719295273941640e+01,2.055476478070472695e+02,0.000000000000000000e+00,1.420718000000000083e-06,0.000000000000000000e+00
3.074403771664027829e+01,2.055472309622833507e+02,0.000000000000000000e+00,1.372405999999999935e-06,0.000000000000000000e+00
3.116019198759542164e+01,2.055468148080124138e+02,0.000000000000000000e+00,1.420442000000000088e-06,0.000000000000000000e+00
3.159117139702760113e+01,2.055463838286029841e+02,0.000000000000000000e+00,1.476989999999999940e-06,0.000000000000000000e+00
3.203317953417359121e+01,2.055459418204658277e+02,0.000000000000000000e+00,1.442428999999999899e-06,0.000000000000000000e+00
3.241385871374045990e+01,2.055455611412862709e+02,0.000000000000000000e+00,1.394567999999999918e-06,0.000000000000000000e+00
3.284749983237469451e+01,2.055451275001676379e+02,0.000000000000000000e+00,1.257605999999999992e-06,0.000000000000000000e+00
3.323865990720235430e+01,2.055447363400928111e+02,0.000000000000000000e+00,1.397798999999999956e-06,0.000000000000000000e+00
3.366850911791112821e+01,2.055443064908820929e+02,0.000000000000000000e+00,1.425054999999999945e-06,0.000000000000000000e+00
3.409087420428610926e+01,2.055438841257957279e+02,0.000000000000000000e+00,1.302948999999999923e-06,0.000000000000000000e+00
3.450690492628656614e+01,2.055434680950737061e+02,0.000000000000000000e+00,1.248029999999999933e-06,0.000000000000000000e+00
3.492401475950910594e+01,2.055430509852404839e+02,0.000000000000000000e+00,1.301799999999999971e-06,0.000000000000000000e+00
3.534590929990674368e+01,2.055426290907001032e+02,0.000000000000000000e+00,1.263048000000000075e-06,0.000000000000000000e+00
3.575446796965503893e+01,2.055422205320303419e+02,0.000000000000000000e+00,1.276959999999999968e-06,0.000000000000000000e+00
3.617811664133208893e+01,2.055417968833586713e+02,0.000000000000000000e+00,1.349529999999999935e-06,0.000000000000000000e+00
3.657710722061068509e+01,2.055413978927794005e+02,0.000000000000000000e+00,1.286010999999999934e-06,0.000000000000000000e+00
3.702374696848908542e+01,2.055409512530315226e+02,0.000000000000000000e+00,1.212538000000000028e-06,0.000000000000000000e+00
3.742516416937426982e+01,2.055405498358306318e+02,0.000000000000000000e+00,1.313120999999999917e-06,0.000000000000000000e+00
3.783220413962734341e+01,2.055401427958603620e+02,0.000000000000000000e+00,1.383566999999999911e-06,0.000000000000000000e+00
3.824793119548905196e+01,2.055397270688045239e+02,0.000000000000000000e+00,1.333740999999999899e-06,0.000000000000000000e+00
3.869646782757222070e+01,2.055392785321724318e+02,0.000000000000000000e+00,1.381326000000000096e-06,0.000000000000000000e+00
3.912013565628951284e+01,2.055388548643437048e+02,0.000000000000000000e+00,1.397595000000000042e-06,0.000000000000000000e+00
3.952096890863307266e+01,2.055384540310913621e+02,0.000000000000000000e+00,1.386710000000000061e-06,0.000000000000000000e+00
3.996766027213740102e+01,2.055380073397278693e+02,0.000000000000000000e+00,1.263265999999999951e-06,0.000000000000000000e+00
4.037932110880801417e+01,2.055375956788911935e+02,0.000000000000000000e+00,1.329637999999999932e-06,0.000000000000000000e+00
4.078994026926382332e+01,2.055371850597307457e+02,0.000000000000000000e+00,1.310108999999999995e-06,0.000000000000000000e+00
4.119424353720369680e+01,2.055367807564628038e+02,0.000000000000000000e+00,1.313922000000000005e-06,0.000000000000000000e+00
4.162514642805404463e+01,2.055363498535719486e+02,0.000000000000000000e+00,1.282257000000000071e-06,0.000000000000000000e+00
4.203338977406692578e+01,2.055359416102259331e+02,0.000000000000000000e+00,1.274834999999999967e-06,0.000000000000000000e+00
4.245630190367641177e+01,2.055355186980963254e+02,0.000000000000000000e+00,1.239575999999999929e-06,0.000000000000000000e+00
4.287244228358273546e+01,2.055351025577164137e+02,0.000000000000000000e+00,1.183943999999999951e-06,0.000000000000000000e+00
4.325944250778518807e+01,2.055347155574922056e+02,0.000000000000000000e+00,1.329171999999999986e-06,0.000000000000000000e+00
4.370703207201012219e+01,2.055342679679280025e+02,0.000000000000000000e+00,1.255087999999999942e-06,0.000000000000000000e+00
4.410566368280929339e+01,2.055338693363171956e+02,0.000000000000000000e+00,1.080028999999999989e-06,0.000000000000000000e+00
4.452973518414084708e+01,2.055334452648158674e+02,0.000000000000000000e+00,1.295222000000000082e-06,0.000000000000000000e+00
4.493529399479528053e+01,2.055330397060052121e+02,0.000000000000000000e+00,1.264736000000000083e-06,0.000000000000000000e+00
4.536398570568279354e+01,2.055326110142943321e+02,0.000000000000000000e+00,1.251523000000000003e-06,0.000000000000000000e+00
4.577630743977672267e+01,2.055321986925602289e+02,0.000000000000000000e+00,1.240303000000000092e-06,0.000000000000000000e+00
4.618214035827369202e+01,2.055317928596417403e+02,0.000000000000000000e+00,1.244538000000000103e-06,0.000000000000000000e+00
4.661310751985426037e+01,2.055313618924801347e+02,0.000000000000000000e+00,1.098044000000000062e-06,0.000000000000000000e+00
4.704833651375272296e+01,2.055309266634862411e+02,0.000000000000000000e+00,1.180772000000000060e-06,0.000000000000000000e+00
4.745188991260219780e+01,2.055305231100873868e+02,0.000000000000000000e+00,1.261752999999999903e-06,0.000000000000000000e+00
4.788267622484386266e+01,2.055300923237751647e+02,0.000000000000000000e+00,1.159424000000000099e-06,0.000000000000000000e+00
4.829973200222652707e+01,2.055296752679977885e+02,0.000000000000000000e+00,1.120307999999999896e-06,0.000000000000000000e+00
4.872146087599219300e+01,2.055292535391239994e+02,0.000000000000000000e+00,1.234526000000000079e-06,0.000000000000000000e+00
4.915192822831347996e+01,2.055288230717716829e+02,0.000000000000000000e+00,1.174600999999999971e-06,0.000000000000000000e+00
4.957601055110033172e+01,2.055283989894489025e+02,0.000000000000000000e+00,1.014356000000000034e-06,0.000000000000000000e+00
4.998908933591327752e+01,2.055279859106640856e+02,0.000000000000000000e+00,1.237626000000000100e-06,0.000000000000000000e+00
5.040438267048345722e+01,2.055275706173295305e+02,0.000000000000000000e+00,1.295528000000000058e-06,0.000000000000000000e+00
5.079182229384790759e+01,2.055271831777061493e+02,0.000000000000000000e+00,1.265464000000000061e-06,0.000000000000000000e+00
5.123655853317111308e+01,2.055267384414668186e+02,0.000000000000000000e+00,1.311084000000000016e-06,0.000000000000000000e+00
5.165451887468192638e+01,2.055263204811253104e+02,0.000000000000000000e+00,1.332562999999999993e-06,0.000000000000000000e+00
5.205959257404580143e+01,2.055259154074259698e+02,0.000000000000000000e+00,1.269960000000000077e-06,0.000000000000000000e+00
5.250742247608445012e+01,2.055254675775239264e+02,0.000000000000000000e+00,1.364126000000000075e-06,0.000000000000000000e+00
5.289780332031062926e+01,2.055250771966796890e+02,0.000000000000000000e+00,1.345178999999999899e-06,0.000000000000000000e+00
5.331312479626782874e+01,2.055246618752037477e+02,0.000000000000000000e+00,1.281222999999999905e-06,0.000000000000000000e+00
5.373227633483692500e+01,2.055242427236651679e+02,0.000000000000000000e+00,1.308202999999999899e-06,0.000000000000000000e+00
5.414031225538928993e+01,2.055238346877446247e+02,0.000000000000000000e+00,1.404128999999999986e-06,0.000000000000000000e+00
5.457117358802862839e+01,2.055234038264119647e+02,0.000000000000000000e+00,1.239531999999999985e-06,0.000000000000000000e+00
5.497705725572519242e+01,2.055229979427442686e+02,0.000000000000000000e+00,1.336520999999999981e-06,0.000000000000000000e+00
5.538991890585241151e+01,2.055225850810941495e+02,0.000000000000000000e+00,1.386288000000000058e-06,0.000000000000000000e+00
5.581778845863244243e+01,2.055221572115413835e+02,0.000000000000000000e+00,1.138759999999999961e-06,0.000000000000000000e+00
5.620296733689004753e+01,2.055217720326631081e+02,0.000000000000000000e+00,1.270848000000000025e-06,0.000000000000000000e+00
5.664710509656487858e+01,2.055213278949034361e+02,0.000000000000000000e+00,1.345194000000000101e-06,0.000000000000000000e+00
5.705918857960757862e+01,2.055209158114203944e+02,0.000000000000000000e+00,1.284293999999999972e-06,0.000000000000000000e+00
5.746626504664970270e+01,2.055205087349533528e+02,0.000000000000000000e+00,1.258478999999999949e-06,0.000000000000000000e+00
5.789345231030534222e+01,2.055200815476896992e+02,0.000000000000000000e+00,1.338091999999999936e-06,0.000000000000000000e+00
5.832479765600233890e+01,2.055196502023439962e+02,0.000000000000000000e+00,1.264751000000000073e-06,0.000000000000000000e+00
5.874203770635436683e+01,2.055192329622936427e+02,0.000000000000000000e+00,1.186141000000000033e-06,0.000000000000000000e+00
5.917298249895905826e+01,2.055188020175010308e+02,0.000000000000000000e+00,1.162493999999999927e-06,0.000000000000000000e+00
5.961430059083969013e+01,2.055183606994091576e+02,0.000000000000000000e+00,1.307852999999999978e-06,0.000000000000000000e+00
6.001259743640588340e+01,2.055179624025635974e+02,0.000000000000000000e+00,1.353618999999999940e-06,0.000000000000000000e+00
6.043740785915694858e+01,2.055175375921408545e+02,0.000000000000000000e+00,1.311869999999999901e-06,0.000000000000000000e+00
6.087336217054098597e+01,2.055171016378294553e+02,0.000000000000000000e+00,1.370907000000000061e-06,0.000000000000000000e+00
6.125975074071953941e+01,2.055167152492592777e+02,0.000000000000000000e+00,1.372405999999999935e-06,0.000000000000000000e+00
6.168358584928076027e+01,2.055162914141507144e+02,0.000000000000000000e+00,1.345368000000000033e-06,0.000000000000000000e+00
6.211016757665394294e+01,2.055158648324233468e+02,0.000000000000000000e+00,1.187071999999999898e-06,0.000000000000000000e+00
6.252803724291436538e+01,2.055154469627570961e+02,0.000000000000000000e+00,1.335095000000000005e-06,0.000000000000000000e+00
6.294957701197779443e+01,2.055150254229880318e+02,0.000000000000000000e+00,1.307736999999999953e-06,0.000000000000000000e+00
6.333711807246800163e+01,2.055146378819275412e+02,0.000000000000000000e+00,1.260079000000000070e-06,0.000000000000000000e+00
6.377492605443386964e+01,2.055142000739455739e+02,0.000000000000000000e+00,1.273321999999999919e-06,0.000000000000000000e+00
6.416019496612447881e+01,2.055138148050338884e+02,0.000000000000000000e+00,1.384701999999999901e-06,0.000000000000000000e+00
6.460022308890957277e+01,2.055133747769110926e+02,0.000000000000000000e+00,1.314285000000000072e-06,0.000000000000000000e+00
6.499936586332385957e+01,2.055129756341366658e+02,0.000000000000000000e+00,1.217777000000000013e-06,0.000000000000000000e+00
6.542262224326125875e+01,2.055125523777567480e+02,0.000000000000000000e+00,1.367326999999999919e-06,0.000000000000000000e+00
6.585769718063028222e+01,2.055121173028193766e+02,0.000000000000000000e+00,1.410793999999999947e-06,0.000000000000000000e+00
6.627086390037692354e+01,2.055117041360996382e+02,0.000000000000000000e+00,1.285894999999999909e-06,0.000000000000000000e+00
6.667680613163886960e+01,2.055112981938683561e+02,0.000000000000000000e+00,1.226377000000000024e-06,0.000000000000000000e+00
6.710762348316021075e+01,2.055108673765168419e+02,0.000000000000000000e+00,1.345833999999999980e-06,0.000000000000000000e+00
6.753861733503936193e+01,2.055104363826649490e+02,0.000000000000000000e+00,1.302440000000000061e-06,0.000000000000000000e+00
6.796285793834654498e+01,2.055100121420616688e+02,0.000000000000000000e+00,1.289793999999999962e-06,0.000000000000000000e+00
6.837746252685909099e+01,2.055095975374731552e+02,0.000000000000000000e+00,1.258435000000000005e-06,0.000000000000000000e+00
6.878877533358779317e+01,2.055091862246664220e+02,0.000000000000000000e+00,1.342560000000000026e-06,0.000000000000000000e+00
6.921272343039817088e+01,2.055087622765695983e+02,0.000000000000000000e+00,1.330641999999999905e-06,0.000000000000000000e+00
6.964658027019775943e+01,2.055083284197297928e+02,0.000000000000000000e+00,1.345092000000000038e-06,0.000000000000000000e+00
7.005415156713148406e+01,2.055079208484328603e+02,0.000000000000000000e+00,1.290711000000000076e-06,0.000000000000000000e+00
7.048069252351371006e+01,2.055074943074764917e+02,0.000000000000000000e+00,1.324645999999999989e-06,0.000000000000000000e+00
7.089535703608152062e+01,2.055070796429639302e+02,0.000000000000000000e+00,1.270993000000000004e-06,0.000000000000000000e+00
7.128278692994777543e+01,2.055066922130700675e+02,0.000000000000000000e+00,1.273525000000000017e-06,0.000000000000000000e+00
7.170749160764242447e+01,2.055062675083923693e+02,0.000000000000000000e+00,1.293752999999999978e-06,0.000000000000000000e+00
7.213224504912462010e+01,2.055058427549508906e+02,0.000000000000000000e+00,1.362509999999999936e-06,0.000000000000000000e+00
7.254558206480156457e+01,2.055054294179352041e+02,0.000000000000000000e+00,1.295819000000000044e-06,0.000000000000000000e+00
7.297041859483465487e+01,2.055050045814051600e+02,0.000000000000000000e+00,1.150881999999999995e-06,0.000000000000000000e+00
7.335804832402057230e+01,2.055046169516759846e+02,0.000000000000000000e+00,1.269960000000000077e-06,0.000000000000000000e+00
7.377331447497880390e+01,2.055042016855250324e+02,0.000000000000000000e+00,1.302672999999999928e-06,0.000000000000000000e+00
7.421959504913273520e+01,2.055037554049508799e+02,0.000000000000000000e+00,1.300227999999999988e-06,0.000000000000000000e+00
7.461246924823788618e+01,2.055033625307517582e+02,0.000000000000000000e+00,1.261913000000000085e-06,0.000000000000000000e+00
7.504153779940483560e+01,2.055029334622005877e+02,0.000000000000000000e+00,1.170701999999999917e-06,0.000000000000000000e+00
7.548874132046967134e+01,2.055024862586795393e+02,0.000000000000000000e+00,1.331267000000000005e-06,0.000000000000000000e+00
7.587625963622869563e+01,2.055020987403637776e+02,0.000000000000000000e+00,1.292006000000000035e-06,0.000000000000000000e+00
7.629139868773451383e+01,2.055016836013122656e+02,0.000000000000000000e+00,1.274064000000000072e-06,0.000000000000000000e+00
7.672384376037200582e+01,2.055012511562396185e+02,0.000000000000000000e+00,1.326014000000000058e-06,0.000000000000000000e+00
7.711536373486927687e+01,2.055008596362651190e+02,0.000000000000000000e+00,1.409600000000000023e-06,0.000000000000000000e+00
7.755725415648855403e+01,2.055004177458435208e+02,0.000000000000000000e+00,1.341570000000000015e-06,0.000000000000000000e+00
7.798099243016292803e+01,2.054999940075698532e+02,0.000000000000000000e+00,1.018867000000000040e-06,0.000000000000000000e+00
7.837231971634696492e+01,2.054996026802836582e+02,0.000000000000000000e+00,1.293709000000000034e-06,0.000000000000000000e+00
7.880785974108042069e+01,2.054991671402589191e+02,0.000000000000000000e+00,1.346925000000000026e-06,0.000000000000000000e+00
7.922769356796399620e+01,2.054987473064320511e+02,0.000000000000000000e+00,1.337612000000000027e-06,0.000000000000000000e+00
7.965851067869535029e+01,2.054983164893212972e+02,0.000000000000000000e+00,1.375199999999999979e-06,0.000000000000000000e+00
8.009815646488550556e+01,2.054978768435351242e+02,0.000000000000000000e+00,1.313207999999999989e-06,0.000000000000000000e+00
8.049669857509245219e+01,2.054974783014249056e+02,0.000000000000000000e+00,1.244742000000000016e-06,0.000000000000000000e+00
8.091944122712850174e+01,2.054970555587728711e+02,0.000000000000000000e+00,1.245366999999999905e-06,0.000000000000000000e+00
8.133416383387911708e+01,2.054966408361661365e+02,0.000000000000000000e+00,1.315070999999999957e-06,0.000000000000000000e+00
8.174152856987451798e+01,2.054962334714301164e+02,0.000000000000000000e+00,1.238585999999999918e-06,0.000000000000000000e+00
8.217299712884127416e+01,2.054958020028711587e+02,0.000000000000000000e+00,1.199849000000000013e-06,0.000000000000000000e+00
8.256081738796054026e+01,2.054954141826120519e+02,0.000000000000000000e+00,1.299267999999999958e-06,0.000000000000000000e+00
8.299973823324850741e+01,2.054949752617667400e+02,0.000000000000000000e+00,1.359600000000000078e-06,0.000000000000000000e+00
8.341033073282441990e+01,2.054945646692671914e+02,0.000000000000000000e+00,1.349850000000000086e-06,0.000000000000000000e+00
8.381541038888889261e+01,2.054941595896111153e+02,0.000000000000000000e+00,1.290899999999999999e-06,0.000000000000000000e+00
8.423419389702884530e+01,2.054937408061029771e+02,0.000000000000000000e+00,1.304448000000000009e-06,0.000000000000000000e+00
8.466108159185702675e+01,2.054933139184081483e+02,0.000000000000000000e+00,1.420979999999999903e-06,0.000000000000000000e+00
8.506334550442879561e+01,2.054929116544955718e+02,0.000000000000000000e+00,1.310530999999999998e-06,0.000000000000000000e+00
8.550180327278799552e+01,2.054924731967272180e+02,0.000000000000000000e+00,1.287306000000000106e-06,0.000000000000000000e+00
8.590972696352201865e+01,2.054920652730364736e+02,0.000000000000000000e+00,1.373570000000000090e-06,0.000000000000000000e+00
8.632476547583377169e+01,2.054916502345241724e+02,0.000000000000000000e+00,1.342777999999999902e-06,0.000000000000000000e+00
8.673633265569310424e+01,2.054912386673443052e+02,0.000000000000000000e+00,1.330831000000000040e-06,0.000000000000000000e+00
8.718378763636363260e+01,2.054907912123636322e+02,0.000000000000000000e+00,1.326160000000000064e-06,0.000000000000000000e+00
8.759110550258435524e+01,2.054903838944974268e+02,0.000000000000000000e+00,1.357591999999999918e-06,0.000000000000000000e+00
8.800591284813206983e+01,2.054899690871518771e+02,0.000000000000000000e+00,1.321678000000000011e-06,0.000000000000000000e+00
8.845002546641929086e+01,2.054895249745335946e+02,0.000000000000000000e+00,1.239691999999999955e-06,0.000000000000000000e+00
8.886422225337497594e+01,2.054891107777466175e+02,0.000000000000000000e+00,1.419467000000000067e-06,0.000000000000000000e+00
8.925117161651948550e+01,2.054887238283834847e+02,0.000000000000000000e+00,1.372886000000000055e-06,0.000000000000000000e+00
8.969928878935063210e+01,2.054882757112106617e+02,0.000000000000000000e+00,1.366904999999999917e-06,0.000000000000000000e+00
9.011197641325468055e+01,2.054878630235867547e+02,0.000000000000000000e+00,1.373570000000000090e-06,0.000000000000000000e+00
9.052176373758290140e+01,2.054874532362624109e+02,0.000000000000000000e+00,1.372827999999999937e-06,0.000000000000000000e+00
9.096753615691264372e+01,2.054870074638430992e+02,0.000000000000000000e+00,1.349951999999999937e-06,0.000000000000000000e+00
9.135879755863983576e+01,2.054866162024413541e+02,0.000000000000000000e+00,1.328997000000000025e-06,0.000000000000000000e+00
9.177076854242319826e+01,2.054862042314575774e+02,0.000000000000000000e+00,1.369844999999999969e-06,0.000000000000000000e+00
9.218111542157369342e+01,2.054857938845784417e+02,0.000000000000000000e+00,1.367400000000000029e-06,0.000000000000000000e+00
9.260557009234240411e+01,2.054853694299076494e+02,0.000000000000000000e+00,1.341832000000000047e-06,0.000000000000000000e+00
9.303635928190669802e+01,2.054849386407180987e+02,0.000000000000000000e+00,1.329055999999999960e-06,0.000000000000000000e+00
9.343858748615186016e+01,2.054845364125138474e+02,0.000000000000000000e+00,1.339066999999999956e-06,0.000000000000000000e+00
9.384733501054975591e+01,2.054841276649894439e+02,0.000000000000000000e+00,1.333988999999999968e-06,0.000000000000000000e+00
9.428331679989589986e+01,2.054836916832001066e+02,0.000000000000000000e+00,1.321458999999999895e-06,0.000000000000000000e+00
9.466842305567001858e+01,2.054833065769443294e+02,0.000000000000000000e+00,1.337045000000000046e-06,0.000000000000000000e+00
9.510890261351651986e+01,2.054828660973864771e+02,0.000000000000000000e+00,1.367240000000000059e-06,0.000000000000000000e+00
9.553253199914351512e+01,2.054824424680008690e+02,0.000000000000000000e+00,1.458086999999999919e-06,0.000000000000000000e+00
9.593790800243499461e+01,2.054820370919975687e+02,0.000000000000000000e+00,1.451801000000000044e-06,0.000000000000000000e+00
9.635588955236411834e+01,2.054816191104476388e+02,0.000000000000000000e+00,1.372158000000000077e-06,0.000000000000000000e+00
9.678317808736215966e+01,2.054811918219126312e+02,0.000000000000000000e+00,1.354491999999999897e-06,0.000000000000000000e+00
9.719051883378723744e+01,2.054807844811662108e+02,0.000000000000000000e+00,1.438441999999999958e-06,0.000000000000000000e+00
9.760236518848256537e+01,2.054803726348115163e+02,0.000000000000000000e+00,1.415203000000000103e-06,0.000000000000000000e+00
9.804634861304243998e+01,2.054799286513869561e+02,0.000000000000000000e+00,1.337146000000000081e-06,0.000000000000000000e+00
9.847211276719592377e+01,2.054795028872327975e+02,0.000000000000000000e+00,1.382562999999999937e-06,0.000000000000000000e+00
9.887359380366895323e+01,2.054791014061963210e+02,0.000000000000000000e+00,1.461739999999999959e-06,0.000000000000000000e+00
9.927470675622231511e+01,2.054787002932437758e+02,0.000000000000000000e+00,1.462044999999999908e-06,0.000000000000000000e+00
9.972104925954199928e+01,2.054782539507404522e+02,0.000000000000000000e+00,1.457941999999999940e-06,0.000000000000000000e+00
1.001543788028019151e+02,2.054778206211971963e+02,0.000000000000000000e+00,1.443680999999999942e-06,0.000000000000000000e+00
1.005781797144504424e+02,2.054773968202855485e+02,0.000000000000000000e+00,1.501918000000000042e-06,0.000000000000000000e+00
1.009917036350624215e+02,2.054769832963649492e+02,0.000000000000000000e+00,1.579609999999999942e-06,0.000000000000000000e+00
1.014070222289606988e+02,2.054765679777710545e+02,0.000000000000000000e+00,1.591805000000000085e-06,0.000000000000000000e+00
1.018149374315227220e+02,2.054761600625684821e+02,0.000000000000000000e+00,1.495995000000000023e-06,0.000000000000000000e+00
1.022172137365430444e+02,2.054757577862634719e+02,0.000000000000000000e+00,1.516149000000000059e-06,0.000000000000000000e+00
1.026356020639726552e+02,2.054753393979360396e+02,0.000000000000000000e+00,1.553911999999999972e-06,0.000000000000000000e+00
1.030560823796491263e+02,2.054749189176203572e+02,0.000000000000000000e+00,1.524545999999999972e-06,0.000000000000000000e+00
1.034609333134855262e+02,2.054745140666865098e+02,0.000000000000000000e+00,1.491090999999999968e-06,0.000000000000000000e+00
1.038724391312322837e+02,2.054741025608687721e+02,0.000000000000000000e+00,1.476612000000000094e-06,0.000000000000000000e+00
1.043091694870583837e+02,2.054736658305129424e+02,0.000000000000000000e+00,1.434818999999999899e-06,0.000000000000000000e+00
1.047116197581540860e+02,2.054732633802418604e+02,0.000000000000000000e+00,1.497886999999999945e-06,0.000000000000000000e+00
1.051315514385496215e+02,2.054728434485614628e+02,0.000000000000000000e+00,1.543623999999999953e-06,0.000000000000000000e+00
1.055731518244236753e+02,2.054724018481755650e+02,0.000000000000000000e+00,1.519917999999999912e-06,0.000000000000000000e+00
1.059585127450010731e+02,2.054720164872549901e+02,0.000000000000000000e+00,1.500418999999999957e-06,0.000000000000000000e+00
1.063923979448140358e+02,2.054715826020551788e+02,0.000000000000000000e+00,1.491891000000000028e-06,0.000000000000000000e+00
1.068076609511490460e+02,2.054711673390488613e+02,0.000000000000000000e+00,1.588501999999999966e-06,0.000000000000000000e+00
1.072276932209667990e+02,2.054707473067790318e+02,0.000000000000000000e+00,1.522973999999999989e-06,0.000000000000000000e+00
1.076740808862806773e+02,2.054703009191137255e+02,0.000000000000000000e+00,1.524589999999999916e-06,0.000000000000000000e+00
1.080727713969465640e+02,2.054699022286030470e+02,0.000000000000000000e+00,1.519030999999999992e-06,0.000000000000000000e+00
1.084963408170237216e+02,2.054694786591829825e+02,0.000000000000000000e+00,1.526524999999999966e-06,0.000000000000000000e+00
1.089392882059002829e+02,2.054690357117941062e+02,0.000000000000000000e+00,1.614259000000000082e-06,0.000000000000000000e+00
1.093437107070745640e+02,2.054686312892929152e+02,0.000000000000000000e+00,1.694163000000000054e-06,0.000000000000000000e+00
1.097433129170091064e+02,2.054682316870830050e+02,0.000000000000000000e+00,1.647509999999999961e-06,0.000000000000000000e+00
1.101743241667063984e+02,2.054678006758333026e+02,0.000000000000000000e+00,1.533961000000000034e-06,0.000000000000000000e+00
1.105828227919585629e+02,2.054673921772080405e+02,0.000000000000000000e+00,1.596462000000000098e-06,0.000000000000000000e+00
1.110139704039383162e+02,2.054669610295960638e+02,0.000000000000000000e+00,1.657056000000000038e-06,0.000000000000000000e+00
1.114142598390228613e+02,2.054665607401609861e+02,0.000000000000000000e+00,1.745808000000000091e-06,0.000000000000000000e+00
1.118199469472791634e+02,2.054661550530527165e+02,0.000000000000000000e+00,1.774169999999999905e-06,0.000000000000000000e+00
1.122606337718563623e+02,2.054657143662281555e+02,0.000000000000000000e+00,1.745050999999999947e-06,0.000000000000000000e+00
1.126605128721581934e+02,2.054653144871278414e+02,0.000000000000000000e+00,1.692228000000000004e-06,0.000000000000000000e+00
1.130842307295498586e+02,2.054648907692704540e+02,0.000000000000000000e+00,1.674211999999999904e-06,0.000000000000000000e+00
1.134845209471059064e+02,2.054644904790528983e+02,0.000000000000000000e+00,1.745546000000000058e-06,0.000000000000000000e+00
1.139067099127364742e+02,2.054640682900872548e+02,0.000000000000000000e+00,1.667023999999999906e-06,0.000000000000000000e+00
1.143395867761550164e+02,2.054636354132238409e+02,0.000000000000000000e+00,1.625332999999999986e-06,0.000000000000000000e+00
1.147327089353107255e+02,2.054632422910646881e+02,0.000000000000000000e+00,1.560329000000000075e-06,0.000000000000000000e+00
1.151618257245675352e+02,2.054628131742754249e+02,0.000000000000000000e+00,1.595151999999999936e-06,0.000000000000000000e+00
1.155925283966081594e+02,2.054623824716034051e+02,0.000000000000000000e+00,1.690393999999999989e-06,0.000000000000000000e+00
1.160005898333550363e+02,2.054619744101666470e+02,0.000000000000000000e+00,1.687949000000000049e-06,0.000000000000000000e+00
1.164160161475787589e+02,2.054615589838524272e+02,0.000000000000000000e+00,1.695444000000000051e-06,0.000000000000000000e+00
1.168481095331472801e+02,2.054611268904668577e+02,0.000000000000000000e+00,1.586857000000000086e-06,0.000000000000000000e+00
1.172266053056080040e+02,2.054607483946944058e+02,0.000000000000000000e+00,1.695269000000000091e-06,0.000000000000000000e+00
1.176710144471407062e+02,2.054603039855528550e+02,0.000000000000000000e+00,1.721447999999999997e-06,0.000000000000000000e+00
1.181094386595823238e+02,2.054598655613404219e+02,0.000000000000000000e+00,1.691004999999999914e-06,0.000000000000000000e+00
1.184947926784831935e+02,2.054594802073215192e+02,0.000000000000000000e+00,1.675537000000000057e-06,0.000000000000000000e+00
1.189373324042727944e+02,2.054590376675957373e+02,0.000000000000000000e+00,1.645065000000000020e-06,0.000000000000000000e+00
1.193525120292628401e+02,2.054586224879707288e+02,0.000000000000000000e+00,1.738691999999999963e-06,0.000000000000000000e+00
1.197912792076146786e+02,2.054581837207923911e+02,0.000000000000000000e+00,1.733889999999999970e-06,0.000000000000000000e+00
1.202149970650063153e+02,2.054577600029350037e+02,0.000000000000000000e+00,1.649270000000000050e-06,0.000000000000000000e+00
1.206137893690212195e+02,2.054573612106309781e+02,0.000000000000000000e+00,1.647175000000000031e-06,0.000000000000000000e+00
1.210566887286764626e+02,2.054569183112713233e+02,0.000000000000000000e+00,1.605105000000000025e-06,0.000000000000000000e+00
1.214612000694672957e+02,2.054565137999305477e+02,0.000000000000000000e+00,1.613064999999999946e-06,0.000000000000000000e+00
1.218720195157844444e+02,2.054561029804842178e+02,0.000000000000000000e+00,1.676395000000000024e-06,0.000000000000000000e+00
1.222837292813282772e+02,2.054556912707186598e+02,0.000000000000000000e+00,1.627152000000000011e-06,0.000000000000000000e+00
1.226885919888961070e+02,2.054552864080111192e+02,0.000000000000000000e+00,1.679596999999999896e-06,0.000000000000000000e+00
1.231194734712324816e+02,2.054548555265287746e+02,0.000000000000000000e+00,1.578751999999999975e-06,0.000000000000000000e+00
1.235273702916874470e+02,2.054544476297083122e+02,0.000000000000000000e+00,1.649270000000000050e-06,0.000000000000000000e+00
1.239486389914915065e+02,2.054540263610085162e+02,0.000000000000000000e+00,1.620850999999999933e-06,0.000000000000000000e+00
1.243775150446564766e+02,2.054535974849553384e+02,0.000000000000000000e+00,1.500884999999999903e-06,0.000000000000000000e+00
1.247763854336219822e+02,2.054531986145663893e+02,0.000000000000000000e+00,1.436230000000000096e-06,0.000000000000000000e+00
1.252002646494317162e+02,2.054527747353505731e+02,0.000000000000000000e+00,1.580759999999999922e-06,0.000000000000000000e+00
1.255997961111667536e+02,2.054523752038888347e+02,0.000000000000000000e+00,1.524851999999999948e-06,0.000000000000000000e+00
1.260444852169764403e+02,2.054519305147830153e+02,0.000000000000000000e+00,1.287903000000000068e-06,0.000000000000000000e+00
1.264698630659209613e+02,2.054515051369340881e+02,0.000000000000000000e+00,8.824427000000000063e-07,0.000000000000000000e+00
1.268851949129270764e+02,2.054510898050870651e+02,0.000000000000000000e+00,6.295159000000000446e-07,0.000000000000000000e+00
1.272288867124916862e+02,2.054507461132875221e+02,0.000000000000000000e+00,4.366592999999999957e-07,0.000000000000000000e+00
1.277193807381679420e+02,2.054502556192618385e+02,0.000000000000000000e+00,3.057066000000000039e-07,0.000000000000000000e+00
1.281429227647606126e+02,2.054498320772352429e+02,0.000000000000000000e+00,1.677253999999999965e-07,0.000000000000000000e+00
1.285835204136314189e+02,2.054493914795863816e+02,0.000000000000000000e+00,8.389179000000000029e-08,0.000000000000000000e+00
1.289910644185413844e+02,2.054489839355814524e+02,0.000000000000000000e+00,5.541369000000000285e-08,0.000000000000000000e+00
1.294053906174357849e+02,2.054485696093825595e+02,0.000000000000000000e+00,3.491003999999999911e-08,0.000000000000000000e+00
1.298136941140771512e+02,2.054481613058859182e+02,0.000000000000000000e+00,4.544563000000000326e-08,0.000000000000000000e+00
1.302160105189651063e+02,2.054477589894810308e+02,0.000000000000000000e+00,5.577749000000000112e-08,0.000000000000000000e+00
1.306469598428072629e+02,2.054473280401572026e+02,0.000000000000000000e+00,2.839223999999999881e-07,0.000000000000000000e+00
1.310714113105642014e+02,2.054469035886894517e+02,0.000000000000000000e+00,2.840387999999999824e-07,0.000000000000000000e+00
1.314827887752332458e+02,2.054464922112247791e+02,0.000000000000000000e+00,3.936147999999999837e-07,0.000000000000000000e+00
1.318941634247050558e+02,2.054460808365753053e+02,0.000000000000000000e+00,1.694497999999999984e-06,0.000000000000000000e+00
1.323073698903122590e+02,2.054456676301096820e+02,0.000000000000000000e+00,1.606051000000000092e-06,0.000000000000000000e+00
1.327307475092135576e+02,2.054452442524907951e+02,0.000000000000000000e+00,1.689099000000000029e-06,0.000000000000000000e+00
1.331301552094276985e+02,2.054448448447905662e+02,0.000000000000000000e+00,1.673047999999999961e-06,0.000000000000000000e+00
1.335719760577736395e+02,2.054444030239422148e+02,0.000000000000000000e+00,1.602544000000000059e-06,0.000000000000000000e+00
1.340026120589436971e+02,2.054439723879410451e+02,0.000000000000000000e+00,1.543783999999999922e-06,0.000000000000000000e+00
1.343905842461113025e+02,2.054435844157538895e+02,0.000000000000000000e+00,1.760009999999999942e-06,0.000000000000000000e+00
1.348064118260132034e+02,2.054431685881739895e+02,0.000000000000000000e+00,1.764565000000000105e-06,0.000000000000000000e+00
1.352080150034591099e+02,2.054427669849965525e+02,0.000000000000000000e+00,1.750464000000000076e-06,0.000000000000000000e+00
1.356350791639305271e+02,2.054423399208360763e+02,0.000000000000000000e+00,1.732406000000000088e-06,0.000000000000000000e+00
1.360721241957107850e+02,2.054419028758042884e+02,0.000000000000000000e+00,1.767607000000000007e-06,0.000000000000000000e+00
1.364737424336925926e+02,2.054415012575663013e+02,0.000000000000000000e+00,1.837644999999999962e-06,0.000000000000000000e+00
1.368834543868112235e+02,2.054410915456132045e+02,0.000000000000000000e+00,1.785796000000000012e-06,0.000000000000000000e+00
1.373222711473467541e+02,2.054406527288526547e+02,0.000000000000000000e+00,1.755019000000000027e-06,0.000000000000000000e+00
1.377544828720261876e+02,2.054402205171279832e+02,0.000000000000000000e+00,1.720181999999999991e-06,0.000000000000000000e+00
1.381399074914011464e+02,2.054398350925085879e+02,0.000000000000000000e+00,1.737687999999999989e-06,0.000000000000000000e+00
1.385774663456666360e+02,2.054393975336543292e+02,0.000000000000000000e+00,1.694454000000000040e-06,0.000000000000000000e+00
1.390237133504803637e+02,2.054389512866495124e+02,0.000000000000000000e+00,1.862005000000000056e-06,0.000000000000000000e+00
1.394442527564874013e+02,2.054385307472435045e+02,0.000000000000000000e+00,1.758045999999999939e-06,0.000000000000000000e+00
1.398487950182017698e+02,2.054381262049818133e+02,0.000000000000000000e+00,1.728679999999999939e-06,0.000000000000000000e+00
1.402478467668285873e+02,2.054377271532331690e+02,0.000000000000000000e+00,1.685388000000000083e-06,0.000000000000000000e+00
1.406789315330398438e+02,2.054372960684669636e+02,0.000000000000000000e+00,1.721564000000000023e-06,0.000000000000000000e+00
1.411009543677786269e+02,2.054368740456322371e+02,0.000000000000000000e+00,1.728360000000000000e-06,0.000000000000000000e+00
1.415182419777931955e+02,2.054364567580222172e+02,0.000000000000000000e+00,1.718887000000000031e-06,0.000000000000000000e+00
1.419379206671084432e+02,2.054360370793328912e+02,0.000000000000000000e+00,1.705208000000000005e-06,0.000000000000000000e+00
1.423571330457374700e+02,2.054356178669542601e+02,0.000000000000000000e+00,1.634965999999999925e-06,0.000000000000000000e+00
1.427668886503816736e+02,2.054352081113496240e+02,0.000000000000000000e+00,1.710620999999999923e-06,0.000000000000000000e+00
1.431590659501411551e+02,2.054348159340498512e+02,0.000000000000000000e+00,1.628606999999999940e-06,0.000000000000000000e+00
1.435899745444309303e+02,2.054343850254555832e+02,0.000000000000000000e+00,1.660548000000000080e-06,0.000000000000000000e+00
1.440353800389494836e+02,2.054339396199610519e+02,0.000000000000000000e+00,1.685999000000000008e-06,0.000000000000000000e+00
1.444208464337265809e+02,2.054335541535662628e+02,0.000000000000000000e+00,1.608830999999999962e-06,0.000000000000000000e+00
1.448461633660773487e+02,2.054331288366339265e+02,0.000000000000000000e+00,1.624662999999999915e-06,0.000000000000000000e+00
1.452602456070039807e+02,2.054327147543930039e+02,0.000000000000000000e+00,1.692184000000000060e-06,0.000000000000000000e+00
1.456671936698835736e+02,2.054323078063301296e+02,0.000000000000000000e+00,1.660126000000000078e-06,0.000000000000000000e+00
1.460976818144043818e+02,2.054318773181855988e+02,0.000000000000000000e+00,1.601555000000000076e-06,0.000000000000000000e+00
1.465311180575872356e+02,2.054314438819424140e+02,0.000000000000000000e+00,1.508379000000000089e-06,0.000000000000000000e+00
1.469361913240658453e+02,2.054310388086759360e+02,0.000000000000000000e+00,1.665320999999999907e-06,0.000000000000000000e+00
1.473373642566861861e+02,2.054306376357433237e+02,0.000000000000000000e+00,1.663080000000000093e-06,0.000000000000000000e+00
1.477808293103612982e+02,2.054301941706896457e+02,0.000000000000000000e+00,1.655803999999999995e-06,0.000000000000000000e+00
1.482061949712650062e+02,2.054297688050287434e+02,0.000000000000000000e+00,1.595311999999999906e-06,0.000000000000000000e+00
1.486369386803148984e+02,2.054293380613196973e+02,0.000000000000000000e+00,1.505074999999999943e-06,0.000000000000000000e+00
1.490450629033419432e+02,2.054289299370966546e+02,0.000000000000000000e+00,1.350359999999999977e-06,0.000000000000000000e+00
1.494706525117819922e+02,2.054285043474882286e+02,0.000000000000000000e+00,1.610663999999999950e-06,0.000000000000000000e+00
1.498725577751908418e+02,2.054281024422247981e+02,0.000000000000000000e+00,1.718056999999999990e-06,0.000000000000000000e+00
1.502734966448432203e+02,2.054277015033551663e+02,0.000000000000000000e+00,1.624633999999999961e-06,0.000000000000000000e+00
1.507202155788067444e+02,2.054272547844211942e+02,0.000000000000000000e+00,1.596286999999999926e-06,0.000000000000000000e+00
1.511188327824614248e+02,2.054268561672175508e+02,0.000000000000000000e+00,1.624488999999999982e-06,0.000000000000000000e+00
1.515427306847328168e+02,2.054264322693152565e+02,0.000000000000000000e+00,1.568260000000000042e-06,0.000000000000000000e+00
1.519466982594175022e+02,2.054260283017405868e+02,0.000000000000000000e+00,1.585241999999999975e-06,0.000000000000000000e+00
1.523777414156649002e+02,2.054255972585843324e+02,0.000000000000000000e+00,1.543870999999999995e-06,0.000000000000000000e+00
1.527934155623177617e+02,2.054251815844376949e+02,0.000000000000000000e+00,1.507214999999999934e-06,0.000000000000000000e+00
1.531983264347964280e+02,2.054247766735652192e+02,0.000000000000000000e+00,1.525302999999999904e-06,0.000000000000000000e+00
1.536245104662762913e+02,2.054243504895337367e+02,0.000000000000000000e+00,1.491236999999999975e-06,0.000000000000000000e+00
1.540508178152035441e+02,2.054239241821848054e+02,0.000000000000000000e+00,1.508887999999999952e-06,0.000000000000000000e+00
1.544551044062872620e+02,2.054235198955937278e+02,0.000000000000000000e+00,1.435211999999999948e-06,0.000000000000000000e+00
1.548709021210273704e+02,2.054231040978789622e+02,0.000000000000000000e+00,1.483946000000000098e-06,0.000000000000000000e+00
1.552827538255725131e+02,2.054226922461744209e+02,0.000000000000000000e+00,1.441264999999999956e-06,0.000000000000000000e+00
1.556879051489048038e+02,2.054222870948511002e+02,0.000000000000000000e+00,1.463572999999999946e-06,0.000000000000000000e+00
1.561305655367733038e+02,2.054218444344632246e+02,0.000000000000000000e+00,1.452964999999999988e-06,0.000000000000000000e+00
1.565498714590444820e+02,2.054214251285409603e+02,0.000000000000000000e+00,1.471343999999999943e-06,0.000000000000000000e+00
1.569538511426322316e+02,2.054210211488573634e+02,0.000000000000000000e+00,1.501889000000000089e-06,0.000000000000000000e+00
1.573919038452037000e+02,2.054205830961547861e+02,0.000000000000000000e+00,1.518390000000000086e-06,0.000000000000000000e+00
1.577966925354904504e+02,2.054201783074645107e+02,0.000000000000000000e+00,1.445834999999999897e-06,0.000000000000000000e+00
1.582003495396946562e+02,2.054197746504603117e+02,0.000000000000000000e+00,1.444743000000000035e-06,0.000000000000000000e+00
1.586357196493677861e+02,2.054193392803506413e+02,0.000000000000000000e+00,1.462802000000000051e-06,0.000000000000000000e+00
1.590662132155884763e+02,2.054189087867844137e+02,0.000000000000000000e+00,1.514054000000000039e-06,0.000000000000000000e+00
1.594963575190839720e+02,2.054184786424809204e+02,0.000000000000000000e+00,1.496998999999999997e-06,0.000000000000000000e+00
1.599393777757044006e+02,2.054180356222242949e+02,0.000000000000000000e+00,1.461711000000000005e-06,0.000000000000000000e+00
1.603190877282378040e+02,2.054176559122717549e+02,0.000000000000000000e+00,1.442268999999999930e-06,0.000000000000000000e+00
1.607428556143037781e+02,2.054172321443857072e+02,0.000000000000000000e+00,1.493797999999999941e-06,0.000000000000000000e+00
1.611744497061068842e+02,2.054168005502938854e+02,0.000000000000000000e+00,1.458888000000000007e-06,0.000000000000000000e+00
1.615825112810236419e+02,2.054163924887189694e+02,0.000000000000000000e+00,1.348685999999999931e-06,0.000000000000000000e+00
1.620133041028821594e+02,2.054159616958971242e+02,0.000000000000000000e+00,1.436289000000000031e-06,0.000000000000000000e+00
1.624136230603053548e+02,2.054155613769397064e+02,0.000000000000000000e+00,1.451844999999999988e-06,0.000000000000000000e+00
1.628195150617859781e+02,2.054151554849382251e+02,0.000000000000000000e+00,1.491381999999999954e-06,0.000000000000000000e+00
1.632178590751247498e+02,2.054147571409248769e+02,0.000000000000000000e+00,1.435225999999999911e-06,0.000000000000000000e+00
1.636459361635665175e+02,2.054143290638364476e+02,0.000000000000000000e+00,1.477078000000000040e-06,0.000000000000000000e+00
1.640846675067630258e+02,2.054138903324932528e+02,0.000000000000000000e+00,1.568594999999999972e-06,0.000000000000000000e+00
1.644851681592678574e+02,2.054134898318407352e+02,0.000000000000000000e+00,1.508801000000000091e-06,0.000000000000000000e+00
1.648971139464044313e+02,2.054130778860535997e+02,0.000000000000000000e+00,1.522363000000000064e-06,0.000000000000000000e+00
1.653236722472294957e+02,2.054126513277527692e+02,0.000000000000000000e+00,1.451276999999999980e-06,0.000000000000000000e+00
1.657298374346104310e+02,2.054122451625653980e+02,0.000000000000000000e+00,1.511419999999999964e-06,0.000000000000000000e+00
1.661536558303394600e+02,2.054118213441696525e+02,0.000000000000000000e+00,1.425723999999999989e-06,0.000000000000000000e+00
1.665932699687716649e+02,2.054113817300312235e+02,0.000000000000000000e+00,1.427063000000000104e-06,0.000000000000000000e+00
1.670220302277001281e+02,2.054109529697722962e+02,0.000000000000000000e+00,1.452237000000000009e-06,0.000000000000000000e+00
1.674170039193150785e+02,2.054105579960806836e+02,0.000000000000000000e+00,1.484454999999999961e-06,0.000000000000000000e+00
1.678325859103559594e+02,2.054101424140896484e+02,0.000000000000000000e+00,1.416017999999999942e-06,0.000000000000000000e+00
1.682754050804993824e+02,2.054096995949195161e+02,0.000000000000000000e+00,1.392662000000000033e-06,0.000000000000000000e+00
1.687013704020298803e+02,2.054092736295979762e+02,0.000000000000000000e+00,1.349384999999999956e-06,0.000000000000000000e+00
1.690951495442162127e+02,2.054088798504557758e+02,0.000000000000000000e+00,1.376146000000000046e-06,0.000000000000000000e+00
1.695400564120491822e+02,2.054084349435879631e+02,0.000000000000000000e+00,1.403954000000000026e-06,0.000000000000000000e+00
1.699427293811398272e+02,2.054080322706188610e+02,0.000000000000000000e+00,1.365463999999999951e-06,0.000000000000000000e+00
1.703517254511622809e+02,2.054076232745488539e+02,0.000000000000000000e+00,1.356806000000000033e-06,0.000000000000000000e+00
1.707674393223070410e+02,2.054072075606777048e+02,0.000000000000000000e+00,1.318142000000000025e-06,0.000000000000000000e+00
1.711789646677136716e+02,2.054067960353322917e+02,0.000000000000000000e+00,1.314882000000000034e-06,0.000000000000000000e+00
1.716030458169200585e+02,2.054063719541830721e+02,0.000000000000000000e+00,1.254956999999999926e-06,0.000000000000000000e+00
1.720310570569548645e+02,2.054059439429430540e+02,0.000000000000000000e+00,1.266468000000000035e-06,0.000000000000000000e+00
1.724292343278818862e+02,2.054055457656721160e+02,0.000000000000000000e+00,1.364140000000000038e-06,0.000000000000000000e+00
1.728603040790095235e+02,2.054051146959209859e+02,0.000000000000000000e+00,1.401859000000000006e-06,0.000000000000000000e+00
1.732368090771524578e+02,2.054047381909228420e+02,0.000000000000000000e+00,1.409396999999999925e-06,0.000000000000000000e+00
1.736832100992366463e+02,2.054042917899007534e+02,0.000000000000000000e+00,1.400024999999999991e-06,0.000000000000000000e+00
1.741101493376804115e+02,2.054038648506623304e+02,0.000000000000000000e+00,1.387742999999999988e-06,0.000000000000000000e+00
1.745060248032634433e+02,2.054034689751967449e+02,0.000000000000000000e+00,1.323685999999999959e-06,0.000000000000000000e+00
1.749495703379983240e+02,2.054030254296619944e+02,0.000000000000000000e+00,1.522814000000000020e-06,0.000000000000000000e+00
1.753535796258498465e+02,2.054026214203741461e+02,0.000000000000000000e+00,1.510765000000000095e-06,0.000000000000000000e+00
1.757526354846131369e+02,2.054022223645153815e+02,0.000000000000000000e+00,1.491818999999999946e-06,0.000000000000000000e+00
1.761831313783561086e+02,2.054017918686216433e+02,0.000000000000000000e+00,1.544540000000000038e-06,0.000000000000000000e+00
1.766043608223764068e+02,2.054013706391776282e+02,0.000000000000000000e+00,1.527471000000000033e-06,0.000000000000000000e+00
1.770238006597485594e+02,2.054009511993402555e+02,0.000000000000000000e+00,1.544424000000000013e-06,0.000000000000000000e+00
1.774476686031632369e+02,2.054005273313968303e+02,0.000000000000000000e+00,1.575550000000000102e-06,0.000000000000000000e+00
1.778607777316475449e+02,2.054001142222683427e+02,0.000000000000000000e+00,1.596548999999999958e-06,0.000000000000000000e+00
1.782709542090221646e+02,2.053997040457909691e+02,0.000000000000000000e+00,1.584412999999999961e-06,0.000000000000000000e+00
1.786949472241227284e+02,2.053992800527758789e+02,0.000000000000000000e+00,1.536624000000000062e-06,0.000000000000000000e+00
1.791306449373034582e+02,2.053988443550626926e+02,0.000000000000000000e+00,1.510503000000000063e-06,0.000000000000000000e+00
1.795613431658389629e+02,2.053984136568341512e+02,0.000000000000000000e+00,1.518768999999999959e-06,0.000000000000000000e+00
1.799903775720950136e+02,2.053979846224279129e+02,0.000000000000000000e+00,1.530876000000000003e-06,0.000000000000000000e+00
1.803778538951943915e+02,2.053975971461048005e+02,0.000000000000000000e+00,1.597377999999999972e-06,0.000000000000000000e+00
1.808212011471890435e+02,2.053971537988528269e+02,0.000000000000000000e+00,1.508916999999999905e-06,0.000000000000000000e+00
1.812391808344212905e+02,2.053967358191655705e+02,0.000000000000000000e+00,1.496358999999999906e-06,0.000000000000000000e+00
1.816347255389391933e+02,2.053963402744610676e+02,0.000000000000000000e+00,1.485518000000000081e-06,0.000000000000000000e+00
1.820743696628063617e+02,2.053959006303371950e+02,0.000000000000000000e+00,1.467182000000000042e-06,0.000000000000000000e+00
1.824803976893129516e+02,2.053954946023106913e+02,0.000000000000000000e+00,1.397798999999999956e-06,0.000000000000000000e+00
1.828935720917115191e+02,2.053950814279082806e+02,0.000000000000000000e+00,1.386360999999999956e-06,0.000000000000000000e+00
1.832812855607920142e+02,2.053946937144391995e+02,0.000000000000000000e+00,1.489533999999999976e-06,0.000000000000000000e+00
1.837060862505204852e+02,2.053942689137494710e+02,0.000000000000000000e+00,1.492619000000000007e-06,0.000000000000000000e+00
1.841497990558935101e+02,2.053938252009441214e+02,0.000000000000000000e+00,1.504421000000000101e-06,0.000000000000000000e+00
1.845488415032801299e+02,2.053934261584967089e+02,0.000000000000000000e+00,1.483872999999999989e-06,0.000000000000000000e+00
1.849726791202290315e+02,2.053930023208797593e+02,0.000000000000000000e+00,1.466615000000000060e-06,0.000000000000000000e+00
1.853576684895168114e+02,2.053926173315104791e+02,0.000000000000000000e+00,1.480511999999999963e-06,0.000000000000000000e+00
1.857958939003816852e+02,2.053921791060996327e+02,0.000000000000000000e+00,1.459732000000000011e-06,0.000000000000000000e+00
1.862200321324459082e+02,2.053917549678675698e+02,0.000000000000000000e+00,1.371736000000000075e-06,0.000000000000000000e+00
1.866606129053983523e+02,2.053913143870946101e+02,0.000000000000000000e+00,1.331048999999999917e-06,0.000000000000000000e+00
1.870549910480461904e+02,2.053909200089519516e+02,0.000000000000000000e+00,1.378764999999999919e-06,0.000000000000000000e+00
1.874789082114504026e+02,2.053904960917885489e+02,0.000000000000000000e+00,1.411040999999999989e-06,0.000000000000000000e+00
1.879195844113764906e+02,2.053900554155886198e+02,0.000000000000000000e+00,1.368883999999999911e-06,0.000000000000000000e+00
1.883351875696450861e+02,2.053896398124303460e+02,0.000000000000000000e+00,1.367748999999999921e-06,0.000000000000000000e+00
1.887296133781285334e+02,2.053892453866218659e+02,0.000000000000000000e+00,1.327352999999999961e-06,0.000000000000000000e+00
1.891585037177246136e+02,2.053888164962822884e+02,0.000000000000000000e+00,1.377513000000000087e-06,0.000000000000000000e+00
1.896002468478237120e+02,2.053883747531521919e+02,0.000000000000000000e+00,1.298627000000000052e-06,0.000000000000000000e+00
1.900082174889612077e+02,2.053879667825110289e+02,0.000000000000000000e+00,1.263354000000000051e-06,0.000000000000000000e+00
1.904251482824427910e+02,2.053875498517175515e+02,0.000000000000000000e+00,1.230059000000000017e-06,0.000000000000000000e+00
1.908315492228344681e+02,2.053871434507771596e+02,0.000000000000000000e+00,1.259307999999999963e-06,0.000000000000000000e+00
1.912320604787577736e+02,2.053867429395212412e+02,0.000000000000000000e+00,1.285006999999999960e-06,0.000000000000000000e+00
1.916628951488364976e+02,2.053863121048511573e+02,0.000000000000000000e+00,1.352149000000000020e-06,0.000000000000000000e+00
1.920739921514298771e+02,2.053859010078485596e+02,0.000000000000000000e+00,1.308609999999999910e-06,0.000000000000000000e+00
1.925123829701149134e+02,2.053854626170299014e+02,0.000000000000000000e+00,1.288878000000000088e-06,0.000000000000000000e+00
1.929128406282442825e+02,2.053850621593717563e+02,0.000000000000000000e+00,1.341176999999999966e-06,0.000000000000000000e+00
1.933184511133140688e+02,2.053846565488866815e+02,0.000000000000000000e+00,1.178428999999999970e-06,0.000000000000000000e+00
1.937368171162629267e+02,2.053842381828837347e+02,0.000000000000000000e+00,1.285196000000000095e-06,0.000000000000000000e+00
1.941447373782044394e+02,2.053838302626217853e+02,0.000000000000000000e+00,1.280889000000000003e-06,0.000000000000000000e+00
1.945758269115829080e+02,2.053833991730884065e+02,0.000000000000000000e+00,1.262392999999999994e-06,0.000000000000000000e+00
1.950173849592505064e+02,2.053829576150407377e+02,0.000000000000000000e+00,1.322653000000000032e-06,0.000000000000000000e+00
1.954177867263358337e+02,2.053825572132736568e+02,0.000000000000000000e+00,1.240550999999999949e-06,0.000000000000000000e+00
1.958237523670580913e+02,2.053821512476329474e+02,0.000000000000000000e+00,1.249544000000000009e-06,0.000000000000000000e+00
1.962409095665148868e+02,2.053817340904334969e+02,0.000000000000000000e+00,1.206789999999999969e-06,0.000000000000000000e+00
1.966490166681269329e+02,2.053813259833318625e+02,0.000000000000000000e+00,1.178953000000000035e-06,0.000000000000000000e+00
1.970799405655794487e+02,2.053808950594344367e+02,0.000000000000000000e+00,1.257037999999999983e-06,0.000000000000000000e+00
1.975109861323045095e+02,2.053804640138677087e+02,0.000000000000000000e+00,1.135369999999999982e-06,0.000000000000000000e+00
1.979225429640974312e+02,2.053800524570359016e+02,0.000000000000000000e+00,1.050779000000000015e-06,0.000000000000000000e+00
1.983290903262471545e+02,2.053796459096737692e+02,0.000000000000000000e+00,1.094143999999999980e-06,0.000000000000000000e+00
1.987454747873004806e+02,2.053792295252127076e+02,0.000000000000000000e+00,1.286301999999999920e-06,0.000000000000000000e+00
1.991936905723896132e+02,2.053787813094276089e+02,0.000000000000000000e+00,1.218984999999999900e-06,0.000000000000000000e+00
1.996175613202919976e+02,2.053783574386797000e+02,0.000000000000000000e+00,1.116597999999999977e-06,0.000000000000000000e+00
2.000555641115639105e+02,2.053779194358884297e+02,0.000000000000000000e+00,1.341527000000000099e-06,0.000000000000000000e+00
2.004504976559608735e+02,2.053775245023440448e+02,0.000000000000000000e+00,1.334469000000000089e-06,0.000000000000000000e+00
2.008770677315775686e+02,2.053770979322684127e+02,0.000000000000000000e+00,1.352061999999999948e-06,0.000000000000000000e+00
2.012963495340041220e+02,2.053766786504660047e+02,0.000000000000000000e+00,1.248642000000000098e-06,0.000000000000000000e+00
2.016997470294616051e+02,2.053762752529705438e+02,0.000000000000000000e+00,1.343666000000000062e-06,0.000000000000000000e+00
2.021348575517675101e+02,2.053758401424482258e+02,0.000000000000000000e+00,1.369291999999999950e-06,0.000000000000000000e+00
2.025223376648855549e+02,2.053754526623351069e+02,0.000000000000000000e+00,1.392879999999999910e-06,0.000000000000000000e+00
2.029678062183582483e+02,2.053750071937816415e+02,0.000000000000000000e+00,1.415318999999999917e-06,0.000000000000000000e+00
2.033413149309513130e+02,2.053746336850690568e+02,0.000000000000000000e+00,1.351960000000000097e-06,0.000000000000000000e+00
2.037811320240457462e+02,2.053741938679759471e+02,0.000000000000000000e+00,1.311055000000000062e-06,0.000000000000000000e+00
2.041861765340157149e+02,2.053737888234659863e+02,0.000000000000000000e+00,1.377979000000000033e-06,0.000000000000000000e+00
2.046036119499033248e+02,2.053733713880500886e+02,0.000000000000000000e+00,1.384512999999999978e-06,0.000000000000000000e+00
2.050475275105723085e+02,2.053729274724894367e+02,0.000000000000000000e+00,1.394059000000000056e-06,0.000000000000000000e+00
2.054509428137404541e+02,2.053725240571862685e+02,0.000000000000000000e+00,1.424501999999999927e-06,0.000000000000000000e+00
2.058548657472786658e+02,2.053721201342527252e+02,0.000000000000000000e+00,1.543593999999999972e-06,0.000000000000000000e+00
2.062896642841541563e+02,2.053716853357158527e+02,0.000000000000000000e+00,1.529581000000000043e-06,0.000000000000000000e+00
2.067132234505432677e+02,2.053712617765494599e+02,0.000000000000000000e+00,1.273859999999999947e-06,0.000000000000000000e+00
2.071081128828454894e+02,2.053708668871171596e+02,0.000000000000000000e+00,1.374660999999999924e-06,0.000000000000000000e+00
2.075520501950034316e+02,2.053704229498050040e+02,0.000000000000000000e+00,1.403925000000000073e-06,0.000000000000000000e+00
2.079794374732154836e+02,2.053699955625267819e+02,0.000000000000000000e+00,1.359017999999999894e-06,0.000000000000000000e+00
2.083807644708240048e+02,2.053695942355291777e+02,0.000000000000000000e+00,1.401610999999999937e-06,0.000000000000000000e+00
2.087958189010523142e+02,2.053691791810989571e+02,0.000000000000000000e+00,1.277571000000000105e-06,0.000000000000000000e+00
2.092182089798963034e+02,2.053687567910201039e+02,0.000000000000000000e+00,1.297186999999999901e-06,0.000000000000000000e+00
2.096637482558267038e+02,2.053683112517441884e+02,0.000000000000000000e+00,1.326058000000000002e-06,0.000000000000000000e+00
2.100569913726442337e+02,2.053679180086273561e+02,0.000000000000000000e+00,1.280583000000000026e-06,0.000000000000000000e+00
2.104850928533940930e+02,2.053674899071466200e+02,0.000000000000000000e+00,1.286229000000000023e-06,0.000000000000000000e+00
2.108959957462644468e+02,2.053670790042537249e+02,0.000000000000000000e+00,1.278545999999999913e-06,0.000000000000000000e+00
2.112906310746988083e+02,2.053666843689252914e+02,0.000000000000000000e+00,1.275169999999999897e-06,0.000000000000000000e+00
2.117232362391619915e+02,2.053662517637608289e+02,0.000000000000000000e+00,1.327396999999999905e-06,0.000000000000000000e+00
2.121314059427034522e+02,2.053658435940573099e+02,0.000000000000000000e+00,1.201885999999999914e-06,0.000000000000000000e+00
2.125621269114961649e+02,2.053654128730885020e+02,0.000000000000000000e+00,1.170323000000000043e-06,0.000000000000000000e+00
2.129911473030985860e+02,2.053649838526968949e+02,0.000000000000000000e+00,1.163643999999999908e-06,0.000000000000000000e+00
2.133788361899914889e+02,2.053645961638100061e+02,0.000000000000000000e+00,1.200299999999999968e-06,0.000000000000000000e+00
2.138088527306608739e+02,2.053641661472693443e+02,0.000000000000000000e+00,1.156033000000000092e-06,0.000000000000000000e+00
2.142032180315729590e+02,2.053637717819684383e+02,0.000000000000000000e+00,1.120133999999999964e-06,0.000000000000000000e+00
2.146359643930516086e+02,2.053633390356069413e+02,0.000000000000000000e+00,1.202875999999999925e-06,0.000000000000000000e+00
2.150614825062521334e+02,2.053629135174937517e+02,0.000000000000000000e+00,1.069739999999999943e-06,0.000000000000000000e+00
2.154700461738761135e+02,2.053625049538261180e+02,0.000000000000000000e+00,1.082110000000000046e-06,0.000000000000000000e+00
2.158968838424580667e+02,2.053620781161575337e+02,0.000000000000000000e+00,1.283523000000000078e-06,0.000000000000000000e+00
2.163143250875496051e+02,2.053616606749124571e+02,0.000000000000000000e+00,1.279142000000000060e-06,0.000000000000000000e+00
2.167194499964216448e+02,2.053612555500035910e+02,0.000000000000000000e+00,1.217195000000000041e-06,0.000000000000000000e+00
2.171552747055988846e+02,2.053608197252943910e+02,0.000000000000000000e+00,1.056774999999999932e-06,0.000000000000000000e+00
2.175489232567661588e+02,2.053604260767432379e+02,0.000000000000000000e+00,1.106979000000000002e-06,0.000000000000000000e+00
2.179754210020409460e+02,2.053599995789979573e+02,0.000000000000000000e+00,1.133811999999999962e-06,0.000000000000000000e+00
2.184183624365159062e+02,2.053595566375634860e+02,0.000000000000000000e+00,1.111954999999999927e-06,0.000000000000000000e+00
2.188338265678540893e+02,2.053591411734321355e+02,0.000000000000000000e+00,1.259221000000000103e-06,0.000000000000000000e+00
2.192492796679317166e+02,2.053587257203320746e+02,0.000000000000000000e+00,1.220556000000000067e-06,0.000000000000000000e+00
2.196886091216921670e+02,2.053582863908783054e+02,0.000000000000000000e+00,1.176784000000000090e-06,0.000000000000000000e+00
2.200844130625253285e+02,2.053578905869374864e+02,0.000000000000000000e+00,1.134277999999999908e-06,0.000000000000000000e+00
2.205300458524864098e+02,2.053574449541475246e+02,0.000000000000000000e+00,1.174484999999999945e-06,0.000000000000000000e+00
2.209317427560771989e+02,2.053570432572439302e+02,0.000000000000000000e+00,1.199324999999999948e-06,0.000000000000000000e+00
2.213394624700611928e+02,2.053566355375299395e+02,0.000000000000000000e+00,1.231165000000000053e-06,0.000000000000000000e+00
2.217543279604952886e+02,2.053562206720395125e+02,0.000000000000000000e+00,1.228108999999999976e-06,0.000000000000000000e+00
2.221620414054781065e+02,2.053558129585945267e+02,0.000000000000000000e+00,1.202090000000000039e-06,0.000000000000000000e+00
2.226040175142590840e+02,2.053553709824857378e+02,0.000000000000000000e+00,1.220440000000000041e-06,0.000000000000000000e+00
2.230120507762572686e+02,2.053549629492237329e+02,0.000000000000000000e+00,1.213847999999999978e-06,0.000000000000000000e+00
2.234303041620059957e+02,2.053545446958380012e+02,0.000000000000000000e+00,1.236490999999999898e-06,0.000000000000000000e+00
2.238363473376750505e+02,2.053541386526623285e+02,0.000000000000000000e+00,1.185588000000000015e-06,0.000000000000000000e+00
2.242366952749669338e+02,2.053537383047250273e+02,0.000000000000000000e+00,1.157240999999999980e-06,0.000000000000000000e+00
2.246673880818026134e+02,2.053533076119182113e+02,0.000000000000000000e+00,1.282925999999999904e-06,0.000000000000000000e+00
2.250937973511283872e+02,2.053528812026488879e+02,0.000000000000000000e+00,1.255976000000000102e-06,0.000000000000000000e+00
2.255170351857731532e+02,2.053524579648142208e+02,0.000000000000000000e+00,1.221284000000000045e-06,0.000000000000000000e+00
2.259362634535478662e+02,2.053520387365464615e+02,0.000000000000000000e+00,1.243287000000000087e-06,0.000000000000000000e+00
2.263412234856747887e+02,2.053516337765143192e+02,0.000000000000000000e+00,1.296197000000000102e-06,0.000000000000000000e+00
2.267407188025416929e+02,2.053512342811974634e+02,0.000000000000000000e+00,1.365900999999999943e-06,0.000000000000000000e+00
2.271716444336492486e+02,2.053508033555663417e+02,0.000000000000000000e+00,1.441002999999999923e-06,0.000000000000000000e+00
2.276126745419847737e+02,2.053503623254580077e+02,0.000000000000000000e+00,1.384600000000000050e-06,0.000000000000000000e+00
2.280485423575944139e+02,2.053499264576423968e+02,0.000000000000000000e+00,1.329827000000000067e-06,0.000000000000000000e+00
2.284523271857908071e+02,2.053495226728142029e+02,0.000000000000000000e+00,1.266059999999999996e-06,0.000000000000000000e+00
2.288570553290924749e+02,2.053491179446709225e+02,0.000000000000000000e+00,1.361477000000000009e-06,0.000000000000000000e+00
2.293006277689718502e+02,2.053486743722310166e+02,0.000000000000000000e+00,1.512569999999999945e-06,0.000000000000000000e+00
2.297034476014472659e+02,2.053482715523985576e+02,0.000000000000000000e+00,1.524648000000000035e-06,0.000000000000000000e+00
2.301184562116462473e+02,2.053478565437883674e+02,0.000000000000000000e+00,1.614068999999999919e-06,0.000000000000000000e+00
2.305640626522035177e+02,2.053474109373478029e+02,0.000000000000000000e+00,1.570747999999999898e-06,0.000000000000000000e+00
2.309579199319887550e+02,2.053470170800680137e+02,0.000000000000000000e+00,1.489533999999999976e-06,0.000000000000000000e+00
2.313774306860373713e+02,2.053465975693139569e+02,0.000000000000000000e+00,1.488413999999999976e-06,0.000000000000000000e+00
2.317966112654406743e+02,2.053461783887345575e+02,0.000000000000000000e+00,1.545209999999999898e-06,0.000000000000000000e+00
2.322000099265727044e+02,2.053457749900734370e+02,0.000000000000000000e+00,1.492008000000000081e-06,0.000000000000000000e+00
2.326240673617749053e+02,2.053453509326382402e+02,0.000000000000000000e+00,1.600405000000000096e-06,0.000000000000000000e+00
2.330224754870228878e+02,2.053449525245129905e+02,0.000000000000000000e+00,1.619292999999999914e-06,0.000000000000000000e+00
2.334556540486437939e+02,2.053445193459513689e+02,0.000000000000000000e+00,1.631750000000000089e-06,0.000000000000000000e+00
2.338694795556616839e+02,2.053441055204443444e+02,0.000000000000000000e+00,1.763269999999999933e-06,0.000000000000000000e+00
2.342803376946565095e+02,2.053436946623053529e+02,0.000000000000000000e+00,1.713241000000000035e-06,0.000000000000000000e+00
2.347041253548987640e+02,2.053432708746450999e+02,0.000000000000000000e+00,1.716805999999999974e-06,0.000000000000000000e+00
2.351029927019251886e+02,2.053428720072980695e+02,0.000000000000000000e+00,1.711159999999999978e-06,0.000000000000000000e+00
2.355473056629437565e+02,2.053424276943370614e+02,0.000000000000000000e+00,1.619512000000000030e-06,0.000000000000000000e+00
2.359732765822731153e+02,2.053420017234177237e+02,0.000000000000000000e+00,1.585969999999999954e-06,0.000000000000000000e+00
2.363615738997590938e+02,2.053416134261002526e+02,0.000000000000000000e+00,1.537292999999999894e-06,0.000000000000000000e+00
2.367892965487847050e+02,2.053411857034512309e+02,0.000000000000000000e+00,1.593537000000000037e-06,0.000000000000000000e+00
2.372132317553781888e+02,2.053407617682446187e+02,0.000000000000000000e+00,1.791283000000000066e-06,0.000000000000000000e+00
2.376083712844294951e+02,2.053403666287155716e+02,0.000000000000000000e+00,1.704960999999999963e-06,0.000000000000000000e+00
2.380522418862719860e+02,2.053399227581137438e+02,0.000000000000000000e+00,1.598615000000000025e-06,0.000000000000000000e+00
2.384790707891960722e+02,2.053394959292108126e+02,0.000000000000000000e+00,1.638560000000000029e-06,0.000000000000000000e+00
2.389026294124842309e+02,2.053390723705875303e+02,0.000000000000000000e+00,1.523760000000000087e-06,0.000000000000000000e+00
2.393157624717557326e+02,2.053386592375282476e+02,0.000000000000000000e+00,1.742533999999999925e-06,0.000000000000000000e+00
2.397634791096074309e+02,2.053382115208903826e+02,0.000000000000000000e+00,1.798106999999999969e-06,0.000000000000000000e+00
2.401487496765630851e+02,2.053378262503234453e+02,0.000000000000000000e+00,1.784661000000000022e-06,0.000000000000000000e+00
2.405875679854958094e+02,2.053373874320145092e+02,0.000000000000000000e+00,1.771738999999999928e-06,0.000000000000000000e+00
2.409875951374045542e+02,2.053369874048626116e+02,0.000000000000000000e+00,1.565072999999999948e-06,0.000000000000000000e+00
2.414099471113337643e+02,2.053365650528886590e+02,0.000000000000000000e+00,1.456777999999999997e-06,0.000000000000000000e+00
2.418208169782909067e+02,2.053361541830217050e+02,0.000000000000000000e+00,1.770808000000000063e-06,0.000000000000000000e+00
2.422224215011602269e+02,2.053357525784988411e+02,0.000000000000000000e+00,1.830951000000000048e-06,0.000000000000000000e+00
2.426682779675572874e+02,2.053353067220324419e+02,0.000000000000000000e+00,1.810185000000000059e-06,0.000000000000000000e+00
2.430607664073214664e+02,2.053349142335926842e+02,0.000000000000000000e+00,1.931840000000000125e-06,0.000000000000000000e+00
2.434899291571553590e+02,2.053344850708428453e+02,0.000000000000000000e+00,1.973006999999999980e-06,0.000000000000000000e+00
2.438996171298034312e+02,2.053340753828701963e+02,0.000000000000000000e+00,1.952633999999999828e-06,0.000000000000000000e+00
2.443131001179276893e+02,2.053336618998820882e+02,0.000000000000000000e+00,1.976412000000000162e-06,0.000000000000000000e+00
2.447369707827000127e+02,2.053332380292173127e+02,0.000000000000000000e+00,1.928245000000000204e-06,0.000000000000000000e+00
2.451357103315997961e+02,2.053328392896684136e+02,0.000000000000000000e+00,1.945954999999999904e-06,0.000000000000000000e+00
2.455770058962069697e+02,2.053323979941037862e+02,0.000000000000000000e+00,2.005196000000000190e-06,0.000000000000000000e+00
2.460069500035826309e+02,2.053319680499964193e+02,0.000000000000000000e+00,1.994806000000000108e-06,0.000000000000000000e+00
2.463971547346657474e+02,2.053315778452653433e+02,0.000000000000000000e+00,1.991938999999999954e-06,0.000000000000000000e+00
2.468092766724297462e+02,2.053311657233275866e+02,0.000000000000000000e+00,1.920212999999999991e-06,0.000000000000000000e+00
2.472419145113194361e+02,2.053307330854886743e+02,0.000000000000000000e+00,1.873021000000000053e-06,0.000000000000000000e+00
2.476735524625360938e+02,2.053303014475374653e+02,0.000000000000000000e+00,1.771696000000000011e-06,0.000000000000000000e+00
2.480955421155796046e+02,2.053298794578844308e+02,0.000000000000000000e+00,1.898660999999999904e-06,0.000000000000000000e+00
2.485123979232270699e+02,2.053294626020767737e+02,0.000000000000000000e+00,1.923690000000000042e-06,0.000000000000000000e+00
2.489307069589418404e+02,2.053290442930410507e+02,0.000000000000000000e+00,1.882231999999999989e-06,0.000000000000000000e+00
2.493613793000787098e+02,2.053286136206999117e+02,0.000000000000000000e+00,1.986235000000000051e-06,0.000000000000000000e+00
2.497474573753030427e+02,2.053282275426246883e+02,0.000000000000000000e+00,2.021056999999999884e-06,0.000000000000000000e+00
2.501782365110277624e+02,2.053277967634889762e+02,0.000000000000000000e+00,2.029220999999999930e-06,0.000000000000000000e+00
2.506091394018780818e+02,2.053273658605981211e+02,0.000000000000000000e+00,2.023123999999999978e-06,0.000000000000000000e+00
2.510173141516308135e+02,2.053269576858483845e+02,0.000000000000000000e+00,2.076630999999999956e-06,0.000000000000000000e+00
2.514364253081347726e+02,2.053265385746918810e+02,0.000000000000000000e+00,2.098750000000000023e-06,0.000000000000000000e+00
2.518561620212535104e+02,2.053261188379787541e+02,0.000000000000000000e+00,2.129891000000000103e-06,0.000000000000000000e+00
2.522413903326826983e+02,2.053257336096673100e+02,0.000000000000000000e+00,2.158441999999999840e-06,0.000000000000000000e+00
2.526680937804902385e+02,2.053253069062195095e+02,0.000000000000000000e+00,2.207495999999999930e-06,0.000000000000000000e+00
2.530913230873327961e+02,2.053248836769126626e+02,0.000000000000000000e+00,2.347893000000000019e-06,0.000000000000000000e+00
2.535241979083969568e+02,2.053244508020916044e+02,0.000000000000000000e+00,2.216736999999999847e-06,0.000000000000000000e+00
2.539299408765804458e+02,2.053240450591234207e+02,0.000000000000000000e+00,2.368528000000000204e-06,0.000000000000000000e+00
2.543293634648925092e+02,2.053236456365351046e+02,0.000000000000000000e+00,2.505097999999999897e-06,0.000000000000000000e+00
2.547685578378847140e+02,2.053232064421621317e+02,0.000000000000000000e+00,2.453481999999999814e-06,0.000000000000000000e+00
2.551611132471897179e+02,2.053228138867528116e+02,0.000000000000000000e+00,2.404267000000000151e-06,0.000000000000000000e+00
2.555957884993060532e+02,2.053223792115007029e+02,0.000000000000000000e+00,2.382629000000000020e-06,0.000000000000000000e+00
2.560240515855597891e+02,2.053219509484144396e+02,0.000000000000000000e+00,2.462169999999999925e-06,0.000000000000000000e+00
2.564198320608582549e+02,2.053215551679391524e+02,0.000000000000000000e+00,2.486034999999999907e-06,0.000000000000000000e+00
2.568514974879641386e+02,2.053211235025120516e+02,0.000000000000000000e+00,2.445042000000000196e-06,0.000000000000000000e+00
2.572730266545218001e+02,2.053207019733454786e+02,0.000000000000000000e+00,2.438405999999999977e-06,0.000000000000000000e+00
2.576743272081872078e+02,2.053203006727918023e+02,0.000000000000000000e+00,2.448200000000000124e-06,0.000000000000000000e+00
2.581102900756220038e+02,2.053198647099243885e+02,0.000000000000000000e+00,2.419066999999999992e-06,0.000000000000000000e+00
2.585340337592442097e+02,2.053194409662407622e+02,0.000000000000000000e+00,2.280969000000000048e-06,0.000000000000000000e+00
2.589809146119422962e+02,2.053189940853880557e+02,0.000000000000000000e+00,2.235173999999999921e-06,0.000000000000000000e+00
2.593570098645038229e+02,2.053186179901354933e+02,0.000000000000000000e+00,2.339409999999999850e-06,0.000000000000000000e+00
2.597844505717390575e+02,2.053181905494282660e+02,0.000000000000000000e+00,2.357846999999999924e-06,0.000000000000000000e+00
2.602090941210149708e+02,2.053177659058789857e+02,0.000000000000000000e+00,2.432265000000000081e-06,0.000000000000000000e+00
2.606464958496732152e+02,2.053173285041503391e+02,0.000000000000000000e+00,2.378438000000000165e-06,0.000000000000000000e+00
2.610399477697464476e+02,2.053169350522302636e+02,0.000000000000000000e+00,2.442350000000000003e-06,0.000000000000000000e+00
2.614877126132478224e+02,2.053164872873867637e+02,0.000000000000000000e+00,2.266227999999999929e-06,0.000000000000000000e+00
2.618874302347328467e+02,2.053160875697652727e+02,0.000000000000000000e+00,2.404776999999999829e-06,0.000000000000000000e+00
2.622901888005937394e+02,2.053156848111994179e+02,0.000000000000000000e+00,2.349086999999999944e-06,0.000000000000000000e+00
2.627137891147256710e+02,2.053152612108852679e+02,0.000000000000000000e+00,2.366344999999999872e-06,0.000000000000000000e+00
2.631215047984211992e+02,2.053148534952015893e+02,0.000000000000000000e+00,2.435218999999999884e-06,0.000000000000000000e+00
2.635636466513582832e+02,2.053144113533486461e+02,0.000000000000000000e+00,2.555156000000000172e-06,0.000000000000000000e+00
2.639488847816930388e+02,2.053140261152182973e+02,0.000000000000000000e+00,2.416491000000000036e-06,0.000000000000000000e+00
2.643806375168977070e+02,2.053135943624831157e+02,0.000000000000000000e+00,2.445144000000000047e-06,0.000000000000000000e+00
2.647915664686657351e+02,2.053131834335313499e+02,0.000000000000000000e+00,2.484084999999999866e-06,0.000000000000000000e+00
2.651959627420789047e+02,2.053127790372579113e+02,0.000000000000000000e+00,2.466127999999999913e-06,0.000000000000000000e+00
2.656266354840388999e+02,2.053123483645159695e+02,0.000000000000000000e+00,2.349072000000000165e-06,0.000000000000000000e+00
2.660549747951677659e+02,2.053119200252048415e+02,0.000000000000000000e+00,2.328685000000000050e-06,0.000000000000000000e+00
2.664713575444641833e+02,2.053115036424555342e+02,0.000000000000000000e+00,2.431479999999999800e-06,0.000000000000000000e+00
2.668869014864292240e+02,2.053110880985135793e+02,0.000000000000000000e+00,2.491869999999999827e-06,0.000000000000000000e+00
2.673024526858748118e+02,2.053106725473141410e+02,0.000000000000000000e+00,2.497880000000000130e-06,0.000000000000000000e+00
2.677459507602757753e+02,2.053102290492397231e+02,0.000000000000000000e+00,2.484114000000000032e-06,0.000000000000000000e+00
2.681414058278830339e+02,2.053098335941721189e+02,0.000000000000000000e+00,2.433210999999999936e-06,0.000000000000000000e+00
2.685651017838500252e+02,2.053094098982161597e+02,0.000000000000000000e+00,2.405955000000000159e-06,0.000000000000000000e+00
2.690039934557914876e+02,2.053089710065441977e+02,0.000000000000000000e+00,2.304776000000000123e-06,0.000000000000000000e+00
2.694031314332061129e+02,2.053085718685667871e+02,0.000000000000000000e+00,2.189801000000000009e-06,0.000000000000000000e+00
2.698076416656506353e+02,2.053081673583343445e+02,0.000000000000000000e+00,2.349231999999999923e-06,0.000000000000000000e+00
2.702508709730670944e+02,2.053077241290269228e+02,0.000000000000000000e+00,2.107714000000000129e-06,0.000000000000000000e+00
2.706587395146494259e+02,2.053073162604853508e+02,0.000000000000000000e+00,2.136600000000000008e-06,0.000000000000000000e+00
2.710732931760219344e+02,2.053069017068239930e+02,0.000000000000000000e+00,2.077401999999999850e-06,0.000000000000000000e+00
2.715079543645508124e+02,2.053064670456354577e+02,0.000000000000000000e+00,2.199885999999999930e-06,0.000000000000000000e+00
2.718983749463249069e+02,2.053060766250536915e+02,0.000000000000000000e+00,2.295025999999999920e-06,0.000000000000000000e+00
2.723136428922816208e+02,2.053056613571077094e+02,0.000000000000000000e+00,2.134955000000000128e-06,0.000000000000000000e+00
2.727133900568114200e+02,2.053052616099431873e+02,0.000000000000000000e+00,2.028537000000000107e-06,0.000000000000000000e+00
2.731550158562943125e+02,2.053048199841437054e+02,0.000000000000000000e+00,2.022440000000000155e-06,0.000000000000000000e+00
2.735940990514193913e+02,2.053043809009485869e+02,0.000000000000000000e+00,1.988781000000000026e-06,0.000000000000000000e+00
2.740021662917253593e+02,2.053039728337082863e+02,0.000000000000000000e+00,2.049054999999999815e-06,0.000000000000000000e+00
2.744041459305007038e+02,2.053035708540695055e+02,0.000000000000000000e+00,1.978783999999999993e-06,0.000000000000000000e+00
2.748297531384454828e+02,2.053031452468615612e+02,0.000000000000000000e+00,1.924111999999999832e-06,0.000000000000000000e+00
2.752362167131849446e+02,2.053027387832868271e+02,0.000000000000000000e+00,1.885332000000000011e-06,0.000000000000000000e+00
2.756602097282855084e+02,2.053023147902717085e+02,0.000000000000000000e+00,1.941575000000000126e-06,0.000000000000000000e+00
2.760592021469977908e+02,2.053019157978530131e+02,0.000000000000000000e+00,1.878681000000000013e-06,0.000000000000000000e+00
2.765069781884308782e+02,2.053014680218115586e+02,0.000000000000000000e+00,1.788489000000000021e-06,0.000000000000000000e+00
2.769140949324765302e+02,2.053010609050675157e+02,0.000000000000000000e+00,1.773004999999999934e-06,0.000000000000000000e+00
2.772965013279613800e+02,2.053006784986720277e+02,0.000000000000000000e+00,1.867170999999999932e-06,0.000000000000000000e+00
2.777408504413378978e+02,2.053002341495586620e+02,0.000000000000000000e+00,1.796521000000000024e-06,0.000000000000000000e+00
2.781723579241395896e+02,2.052998026420758606e+02,0.000000000000000000e+00,1.745909999999999942e-06,0.000000000000000000e+00
2.786032553932901124e+02,2.052993717446067024e+02,0.000000000000000000e+00,1.800216999999999979e-06,0.000000000000000000e+00
2.790112031159593471e+02,2.052989637968840384e+02,0.000000000000000000e+00,1.586216999999999995e-06,0.000000000000000000e+00
2.794289623961619213e+02,2.052985460376038418e+02,0.000000000000000000e+00,1.615103000000000086e-06,0.000000000000000000e+00
2.798723326720580076e+02,2.052981026673279530e+02,0.000000000000000000e+00,1.592663000000000052e-06,0.000000000000000000e+00
2.802731321059188190e+02,2.052977018678940908e+02,0.000000000000000000e+00,1.506691000000000081e-06,0.000000000000000000e+00
2.806998290681182198e+02,2.052972751709318970e+02,0.000000000000000000e+00,1.541164000000000022e-06,0.000000000000000000e+00
2.811082339431793571e+02,2.052968667660568372e+02,0.000000000000000000e+00,1.525506000000000002e-06,0.000000000000000000e+00
2.815427978854457365e+02,2.052964322021145449e+02,0.000000000000000000e+00,1.586988000000000102e-06,0.000000000000000000e+00
2.819473096120232185e+02,2.052960276903879731e+02,0.000000000000000000e+00,1.529216999999999948e-06,0.000000000000000000e+00
2.823565232419693984e+02,2.052956184767580226e+02,0.000000000000000000e+00,1.493172000000000025e-06,0.000000000000000000e+00
2.827764888511450181e+02,2.052951985111488682e+02,0.000000000000000000e+00,1.365871999999999990e-06,0.000000000000000000e+00
2.831822509995445785e+02,2.052947927490004645e+02,0.000000000000000000e+00,1.393491000000000047e-06,0.000000000000000000e+00
2.836131563443938717e+02,2.052943618436556221e+02,0.000000000000000000e+00,1.396415999999999896e-06,0.000000000000000000e+00
2.840208742104920816e+02,2.052939541257894973e+02,0.000000000000000000e+00,1.460517999999999897e-06,0.000000000000000000e+00
2.844413385554112779e+02,2.052935336614445987e+02,0.000000000000000000e+00,1.407185000000000064e-06,0.000000000000000000e+00
2.848598022073028346e+02,2.052931151977927016e+02,0.000000000000000000e+00,1.498949000000000037e-06,0.000000000000000000e+00
2.852577496307683873e+02,2.052927172503692361e+02,0.000000000000000000e+00,1.453649000000000022e-06,0.000000000000000000e+00
2.856867886621413390e+02,2.052922882113378478e+02,0.000000000000000000e+00,1.510256000000000021e-06,0.000000000000000000e+00
2.861078858733251877e+02,2.052918671141266884e+02,0.000000000000000000e+00,1.548861999999999910e-06,0.000000000000000000e+00
2.865256392756609216e+02,2.052914493607243287e+02,0.000000000000000000e+00,1.536071000000000044e-06,0.000000000000000000e+00
2.869466066763856134e+02,2.052910283933236144e+02,0.000000000000000000e+00,1.551364999999999969e-06,0.000000000000000000e+00
2.873896548233360591e+02,2.052905853451766802e+02,0.000000000000000000e+00,1.510022999999999942e-06,0.000000000000000000e+00
2.877629253574363020e+02,2.052902120746425680e+02,0.000000000000000000e+00,1.447594999999999987e-06,0.000000000000000000e+00
2.882101211030534387e+02,2.052897648788969605e+02,0.000000000000000000e+00,1.453183000000000076e-06,0.000000000000000000e+00
2.886341131668216917e+02,2.052893408868331733e+02,0.000000000000000000e+00,1.372521999999999960e-06,0.000000000000000000e+00
2.890694638252192021e+02,2.052889055361747808e+02,0.000000000000000000e+00,1.374966999999999900e-06,0.000000000000000000e+00
2.894803881040103875e+02,2.052884946118959988e+02,0.000000000000000000e+00,1.455730000000000079e-06,0.000000000000000000e+00
2.898959356747157017e+02,2.052880790643252737e+02,0.000000000000000000e+00,1.421808999999999917e-06,0.000000000000000000e+00
2.903024150506196861e+02,2.052876725849493766e+02,0.000000000000000000e+00,1.420135999999999899e-06,0.000000000000000000e+00
2.907160688407594762e+02,2.052872589311592435e+02,0.000000000000000000e+00,1.415318999999999917e-06,0.000000000000000000e+00
2.911498253674827765e+02,2.052868251746325257e+02,0.000000000000000000e+00,1.397188000000000030e-06,0.000000000000000000e+00
2.915387801444680349e+02,2.052864362198555455e+02,0.000000000000000000e+00,1.282577000000000011e-06,0.000000000000000000e+00
2.919861495533156699e+02,2.052859888504466994e+02,0.000000000000000000e+00,1.286666000000000015e-06,0.000000000000000000e+00
2.923862858274291057e+02,2.052855887141725759e+02,0.000000000000000000e+00,1.457926999999999950e-06,0.000000000000000000e+00
2.927886412553010587e+02,2.052851863587447099e+02,0.000000000000000000e+00,1.094362000000000069e-06,0.000000000000000000e+00
2.932224365660326271e+02,2.052847525634339831e+02,0.000000000000000000e+00,1.276872000000000080e-06,0.000000000000000000e+00
2.936199893527994504e+02,2.052843550106472037e+02,0.000000000000000000e+00,1.339794999999999935e-06,0.000000000000000000e+00
2.940627116497147995e+02,2.052839122883502796e+02,0.000000000000000000e+00,1.414198999999999917e-06,0.000000000000000000e+00
2.944677252396288054e+02,2.052835072747603817e+02,0.000000000000000000e+00,1.486433999999999955e-06,0.000000000000000000e+00
2.948794086929784726e+02,2.052830955913070170e+02,0.000000000000000000e+00,1.313979999999999912e-06,0.000000000000000000e+00
2.952943937614970764e+02,2.052826806062385003e+02,0.000000000000000000e+00,1.396184000000000057e-06,0.000000000000000000e+00
2.956993348654128795e+02,2.052822756651345912e+02,0.000000000000000000e+00,1.405438999999999937e-06,0.000000000000000000e+00
2.961367650186486458e+02,2.052818382349813646e+02,0.000000000000000000e+00,1.492254999999999911e-06,0.000000000000000000e+00
2.965676541637752166e+02,2.052814073458362145e+02,0.000000000000000000e+00,1.484528000000000070e-06,0.000000000000000000e+00
2.969729128412615182e+02,2.052810020871587540e+02,0.000000000000000000e+00,1.551292000000000071e-06,0.000000000000000000e+00
2.973851668014949610e+02,2.052805898331985190e+02,0.000000000000000000e+00,1.497348000000000101e-06,0.000000000000000000e+00
2.978206434103867082e+02,2.052801543565896054e+02,0.000000000000000000e+00,1.547013999999999932e-06,0.000000000000000000e+00
2.982036584740169474e+02,2.052797713415259864e+02,0.000000000000000000e+00,1.473613999999999923e-06,0.000000000000000000e+00
2.986360564065648191e+02,2.052793389435934444e+02,0.000000000000000000e+00,1.482869000000000015e-06,0.000000000000000000e+00
2.990715143390006574e+02,2.052789034856610044e+02,0.000000000000000000e+00,1.585911000000000019e-06,0.000000000000000000e+00
2.995024045573605918e+02,2.052784725954426506e+02,0.000000000000000000e+00,1.226610000000000103e-06,0.000000000000000000e+00
2.999459978222492964e+02,2.052780290021777603e+02,0.000000000000000000e+00,1.196415000000000089e-06,0.000000000000000000e+00
3.003412659518542682e+02,2.052776337340481518e+02,0.000000000000000000e+00,1.105494000000000092e-06,0.000000000000000000e+00
3.007491328835877766e+02,2.052772258671164138e+02,0.000000000000000000e+00,1.116771999999999910e-06,0.000000000000000000e+00
3.011798871835354134e+02,2.052767951128164725e+02,0.000000000000000000e+00,1.184730000000000048e-06,0.000000000000000000e+00
3.015838813357503909e+02,2.052763911186642645e+02,0.000000000000000000e+00,1.166758000000000104e-06,0.000000000000000000e+00
3.020076043932345442e+02,2.052759673956067559e+02,0.000000000000000000e+00,1.244029000000000028e-06,0.000000000000000000e+00
3.024146333898635817e+02,2.052755603666101365e+02,0.000000000000000000e+00,1.193984999999999928e-06,0.000000000000000000e+00
3.028387106761735481e+02,2.052751362893238252e+02,0.000000000000000000e+00,1.165156999999999956e-06,0.000000000000000000e+00
3.032537114059551868e+02,2.052747212885940371e+02,0.000000000000000000e+00,1.134147000000000104e-06,0.000000000000000000e+00
3.036528211851144761e+02,2.052743221788148844e+02,0.000000000000000000e+00,1.306921999999999902e-06,0.000000000000000000e+00
3.040926734171061412e+02,2.052738823265829069e+02,0.000000000000000000e+00,1.271968000000000025e-06,0.000000000000000000e+00
3.045009645263705806e+02,2.052734740354736402e+02,0.000000000000000000e+00,1.210705000000000041e-06,0.000000000000000000e+00
3.049164419031462785e+02,2.052730585580968636e+02,0.000000000000000000e+00,1.261898000000000094e-06,0.000000000000000000e+00
3.053235401875044772e+02,2.052726514598124936e+02,0.000000000000000000e+00,1.249093000000000053e-06,0.000000000000000000e+00
3.057245797614400544e+02,2.052722504202385494e+02,0.000000000000000000e+00,1.240550999999999949e-06,0.000000000000000000e+00
3.061710278148854627e+02,2.052718039721851255e+02,0.000000000000000000e+00,1.211490999999999926e-06,0.000000000000000000e+00
3.065945186593191352e+02,2.052713804813406853e+02,0.000000000000000000e+00,1.206789999999999969e-06,0.000000000000000000e+00
3.070052420175210273e+02,2.052709697579824706e+02,0.000000000000000000e+00,1.160645999999999949e-06,0.000000000000000000e+00
3.074219220738464173e+02,2.052705530779261665e+02,0.000000000000000000e+00,1.157793999999999998e-06,0.000000000000000000e+00
3.078532227810777613e+02,2.052701217772189182e+02,0.000000000000000000e+00,1.181601000000000073e-06,0.000000000000000000e+00
3.082802332271317596e+02,2.052696947667728580e+02,0.000000000000000000e+00,1.221444000000000015e-06,0.000000000000000000e+00
3.086887143238837439e+02,2.052692862856761167e+02,0.000000000000000000e+00,1.282155000000000009e-06,0.000000000000000000e+00
3.091140469978964234e+02,2.052688609530021040e+02,0.000000000000000000e+00,1.316017000000000024e-06,0.000000000000000000e+00
3.095446131568016312e+02,2.052684303868431925e+02,0.000000000000000000e+00,1.232853000000000061e-06,0.000000000000000000e+00
3.099378054962525653e+02,2.052680371945037621e+02,0.000000000000000000e+00,1.265464000000000061e-06,0.000000000000000000e+00
3.103584129357316783e+02,2.052676165870642819e+02,0.000000000000000000e+00,1.232663999999999926e-06,0.000000000000000000e+00
3.107857258960426066e+02,2.052671892741039699e+02,0.000000000000000000e+00,1.197972000000000081e-06,0.000000000000000000e+00
3.111928338801637892e+02,2.052667821661198388e+02,0.000000000000000000e+00,1.209279000000000065e-06,0.000000000000000000e+00
3.116185355563748089e+02,2.052663564644436178e+02,0.000000000000000000e+00,1.179244000000000021e-06,0.000000000000000000e+00
3.120450849472492223e+02,2.052659299150527659e+02,0.000000000000000000e+00,1.131222000000000043e-06,0.000000000000000000e+00
3.124369526259335430e+02,2.052655380473740649e+02,0.000000000000000000e+00,1.123903000000000029e-06,0.000000000000000000e+00
3.128637383377862307e+02,2.052651112616622129e+02,0.000000000000000000e+00,1.120658000000000028e-06,0.000000000000000000e+00
3.132622272191608204e+02,2.052647127727808538e+02,0.000000000000000000e+00,1.074643999999999998e-06,0.000000000000000000e+00
3.136859700908895547e+02,2.052642890299091221e+02,0.000000000000000000e+00,1.074499000000000019e-06,0.000000000000000000e+00
3.141226885871050172e+02,2.052638523114129043e+02,0.000000000000000000e+00,1.086081999999999997e-06,0.000000000000000000e+00
3.145087053813306284e+02,2.052634662946186666e+02,0.000000000000000000e+00,9.809154999999999006e-07,0.000000000000000000e+00
3.149527261920160868e+02,2.052630222738079908e+02,0.000000000000000000e+00,1.058565000000000003e-06,0.000000000000000000e+00
3.153575594925288783e+02,2.052626174405074835e+02,0.000000000000000000e+00,1.122519999999999969e-06,0.000000000000000000e+00
3.157689533543615994e+02,2.052622060466456446e+02,0.000000000000000000e+00,1.047402999999999999e-06,0.000000000000000000e+00
3.161961784489936917e+02,2.052617788215510188e+02,0.000000000000000000e+00,1.070452999999999931e-06,0.000000000000000000e+00
3.166270801726269042e+02,2.052613479198273865e+02,0.000000000000000000e+00,1.016407999999999925e-06,0.000000000000000000e+00
3.170352560624593252e+02,2.052609397439375414e+02,0.000000000000000000e+00,9.268842000000000406e-07,0.000000000000000000e+00
3.174583662756116382e+02,2.052605166337243929e+02,0.000000000000000000e+00,1.009408000000000035e-06,0.000000000000000000e+00
3.178801033322743024e+02,2.052600948966677379e+02,0.000000000000000000e+00,1.073917000000000047e-06,0.000000000000000000e+00
3.182752342057412420e+02,2.052596997657942666e+02,0.000000000000000000e+00,1.119187999999999897e-06,0.000000000000000000e+00
3.187017719864677474e+02,2.052592732280135408e+02,0.000000000000000000e+00,1.225068000000000101e-06,0.000000000000000000e+00
3.191459415310479812e+02,2.052588290584689616e+02,0.000000000000000000e+00,1.098217999999999994e-06,0.000000000000000000e+00
3.195696289083801958e+02,2.052584053710916123e+02,0.000000000000000000e+00,9.936921000000000469e-07,0.000000000000000000e+00
3.199717297762344401e+02,2.052580032702237816e+02,0.000000000000000000e+00,1.010615999999999922e-06,0.000000000000000000e+00
3.204085158342831505e+02,2.052575664841657215e+02,0.000000000000000000e+00,1.002262999999999953e-06,0.000000000000000000e+00
3.208283627996183327e+02,2.052571466372003783e+02,0.000000000000000000e+00,1.215855999999999926e-06,0.000000000000000000e+00
3.212100879885492191e+02,2.052567649120114481e+02,0.000000000000000000e+00,1.172826000000000102e-06,0.000000000000000000e+00
3.216508498160739009e+02,2.052563241501839286e+02,0.000000000000000000e+00,1.226289999999999951e-06,0.000000000000000000e+00
3.220829924236641091e+02,2.052558920075763353e+02,0.000000000000000000e+00,1.209380999999999916e-06,0.000000000000000000e+00
3.224984285129618797e+02,2.052554765714870371e+02,0.000000000000000000e+00,1.255684999999999905e-06,0.000000000000000000e+00
3.229139738450935511e+02,2.052550610261549195e+02,0.000000000000000000e+00,1.268082999999999934e-06,0.000000000000000000e+00
3.232986947892163130e+02,2.052546763052107792e+02,0.000000000000000000e+00,1.211591999999999961e-06,0.000000000000000000e+00
3.237322479045801629e+02,2.052542427520954220e+02,0.000000000000000000e+00,1.203065000000000060e-06,0.000000000000000000e+00
3.241309928813396937e+02,2.052538440071186585e+02,0.000000000000000000e+00,1.289662999999999946e-06,0.000000000000000000e+00
3.245549887354183056e+02,2.052534200112645806e+02,0.000000000000000000e+00,1.177134000000000011e-06,0.000000000000000000e+00
3.250033136393456061e+02,2.052529716863606666e+02,0.000000000000000000e+00,1.273787000000000049e-06,0.000000000000000000e+00
3.253919093338988091e+02,2.052525830906660929e+02,0.000000000000000000e+00,1.179679999999999986e-06,0.000000000000000000e+00
3.258074569046041233e+02,2.052521675430953962e+02,0.000000000000000000e+00,1.203137999999999957e-06,0.000000000000000000e+00
3.262385114121011043e+02,2.052517364885879090e+02,0.000000000000000000e+00,1.195556000000000095e-06,0.000000000000000000e+00
3.266366603993416220e+02,2.052513383396006645e+02,0.000000000000000000e+00,1.225270999999999987e-06,0.000000000000000000e+00
3.270776413949251946e+02,2.052508973586050729e+02,0.000000000000000000e+00,1.288761000000000035e-06,0.000000000000000000e+00
3.275085478383066970e+02,2.052504664521617030e+02,0.000000000000000000e+00,1.243287000000000087e-06,0.000000000000000000e+00
3.279257106411853329e+02,2.052500492893588273e+02,0.000000000000000000e+00,1.279214999999999957e-06,0.000000000000000000e+00
3.283132017600127028e+02,2.052496617982399982e+02,0.000000000000000000e+00,1.313878000000000061e-06,0.000000000000000000e+00
3.287556249013572938e+02,2.052492193750986473e+02,0.000000000000000000e+00,1.357752000000000100e-06,0.000000000000000000e+00
3.291791219027625175e+02,2.052487958780972406e+02,0.000000000000000000e+00,1.308405999999999997e-06,0.000000000000000000e+00
3.295781100484268222e+02,2.052483968899515787e+02,0.000000000000000000e+00,1.255874000000000040e-06,0.000000000000000000e+00
3.300246396373967173e+02,2.052479503603626085e+02,0.000000000000000000e+00,1.296270000000000000e-06,0.000000000000000000e+00
3.304453797116200349e+02,2.052475296202883897e+02,0.000000000000000000e+00,1.331310999999999949e-06,0.000000000000000000e+00
3.308334252583030661e+02,2.052471415747417041e+02,0.000000000000000000e+00,1.307037999999999928e-06,0.000000000000000000e+00
3.312487101800043092e+02,2.052467262898200033e+02,0.000000000000000000e+00,1.326348999999999987e-06,0.000000000000000000e+00
3.316793818060374974e+02,2.052462956181939546e+02,0.000000000000000000e+00,1.365347999999999925e-06,0.000000000000000000e+00
3.320874143613118576e+02,2.052458875856386840e+02,0.000000000000000000e+00,1.377019000000000004e-06,0.000000000000000000e+00
3.325180034855023905e+02,2.052454569965144913e+02,0.000000000000000000e+00,1.438994999999999976e-06,0.000000000000000000e+00
3.329188003225344801e+02,2.052450561996774638e+02,0.000000000000000000e+00,1.399399000000000076e-06,0.000000000000000000e+00
3.333256035538591959e+02,2.052446493964461354e+02,0.000000000000000000e+00,1.362611999999999999e-06,0.000000000000000000e+00
3.337657114319792981e+02,2.052442092885680154e+02,0.000000000000000000e+00,1.373074999999999978e-06,0.000000000000000000e+00
3.341660248879982760e+02,2.052438089751120174e+02,0.000000000000000000e+00,1.324719000000000098e-06,0.000000000000000000e+00
3.345897639372107051e+02,2.052433852360627782e+02,0.000000000000000000e+00,1.467037000000000062e-06,0.000000000000000000e+00
3.349897820025590818e+02,2.052429852179974432e+02,0.000000000000000000e+00,1.525156999999999897e-06,0.000000000000000000e+00
3.354308373610411991e+02,2.052425441626389500e+02,0.000000000000000000e+00,1.542969000000000083e-06,0.000000000000000000e+00
3.358461044465648797e+02,2.052421288955534351e+02,0.000000000000000000e+00,1.510983999999999999e-06,0.000000000000000000e+00
3.362381106001629973e+02,2.052417368893998457e+02,0.000000000000000000e+00,1.525041000000000083e-06,0.000000000000000000e+00
3.366679326130424670e+02,2.052413070673869697e+02,0.000000000000000000e+00,1.505395999999999910e-06,0.000000000000000000e+00
3.370988355038928148e+02,2.052408761644961146e+02,0.000000000000000000e+00,1.491105999999999958e-06,0.000000000000000000e+00
3.375067885010409441e+02,2.052404682114989498e+02,0.000000000000000000e+00,1.305902999999999938e-06,0.000000000000000000e+00
3.379235602830863741e+02,2.052400514397169218e+02,0.000000000000000000e+00,1.390683000000000039e-06,0.000000000000000000e+00
3.383549473088576178e+02,2.052396200526911514e+02,0.000000000000000000e+00,1.105857999999999975e-06,0.000000000000000000e+00
3.387818714363718300e+02,2.052391931285636417e+02,0.000000000000000000e+00,1.276391999999999959e-06,0.000000000000000000e+00
3.392069793949382870e+02,2.052387680206050504e+02,0.000000000000000000e+00,1.393069000000000045e-06,0.000000000000000000e+00
3.396376578685752179e+02,2.052383373421314161e+02,0.000000000000000000e+00,1.452674000000000002e-06,0.000000000000000000e+00
3.400458344361554168e+02,2.052379291655638553e+02,0.000000000000000000e+00,1.460561000000000025e-06,0.000000000000000000e+00
3.404715622954382752e+02,2.052375034377045608e+02,0.000000000000000000e+00,1.413616999999999945e-06,0.000000000000000000e+00
3.408846781210149857e+02,2.052370903218789806e+02,0.000000000000000000e+00,1.468987000000000103e-06,0.000000000000000000e+00
3.412746076115249139e+02,2.052367003923884852e+02,0.000000000000000000e+00,1.474065000000000091e-06,0.000000000000000000e+00
3.417211351278625671e+02,2.052362538648721397e+02,0.000000000000000000e+00,1.341396000000000082e-06,0.000000000000000000e+00
3.421195353207313588e+02,2.052358554646792754e+02,0.000000000000000000e+00,1.471081999999999911e-06,0.000000000000000000e+00
3.425433694429733578e+02,2.052354316305570308e+02,0.000000000000000000e+00,1.538632000000000010e-06,0.000000000000000000e+00
3.429475975208188743e+02,2.052350274024791759e+02,0.000000000000000000e+00,1.541019000000000043e-06,0.000000000000000000e+00
3.433792769125559516e+02,2.052345957230874376e+02,0.000000000000000000e+00,1.466222000000000012e-06,0.000000000000000000e+00
3.437900977485149951e+02,2.052341849022514850e+02,0.000000000000000000e+00,1.447450000000000008e-06,0.000000000000000000e+00
3.441946233240805100e+02,2.052337803766759237e+02,0.000000000000000000e+00,1.457127000000000101e-06,0.000000000000000000e+00
3.446255250139880104e+02,2.052333494749860279e+02,0.000000000000000000e+00,1.473293999999999984e-06,0.000000000000000000e+00
3.450332460550856695e+02,2.052329417539449139e+02,0.000000000000000000e+00,1.431966999999999948e-06,0.000000000000000000e+00
3.454559096413709085e+02,2.052325190903586360e+02,0.000000000000000000e+00,1.360022000000000080e-06,0.000000000000000000e+00
3.458852470707981297e+02,2.052320897529291983e+02,0.000000000000000000e+00,1.343273000000000014e-06,0.000000000000000000e+00
3.462730095008879516e+02,2.052317019904991184e+02,0.000000000000000000e+00,1.469917999999999968e-06,0.000000000000000000e+00
3.466995013528224945e+02,2.052312754986471930e+02,0.000000000000000000e+00,1.459164000000000002e-06,0.000000000000000000e+00
3.471304042436728992e+02,2.052308445957563379e+02,0.000000000000000000e+00,1.463180999999999925e-06,0.000000000000000000e+00
3.475669393043560831e+02,2.052304080606956518e+02,0.000000000000000000e+00,1.483437000000000024e-06,0.000000000000000000e+00
3.479690328763202274e+02,2.052300059671236738e+02,0.000000000000000000e+00,1.431312000000000078e-06,0.000000000000000000e+00
3.484057485069048425e+02,2.052295692514931034e+02,0.000000000000000000e+00,1.396372999999999980e-06,0.000000000000000000e+00
3.488212941878710467e+02,2.052291537058121378e+02,0.000000000000000000e+00,1.447754999999999956e-06,0.000000000000000000e+00
3.492390029398624733e+02,2.052287359970601415e+02,0.000000000000000000e+00,1.281267000000000061e-06,0.000000000000000000e+00
3.496466373973730697e+02,2.052283283626026389e+02,0.000000000000000000e+00,1.299311000000000086e-06,0.000000000000000000e+00
3.500851447715832592e+02,2.052278898552284261e+02,0.000000000000000000e+00,1.230059000000000017e-06,0.000000000000000000e+00
3.504855792951790363e+02,2.052274894207048135e+02,0.000000000000000000e+00,1.409061999999999995e-06,0.000000000000000000e+00
3.508976403286683876e+02,2.052270773596713411e+02,0.000000000000000000e+00,1.416643000000000041e-06,0.000000000000000000e+00
3.513241986935588557e+02,2.052266508013064481e+02,0.000000000000000000e+00,1.463602999999999927e-06,0.000000000000000000e+00
3.517306098511450614e+02,2.052262443901488496e+02,0.000000000000000000e+00,1.412453000000000002e-06,0.000000000000000000e+00
3.521546024036833273e+02,2.052258203975963227e+02,0.000000000000000000e+00,1.482053999999999965e-06,0.000000000000000000e+00
3.525533446790238372e+02,2.052254216553209858e+02,0.000000000000000000e+00,1.374850000000000059e-06,0.000000000000000000e+00
3.530021240097078703e+02,2.052249728759902894e+02,0.000000000000000000e+00,1.341074999999999904e-06,0.000000000000000000e+00
3.533874857725782590e+02,2.052245875142274372e+02,0.000000000000000000e+00,1.310544999999999960e-06,0.000000000000000000e+00
3.538056367969888925e+02,2.052241693632030035e+02,0.000000000000000000e+00,1.095846999999999979e-06,0.000000000000000000e+00
3.542259688820454926e+02,2.052237490311179613e+02,0.000000000000000000e+00,6.585469000000000086e-07,0.000000000000000000e+00
3.546435875588422277e+02,2.052233314124411550e+02,0.000000000000000000e+00,8.691422000000000520e-07,0.000000000000000000e+00
3.550650454875087121e+02,2.052229099545124882e+02,0.000000000000000000e+00,1.241191000000000040e-06,0.000000000000000000e+00
3.554950430916849768e+02,2.052224799569083302e+02,0.000000000000000000e+00,1.131309999999999931e-06,0.000000000000000000e+00
3.559038995957668021e+02,2.052220711004042357e+02,0.000000000000000000e+00,8.066418000000000465e-07,0.000000000000000000e+00
3.563180223187022762e+02,2.052216569776813060e+02,0.000000000000000000e+00,8.279312000000000412e-07,0.000000000000000000e+00
3.567417666167278867e+02,2.052212332333832876e+02,0.000000000000000000e+00,1.161432000000000047e-06,0.000000000000000000e+00
3.571587547805344229e+02,2.052208162452194813e+02,0.000000000000000000e+00,1.094288999999999960e-06,0.000000000000000000e+00
3.575811385118518615e+02,2.052203938614881622e+02,0.000000000000000000e+00,1.045380000000000061e-06,0.000000000000000000e+00
3.580118140001301299e+02,2.052199631859998590e+02,0.000000000000000000e+00,8.418720000000000095e-07,0.000000000000000000e+00
3.584117377036665744e+02,2.052195632622963331e+02,0.000000000000000000e+00,6.549816999999999787e-07,0.000000000000000000e+00
3.588171983736216930e+02,2.052191578016263804e+02,0.000000000000000000e+00,5.884502999999999816e-07,0.000000000000000000e+00
3.592599639336195878e+02,2.052187150360663850e+02,0.000000000000000000e+00,7.500930000000000450e-07,0.000000000000000000e+00
3.596780832387892133e+02,2.052182969167612043e+02,0.000000000000000000e+00,1.071980999999999969e-06,0.000000000000000000e+00
3.600994797193010299e+02,2.052178755202806997e+02,0.000000000000000000e+00,1.267398999999999900e-06,0.000000000000000000e+00
3.605181124492473259e+02,2.052174568875507532e+02,0.000000000000000000e+00,1.281659999999999897e-06,0.000000000000000000e+00
3.609631731439022246e+02,2.052170118268560941e+02,0.000000000000000000e+00,1.329419000000000027e-06,0.000000000000000000e+00
3.613553164407625218e+02,2.052166196835592302e+02,0.000000000000000000e+00,1.264793999999999990e-06,0.000000000000000000e+00
3.617659190025941029e+02,2.052162090809974018e+02,0.000000000000000000e+00,1.256893000000000004e-06,0.000000000000000000e+00
3.621941064466685702e+02,2.052157808935533296e+02,0.000000000000000000e+00,1.278836999999999899e-06,0.000000000000000000e+00
3.626025695820953842e+02,2.052153724304179150e+02,0.000000000000000000e+00,1.310909000000000056e-06,0.000000000000000000e+00
3.630306830447488551e+02,2.052149443169552399e+02,0.000000000000000000e+00,1.430803000000000004e-06,0.000000000000000000e+00
3.634286753180661549e+02,2.052145463246819475e+02,0.000000000000000000e+00,1.383362999999999998e-06,0.000000000000000000e+00
3.638436717491451873e+02,2.052141313282508577e+02,0.000000000000000000e+00,1.374719000000000043e-06,0.000000000000000000e+00
3.642580472225005224e+02,2.052137169527775029e+02,0.000000000000000000e+00,1.449573999999999981e-06,0.000000000000000000e+00
3.646650323820264248e+02,2.052133099676179881e+02,0.000000000000000000e+00,1.345993999999999949e-06,0.000000000000000000e+00
3.651052768587036894e+02,2.052128697231412957e+02,0.000000000000000000e+00,1.304812000000000104e-06,0.000000000000000000e+00
3.655034773982681600e+02,2.052124715226017315e+02,0.000000000000000000e+00,1.316467999999999980e-06,0.000000000000000000e+00
3.659200154071247084e+02,2.052120549845928679e+02,0.000000000000000000e+00,1.289517999999999967e-06,0.000000000000000000e+00
3.663636173096190873e+02,2.052116113826903927e+02,0.000000000000000000e+00,1.251625000000000066e-06,0.000000000000000000e+00
3.667759981793458905e+02,2.052111990018206598e+02,0.000000000000000000e+00,1.305962000000000084e-06,0.000000000000000000e+00
3.671813510444135886e+02,2.052107936489555868e+02,0.000000000000000000e+00,1.015795999999999973e-06,0.000000000000000000e+00
3.676123813603020949e+02,2.052103626186396923e+02,0.000000000000000000e+00,1.014238999999999981e-06,0.000000000000000000e+00
3.680431562732596262e+02,2.052099318437267357e+02,0.000000000000000000e+00,1.306310999999999977e-06,0.000000000000000000e+00
3.684680219259416276e+02,2.052095069780740744e+02,0.000000000000000000e+00,1.327090999999999929e-06,0.000000000000000000e+00
3.688817839699855199e+02,2.052090932160300270e+02,0.000000000000000000e+00,1.376247000000000081e-06,0.000000000000000000e+00
3.692985121313560057e+02,2.052086764878686438e+02,0.000000000000000000e+00,1.379376000000000056e-06,0.000000000000000000e+00
3.697208356925213479e+02,2.052082541643074762e+02,0.000000000000000000e+00,1.353517000000000089e-06,0.000000000000000000e+00
3.701168039992375043e+02,2.052078581960007568e+02,0.000000000000000000e+00,1.294450999999999975e-06,0.000000000000000000e+00
3.705599345804689051e+02,2.052074150654195250e+02,0.000000000000000000e+00,1.384440000000000081e-06,0.000000000000000000e+00
3.709888012998648037e+02,2.052069861987001502e+02,0.000000000000000000e+00,1.370120999999999964e-06,0.000000000000000000e+00
3.713762924186921737e+02,2.052065987075813212e+02,0.000000000000000000e+00,1.380990999999999955e-06,0.000000000000000000e+00
3.717915609499576135e+02,2.052061834390500508e+02,0.000000000000000000e+00,1.424254000000000069e-06,0.000000000000000000e+00
3.721969976287224995e+02,2.052057780023712894e+02,0.000000000000000000e+00,1.394669999999999981e-06,0.000000000000000000e+00
3.726226283619960782e+02,2.052053523716380141e+02,0.000000000000000000e+00,1.320978999999999986e-06,0.000000000000000000e+00
3.730489333518996773e+02,2.052049260666481132e+02,0.000000000000000000e+00,1.441424999999999925e-06,0.000000000000000000e+00
3.734531898322156280e+02,2.052045218101677904e+02,0.000000000000000000e+00,1.466062000000000042e-06,0.000000000000000000e+00
3.738818671215229870e+02,2.052040931328784836e+02,0.000000000000000000e+00,1.416453999999999907e-06,0.000000000000000000e+00
3.742559507416635256e+02,2.052037190492583250e+02,0.000000000000000000e+00,1.422988000000000063e-06,0.000000000000000000e+00
3.747041000744275152e+02,2.052032708999255703e+02,0.000000000000000000e+00,1.292078999999999933e-06,0.000000000000000000e+00
3.751389449698547196e+02,2.052028360550301613e+02,0.000000000000000000e+00,1.088600000000000047e-06,0.000000000000000000e+00
3.755468940839695051e+02,2.052024281059160273e+02,0.000000000000000000e+00,6.098562000000000158e-07,0.000000000000000000e+00
3.759725795170567721e+02,2.052020024204829554e+02,0.000000000000000000e+00,2.706802000000000232e-07,0.000000000000000000e+00
3.763740698699873519e+02,2.052016009301300130e+02,0.000000000000000000e+00,1.099833999999999947e-07,0.000000000000000000e+00
3.767750689575105412e+02,2.052011999310424812e+02,0.000000000000000000e+00,4.458707000000000328e-08,0.000000000000000000e+00
3.772016411598100945e+02,2.052007733588401948e+02,0.000000000000000000e+00,1.330044999999999950e-08,0.000000000000000000e+00
3.776456677087355729e+02,2.052003293322912612e+02,0.000000000000000000e+00,9.546055999999999569e-09,0.000000000000000000e+00
3.780450413340013256e+02,2.051999299586659902e+02,0.000000000000000000e+00,9.531503999999999638e-09,0.000000000000000000e+00
3.784685288492366340e+02,2.051995064711507553e+02,0.000000000000000000e+00,1.027365000000000081e-08,0.000000000000000000e+00
3.789083596416455180e+02,2.051990666403583532e+02,0.000000000000000000e+00,6.274204000000000110e-07,0.000000000000000000e+00
3.793239047833117183e+02,2.051986510952166896e+02,0.000000000000000000e+00,1.197040999999999899e-07,0.000000000000000000e+00
3.797411427468500165e+02,2.051982338572531432e+02,0.000000000000000000e+00,7.406924999999999338e-08,0.000000000000000000e+00
3.801493156885708231e+02,2.051978256843114252e+02,0.000000000000000000e+00,3.290188000000000054e-07,0.000000000000000000e+00
3.805882430306065771e+02,2.051973867569693937e+02,0.000000000000000000e+00,5.608308000000000167e-07,0.000000000000000000e+00
3.810310304117051032e+02,2.051969439695882897e+02,0.000000000000000000e+00,6.485643000000000129e-07,0.000000000000000000e+00
3.814109744809160247e+02,2.051965640255190806e+02,0.000000000000000000e+00,1.008128000000000066e-06,0.000000000000000000e+00
3.818441282816020816e+02,2.051961308717183954e+02,0.000000000000000000e+00,1.548832999999999957e-06,0.000000000000000000e+00
3.822362193376009145e+02,2.051957387806623956e+02,0.000000000000000000e+00,1.669192000000000035e-06,0.000000000000000000e+00
3.826572025896946911e+02,2.051953177974102971e+02,0.000000000000000000e+00,1.743450000000000011e-06,0.000000000000000000e+00
3.830882861857145940e+02,2.051948867138142987e+02,0.000000000000000000e+00,1.642299999999999929e-06,0.000000000000000000e+00
3.835042600993256201e+02,2.051944707399006802e+02,0.000000000000000000e+00,1.736741999999999922e-06,0.000000000000000000e+00
3.839207543838630272e+02,2.051940542456161438e+02,0.000000000000000000e+00,1.700026999999999927e-06,0.000000000000000000e+00
3.843085285156913073e+02,2.051936664714843062e+02,0.000000000000000000e+00,1.719891000000000005e-06,0.000000000000000000e+00
3.847290128776214146e+02,2.051932459871223671e+02,0.000000000000000000e+00,1.714855999999999934e-06,0.000000000000000000e+00
3.851465891895115874e+02,2.051928284108104776e+02,0.000000000000000000e+00,1.814580000000000040e-06,0.000000000000000000e+00
3.855678580694411153e+02,2.051924071419305733e+02,0.000000000000000000e+00,1.772831000000000001e-06,0.000000000000000000e+00
3.859984856108357576e+02,2.051919765143891539e+02,0.000000000000000000e+00,1.814768999999999963e-06,0.000000000000000000e+00
3.864415337577862033e+02,2.051915334662422197e+02,0.000000000000000000e+00,1.858221000000000000e-06,0.000000000000000000e+00
3.868290294083968774e+02,2.051911459705916059e+02,0.000000000000000000e+00,1.848908000000000002e-06,0.000000000000000000e+00
3.872453318939081441e+02,2.051907296681060870e+02,0.000000000000000000e+00,1.761626000000000081e-06,0.000000000000000000e+00
3.876762347847584920e+02,2.051902987652152319e+02,0.000000000000000000e+00,1.852356999999999915e-06,0.000000000000000000e+00
3.881176015553807019e+02,2.051898573984446159e+02,0.000000000000000000e+00,1.679421999999999936e-06,0.000000000000000000e+00
3.885146305931339725e+02,2.051894603694068735e+02,0.000000000000000000e+00,1.587118999999999906e-06,0.000000000000000000e+00
3.889331515551197072e+02,2.051890418484448730e+02,0.000000000000000000e+00,1.803273000000000056e-06,0.000000000000000000e+00
3.893635767213741019e+02,2.051886114232786156e+02,0.000000000000000000e+00,1.862935999999999920e-06,0.000000000000000000e+00
3.897839238706599190e+02,2.051881910761293284e+02,0.000000000000000000e+00,1.883032000000000050e-06,0.000000000000000000e+00
3.901860630526265368e+02,2.051877889369473849e+02,0.000000000000000000e+00,1.818640000000000091e-06,0.000000000000000000e+00
3.906227771468228980e+02,2.051873522228531783e+02,0.000000000000000000e+00,1.780906999999999947e-06,0.000000000000000000e+00
3.910090497958016158e+02,2.051869659502042111e+02,0.000000000000000000e+00,1.814304000000000045e-06,0.000000000000000000e+00
3.914530971155936072e+02,2.051865219028844081e+02,0.000000000000000000e+00,1.802909999999999989e-06,0.000000000000000000e+00
3.918567799346358242e+02,2.051861182200653673e+02,0.000000000000000000e+00,1.836101999999999933e-06,0.000000000000000000e+00
3.922566916807592179e+02,2.051857183083192524e+02,0.000000000000000000e+00,1.787907000000000050e-06,0.000000000000000000e+00
3.926861504734227992e+02,2.051852888495265859e+02,0.000000000000000000e+00,1.770983000000000023e-06,0.000000000000000000e+00
3.930940981960919771e+02,2.051848809018039219e+02,0.000000000000000000e+00,1.706255999999999923e-06,0.000000000000000000e+00
3.935275012552780254e+02,2.051844474987447313e+02,0.000000000000000000e+00,1.751614000000000057e-06,0.000000000000000000e+00
3.939329448421235043e+02,2.051840420551578745e+02,0.000000000000000000e+00,1.710344999999999927e-06,0.000000000000000000e+00
3.943497326742688074e+02,2.051836252673257377e+02,0.000000000000000000e+00,1.761800000000000013e-06,0.000000000000000000e+00
3.947760879921541459e+02,2.051831989120078390e+02,0.000000000000000000e+00,1.731460000000000021e-06,0.000000000000000000e+00
3.951851810814249006e+02,2.051827898189185646e+02,0.000000000000000000e+00,1.740482000000000034e-06,0.000000000000000000e+00
3.955959583138911171e+02,2.051823790416861186e+02,0.000000000000000000e+00,1.736378000000000039e-06,0.000000000000000000e+00
3.960372463670158254e+02,2.051819377536329796e+02,0.000000000000000000e+00,1.684631999999999967e-06,0.000000000000000000e+00
3.964377190976804854e+02,2.051815372809023188e+02,0.000000000000000000e+00,1.608815999999999972e-06,0.000000000000000000e+00
3.968532633434940635e+02,2.051811217366565074e+02,0.000000000000000000e+00,1.635592000000000052e-06,0.000000000000000000e+00
3.972669297779049771e+02,2.051807080702220958e+02,0.000000000000000000e+00,1.696535000000000097e-06,0.000000000000000000e+00
3.976733383964780728e+02,2.051803016616035222e+02,0.000000000000000000e+00,1.629771000000000095e-06,0.000000000000000000e+00
3.981146629293892829e+02,2.051798603370706076e+02,0.000000000000000000e+00,1.705280999999999903e-06,0.000000000000000000e+00
3.985381533393768905e+02,2.051794368466606215e+02,0.000000000000000000e+00,1.710097000000000070e-06,0.000000000000000000e+00
3.989857244116946049e+02,2.051789892755883216e+02,0.000000000000000000e+00,1.647175000000000031e-06,0.000000000000000000e+00
3.994009914202407003e+02,2.051785740085797727e+02,0.000000000000000000e+00,1.615480999999999932e-06,0.000000000000000000e+00
3.998098813311386266e+02,2.051781651186688578e+02,0.000000000000000000e+00,1.571068000000000049e-06,0.000000000000000000e+00
4.002126125809459722e+02,2.051777623874190510e+02,0.000000000000000000e+00,1.555556000000000036e-06,0.000000000000000000e+00
4.006576134580153052e+02,2.051773173865420006e+02,0.000000000000000000e+00,1.568623999999999925e-06,0.000000000000000000e+00
4.010677961830543268e+02,2.051769072038169384e+02,0.000000000000000000e+00,1.563618000000000019e-06,0.000000000000000000e+00
4.014778914581069671e+02,2.051764971085418949e+02,0.000000000000000000e+00,1.504479000000000008e-06,0.000000000000000000e+00
4.018900833674531441e+02,2.051760849166325613e+02,0.000000000000000000e+00,1.516076999999999977e-06,0.000000000000000000e+00
4.023030818349673723e+02,2.051756719181650226e+02,0.000000000000000000e+00,1.559717999999999938e-06,0.000000000000000000e+00
4.027268247066962772e+02,2.051752481752933193e+02,0.000000000000000000e+00,1.533320999999999943e-06,0.000000000000000000e+00
4.031253421950213465e+02,2.051748496578049696e+02,0.000000000000000000e+00,1.525594000000000102e-06,0.000000000000000000e+00
4.035614690839694845e+02,2.051744135309160413e+02,0.000000000000000000e+00,1.506851000000000051e-06,0.000000000000000000e+00
4.039638244982759261e+02,2.051740111755017324e+02,0.000000000000000000e+00,1.467254999999999939e-06,0.000000000000000000e+00
4.043707769798817253e+02,2.051736042230201065e+02,0.000000000000000000e+00,1.540930999999999943e-06,0.000000000000000000e+00
4.048019929040793272e+02,2.051731730070959259e+02,0.000000000000000000e+00,1.540859000000000073e-06,0.000000000000000000e+00
4.051874402637113803e+02,2.051727875597362925e+02,0.000000000000000000e+00,1.499910000000000095e-06,0.000000000000000000e+00
4.056299276089601449e+02,2.051723450723910389e+02,0.000000000000000000e+00,1.499255000000000014e-06,0.000000000000000000e+00
4.060717464084492008e+02,2.051719032535915517e+02,0.000000000000000000e+00,1.461536000000000045e-06,0.000000000000000000e+00
4.064569663655092882e+02,2.051715180336344986e+02,0.000000000000000000e+00,1.461870999999999975e-06,0.000000000000000000e+00
4.068907225403556822e+02,2.051710842774596415e+02,0.000000000000000000e+00,1.314925999999999978e-06,0.000000000000000000e+00
4.073062767376149509e+02,2.051706687232623949e+02,0.000000000000000000e+00,1.285006999999999960e-06,0.000000000000000000e+00
4.077269472724511843e+02,2.051702480527275441e+02,0.000000000000000000e+00,1.378749999999999928e-06,0.000000000000000000e+00
4.081733794489372258e+02,2.051698016205510555e+02,0.000000000000000000e+00,1.402745999999999927e-06,0.000000000000000000e+00
4.085718715809060200e+02,2.051694031284191055e+02,0.000000000000000000e+00,1.396095999999999957e-06,0.000000000000000000e+00
4.089956144526348112e+02,2.051689793855473738e+02,0.000000000000000000e+00,1.454958999999999972e-06,0.000000000000000000e+00
4.094381719547297962e+02,2.051685368280452622e+02,0.000000000000000000e+00,1.481238999999999914e-06,0.000000000000000000e+00
4.098344089557805887e+02,2.051681405910442209e+02,0.000000000000000000e+00,1.528169000000000030e-06,0.000000000000000000e+00
4.102415923280613015e+02,2.051677334076719319e+02,0.000000000000000000e+00,1.572640000000000032e-06,0.000000000000000000e+00
4.106730267450282668e+02,2.051673019732549790e+02,0.000000000000000000e+00,1.565378999999999925e-06,0.000000000000000000e+00
4.110845672735532048e+02,2.051668904327264613e+02,0.000000000000000000e+00,1.590874000000000009e-06,0.000000000000000000e+00
4.115229482807077943e+02,2.051664520517192898e+02,0.000000000000000000e+00,1.610663999999999950e-06,0.000000000000000000e+00
4.119083907163149547e+02,2.051660666092836891e+02,0.000000000000000000e+00,1.595195000000000064e-06,0.000000000000000000e+00
4.123310055547904653e+02,2.051656439944452188e+02,0.000000000000000000e+00,1.634908000000000018e-06,0.000000000000000000e+00
4.127470116589981899e+02,2.051652279883410017e+02,0.000000000000000000e+00,1.612235999999999932e-06,0.000000000000000000e+00
4.131549595888093904e+02,2.051648200404112004e+02,0.000000000000000000e+00,1.556166999999999961e-06,0.000000000000000000e+00
4.135856371382100178e+02,2.051643893628617832e+02,0.000000000000000000e+00,1.578286000000000028e-06,0.000000000000000000e+00
4.139935136781883216e+02,2.051639814863218021e+02,0.000000000000000000e+00,1.610547999999999924e-06,0.000000000000000000e+00
4.144082560564052073e+02,2.051635667439435906e+02,0.000000000000000000e+00,1.610081999999999978e-06,0.000000000000000000e+00
4.148235256892941720e+02,2.051631514743106948e+02,0.000000000000000000e+00,1.750856999999999913e-06,0.000000000000000000e+00
4.152205543478519871e+02,2.051627544456521548e+02,0.000000000000000000e+00,1.844368000000000042e-06,0.000000000000000000e+00
4.156639108854961933e+02,2.051623110891144961e+02,0.000000000000000000e+00,1.869556999999999937e-06,0.000000000000000000e+00
4.160730427958571340e+02,2.051619019572041509e+02,0.000000000000000000e+00,1.859515999999999960e-06,0.000000000000000000e+00
4.164848821586662098e+02,2.051614901178413390e+02,0.000000000000000000e+00,1.836684999999999932e-06,0.000000000000000000e+00
4.169276504500874125e+02,2.051610473495499036e+02,0.000000000000000000e+00,1.856707999999999952e-06,0.000000000000000000e+00
4.173338797223216261e+02,2.051606411202776883e+02,0.000000000000000000e+00,1.865934000000000091e-06,0.000000000000000000e+00
4.177344292528898109e+02,2.051602405707471064e+02,0.000000000000000000e+00,1.925116999999999834e-06,0.000000000000000000e+00
4.181651047411680224e+02,2.051598098952588316e+02,0.000000000000000000e+00,1.993932999999999939e-06,0.000000000000000000e+00
4.186053525169970726e+02,2.051593696474830040e+02,0.000000000000000000e+00,1.901222000000000082e-06,0.000000000000000000e+00
4.190290953887258638e+02,2.051589459046112722e+02,0.000000000000000000e+00,1.899082999999999907e-06,0.000000000000000000e+00
4.194750985045193374e+02,2.051584999014954747e+02,0.000000000000000000e+00,1.926281000000000201e-06,0.000000000000000000e+00
4.198765811321835031e+02,2.051580984188678087e+02,0.000000000000000000e+00,1.889318999999999952e-06,0.000000000000000000e+00
4.202784151318684280e+02,2.051576965848681198e+02,0.000000000000000000e+00,1.862427000000000058e-06,0.000000000000000000e+00
4.207041515230638993e+02,2.051572708484769407e+02,0.000000000000000000e+00,1.793960000000000058e-06,0.000000000000000000e+00
4.211120968147120038e+02,2.051568629031852993e+02,0.000000000000000000e+00,1.917549999999999962e-06,0.000000000000000000e+00
4.215475477665920039e+02,2.051564274522334017e+02,0.000000000000000000e+00,1.980587999999999815e-06,0.000000000000000000e+00
4.219511772618246823e+02,2.051560238227381774e+02,0.000000000000000000e+00,2.013170000000000073e-06,0.000000000000000000e+00
4.223558684210248089e+02,2.051556191315789874e+02,0.000000000000000000e+00,2.030618000000000164e-06,0.000000000000000000e+00
4.227450196878912720e+02,2.051552299803121002e+02,0.000000000000000000e+00,1.979846000000000085e-06,0.000000000000000000e+00
4.231927670698252086e+02,2.051547822329301880e+02,0.000000000000000000e+00,1.993380000000000132e-06,0.000000000000000000e+00
4.236286456645919998e+02,2.051543463543354164e+02,0.000000000000000000e+00,2.045431999999999969e-06,0.000000000000000000e+00
4.240155079541984833e+02,2.051539594920458001e+02,0.000000000000000000e+00,1.916385000000000203e-06,0.000000000000000000e+00
4.244602730373472923e+02,2.051535147269626691e+02,0.000000000000000000e+00,2.048851000000000113e-06,0.000000000000000000e+00
4.248477641561746054e+02,2.051531272358438400e+02,0.000000000000000000e+00,1.999157000000000145e-06,0.000000000000000000e+00
4.252630400699745792e+02,2.051527119599300306e+02,0.000000000000000000e+00,2.025407999999999921e-06,0.000000000000000000e+00
4.256915668486911954e+02,2.051522834331513252e+02,0.000000000000000000e+00,2.052009000000000041e-06,0.000000000000000000e+00
4.260995145713603733e+02,2.051518754854286328e+02,0.000000000000000000e+00,2.180967999999999919e-06,0.000000000000000000e+00
4.265304120405108961e+02,2.051514445879595030e+02,0.000000000000000000e+00,2.200409999999999995e-06,0.000000000000000000e+00
4.269524400837596545e+02,2.051510225599162425e+02,0.000000000000000000e+00,2.179323999999999855e-06,0.000000000000000000e+00
4.273692652405117656e+02,2.051506057347594947e+02,0.000000000000000000e+00,2.107190000000000064e-06,0.000000000000000000e+00
4.277999424809160587e+02,2.051501750575190783e+02,0.000000000000000000e+00,2.140383000000000036e-06,0.000000000000000000e+00
4.282036743510103065e+02,2.051497713256489988e+02,0.000000000000000000e+00,2.129992999999999954e-06,0.000000000000000000e+00
4.286390161584004090e+02,2.051493359838416097e+02,0.000000000000000000e+00,2.267931000000000140e-06,0.000000000000000000e+00
4.290640923459833402e+02,2.051489109076540274e+02,0.000000000000000000e+00,2.245331000000000136e-06,0.000000000000000000e+00
4.294726643066156839e+02,2.051485023356933937e+02,0.000000000000000000e+00,2.268934999999999902e-06,0.000000000000000000e+00
4.298879398414928801e+02,2.051480870601585025e+02,0.000000000000000000e+00,2.281652999999999871e-06,0.000000000000000000e+00
4.303160351777233359e+02,2.051476589648222841e+02,0.000000000000000000e+00,2.285014000000000108e-06,0.000000000000000000e+00
4.307010233726579145e+02,2.051472739766273321e+02,0.000000000000000000e+00,2.272936000000000018e-06,0.000000000000000000e+00
4.311451205381679301e+02,2.051468298794618477e+02,0.000000000000000000e+00,2.133893000000000035e-06,0.000000000000000000e+00
4.315438662754360166e+02,2.051464311337245761e+02,0.000000000000000000e+00,2.065324000000000184e-06,0.000000000000000000e+00
4.319678592905364667e+02,2.051460071407094574e+02,0.000000000000000000e+00,2.227243000000000166e-06,0.000000000000000000e+00
4.323789509401228202e+02,2.051455960490598898e+02,0.000000000000000000e+00,2.289002000000000078e-06,0.000000000000000000e+00
4.327953765207941501e+02,2.051451796234792084e+02,0.000000000000000000e+00,2.292988999999999808e-06,0.000000000000000000e+00
4.332180289562144253e+02,2.051447569710437904e+02,0.000000000000000000e+00,2.424857999999999967e-06,0.000000000000000000e+00
4.336363121611037172e+02,2.051443386878389106e+02,0.000000000000000000e+00,2.440225000000000002e-06,0.000000000000000000e+00
4.340566521671618148e+02,2.051439183478328516e+02,0.000000000000000000e+00,2.358051000000000050e-06,0.000000000000000000e+00
4.344847894420441889e+02,2.051434902105579567e+02,0.000000000000000000e+00,2.330315000000000151e-06,0.000000000000000000e+00
4.348855498625953828e+02,2.051430894501374098e+02,0.000000000000000000e+00,2.314015999999999801e-06,0.000000000000000000e+00
4.352880994428393251e+02,2.051426869005571518e+02,0.000000000000000000e+00,2.319037000000000121e-06,0.000000000000000000e+00
4.357123116233273663e+02,2.051422626883766611e+02,0.000000000000000000e+00,2.325104999999999908e-06,0.000000000000000000e+00
4.361202529510755994e+02,2.051418547470489386e+02,0.000000000000000000e+00,2.312182999999999814e-06,0.000000000000000000e+00
4.365565185963404815e+02,2.051414184814036616e+02,0.000000000000000000e+00,2.330343999999999893e-06,0.000000000000000000e+00
4.370047836845872098e+02,2.051409702163154236e+02,0.000000000000000000e+00,2.284577999999999932e-06,0.000000000000000000e+00
4.373897792704402718e+02,2.051405852207295482e+02,0.000000000000000000e+00,2.404907999999999845e-06,0.000000000000000000e+00
4.378086075055001061e+02,2.051401663924945069e+02,0.000000000000000000e+00,2.384098000000000124e-06,0.000000000000000000e+00
4.382283994500227777e+02,2.051397466005499837e+02,0.000000000000000000e+00,2.304965000000000047e-06,0.000000000000000000e+00
4.386593023408731256e+02,2.051393156976591285e+02,0.000000000000000000e+00,2.358966999999999924e-06,0.000000000000000000e+00
4.390674655903530947e+02,2.051389075344096398e+02,0.000000000000000000e+00,2.342697999999999978e-06,0.000000000000000000e+00
4.394977359223918825e+02,2.051384772640776077e+02,0.000000000000000000e+00,2.377958000000000044e-06,0.000000000000000000e+00
4.399217092494870940e+02,2.051380532907505199e+02,0.000000000000000000e+00,2.238549999999999938e-06,0.000000000000000000e+00
4.403557785081906673e+02,2.051376192214918035e+02,0.000000000000000000e+00,2.235320000000000140e-06,0.000000000000000000e+00
4.407451586991094246e+02,2.051372298413008934e+02,0.000000000000000000e+00,2.239699999999999918e-06,0.000000000000000000e+00
4.411753939545878893e+02,2.051367996060454004e+02,0.000000000000000000e+00,2.277142000000000076e-06,0.000000000000000000e+00
4.415972320798377382e+02,2.051363777679201519e+02,0.000000000000000000e+00,2.205954000000000140e-06,0.000000000000000000e+00
4.420142394552157725e+02,2.051359607605447763e+02,0.000000000000000000e+00,2.282685999999999798e-06,0.000000000000000000e+00
4.424329576822963759e+02,2.051355420423176952e+02,0.000000000000000000e+00,2.241228000000000169e-06,0.000000000000000000e+00
4.428207248642917762e+02,2.051351542751357044e+02,0.000000000000000000e+00,2.265165999999999837e-06,0.000000000000000000e+00
4.432387645221314187e+02,2.051347362354778738e+02,0.000000000000000000e+00,2.382686999999999927e-06,0.000000000000000000e+00
4.436471702415961431e+02,2.051343278297584050e+02,0.000000000000000000e+00,2.285757000000000077e-06,0.000000000000000000e+00
4.440853827982537609e+02,2.051338896172017598e+02,0.000000000000000000e+00,2.234984999999999998e-06,0.000000000000000000e+00
4.445085232633588248e+02,2.051334664767366576e+02,0.000000000000000000e+00,2.201806999999999805e-06,0.000000000000000000e+00
4.449081121248120780e+02,2.051330668878752022e+02,0.000000000000000000e+00,2.183179999999999992e-06,0.000000000000000000e+00
4.453409502372305724e+02,2.051326340497627712e+02,0.000000000000000000e+00,2.215616000000000032e-06,0.000000000000000000e+00
4.457340442288576696e+02,2.051322409557711524e+02,0.000000000000000000e+00,2.133877999999999833e-06,0.000000000000000000e+00
4.461632659663428626e+02,2.051318117340336471e+02,0.000000000000000000e+00,2.184343999999999935e-06,0.000000000000000000e+00
4.465941669762095785e+02,2.051313808330237975e+02,0.000000000000000000e+00,2.257584000000000186e-06,0.000000000000000000e+00
4.470273261183206159e+02,2.051309476738816784e+02,0.000000000000000000e+00,2.123909999999999965e-06,0.000000000000000000e+00
4.474327847654572565e+02,2.051305422152345557e+02,0.000000000000000000e+00,2.175730000000000173e-06,0.000000000000000000e+00
4.478331239101969459e+02,2.051301418760897946e+02,0.000000000000000000e+00,2.177766999999999863e-06,0.000000000000000000e+00
4.482761661241584079e+02,2.051296988338758354e+02,0.000000000000000000e+00,2.122352999999999973e-06,0.000000000000000000e+00
4.487018614838107737e+02,2.051292731385161972e+02,0.000000000000000000e+00,2.045985000000000199e-06,0.000000000000000000e+00
4.491219039389300747e+02,2.051288530960610785e+02,0.000000000000000000e+00,2.283763000000000093e-06,0.000000000000000000e+00
4.495407112144344524e+02,2.051284342887855701e+02,0.000000000000000000e+00,2.217552000000000109e-06,0.000000000000000000e+00
4.499650224762106632e+02,2.051280099775237886e+02,0.000000000000000000e+00,2.270884999999999943e-06,0.000000000000000000e+00
4.503530694706709028e+02,2.051276219305293296e+02,0.000000000000000000e+00,2.201587999999999901e-06,0.000000000000000000e+00
4.507683391035598106e+02,2.051272066608964337e+02,0.000000000000000000e+00,2.247673999999999802e-06,0.000000000000000000e+00
4.511795815867840815e+02,2.051267954184132236e+02,0.000000000000000000e+00,2.153101000000000004e-06,0.000000000000000000e+00
4.516139881736641541e+02,2.051263610118263330e+02,0.000000000000000000e+00,2.142230999999999802e-06,0.000000000000000000e+00
4.520314403339827436e+02,2.051259435596660126e+02,0.000000000000000000e+00,2.204512999999999962e-06,0.000000000000000000e+00
4.524294176351153851e+02,2.051255455823648788e+02,0.000000000000000000e+00,2.197629999999999913e-06,0.000000000000000000e+00
4.528727403467104864e+02,2.051251022596532891e+02,0.000000000000000000e+00,2.187326999999999903e-06,0.000000000000000000e+00
4.532602282121557664e+02,2.051247147717878363e+02,0.000000000000000000e+00,2.178014000000000116e-06,0.000000000000000000e+00
4.536890439851662222e+02,2.051242859560148304e+02,0.000000000000000000e+00,2.318366999999999838e-06,0.000000000000000000e+00
4.541194946623292594e+02,2.051238555053376729e+02,0.000000000000000000e+00,2.226385000000000199e-06,0.000000000000000000e+00
4.545276671961137254e+02,2.051234473328038916e+02,0.000000000000000000e+00,2.157627000000000001e-06,0.000000000000000000e+00
4.549493631955893989e+02,2.051230256368044138e+02,0.000000000000000000e+00,2.164132000000000204e-06,0.000000000000000000e+00
4.553529166736640832e+02,2.051226220833263483e+02,0.000000000000000000e+00,2.072803999999999984e-06,0.000000000000000000e+00
4.557521173207517222e+02,2.051222228826792389e+02,0.000000000000000000e+00,2.062369999999999958e-06,0.000000000000000000e+00
4.562006538384463852e+02,2.051217743461615441e+02,0.000000000000000000e+00,2.008120999999999827e-06,0.000000000000000000e+00
4.566038708810431785e+02,2.051213711291189554e+02,0.000000000000000000e+00,1.973312000000000141e-06,0.000000000000000000e+00
4.570236404494382327e+02,2.051209513595505598e+02,0.000000000000000000e+00,1.941428999999999907e-06,0.000000000000000000e+00
4.574695874999999887e+02,2.051205054124999947e+02,0.000000000000000000e+00,1.961133000000000015e-06,0.000000000000000000e+00
4.578851312198484038e+02,2.051200898687801555e+02,0.000000000000000000e+00,1.909909999999999981e-06,0.000000000000000000e+00
4.582729039283253201e+02,2.051197020960716770e+02,0.000000000000000000e+00,1.898660999999999904e-06,0.000000000000000000e+00
4.586994155759888940e+02,2.051192755844240025e+02,0.000000000000000000e+00,1.887252000000000070e-06,0.000000000000000000e+00
4.591298625646808205e+02,2.051188451374353292e+02,0.000000000000000000e+00,1.765715000000000085e-06,0.000000000000000000e+00
4.595668421460435411e+02,2.051184081578539633e+02,0.000000000000000000e+00,1.807537000000000021e-06,0.000000000000000000e+00
4.600139358851467364e+02,2.051179610641148656e+02,0.000000000000000000e+00,1.774737000000000098e-06,0.000000000000000000e+00
4.603989284396348012e+02,2.051175760715603644e+02,0.000000000000000000e+00,1.894411999999999930e-06,0.000000000000000000e+00
4.608195222710525059e+02,2.051171554777289430e+02,0.000000000000000000e+00,1.895314000000000053e-06,0.000000000000000000e+00
4.612375519205413070e+02,2.051167374480794479e+02,0.000000000000000000e+00,1.883425000000000098e-06,0.000000000000000000e+00
4.616540013883587790e+02,2.051163209986116556e+02,0.000000000000000000e+00,1.981796000000000126e-06,0.000000000000000000e+00
4.620759474589577280e+02,2.051158990525410388e+02,0.000000000000000000e+00,1.815234999999999909e-06,0.000000000000000000e+00
4.624825403521160183e+02,2.051154924596478963e+02,0.000000000000000000e+00,1.873137000000000079e-06,0.000000000000000000e+00
4.628961417467596107e+02,2.051150788582532414e+02,0.000000000000000000e+00,1.873865000000000058e-06,0.000000000000000000e+00
4.633055202385553457e+02,2.051146694797614600e+02,0.000000000000000000e+00,1.851848000000000053e-06,0.000000000000000000e+00
4.637081931547786553e+02,2.051142668068452224e+02,0.000000000000000000e+00,1.799547999999999935e-06,0.000000000000000000e+00
4.641386358187851329e+02,2.051138363641812248e+02,0.000000000000000000e+00,1.904904000000000075e-06,0.000000000000000000e+00
4.645637486718486002e+02,2.051134112513281593e+02,0.000000000000000000e+00,1.767504999999999944e-06,0.000000000000000000e+00
4.649730457868370195e+02,2.051130019542131606e+02,0.000000000000000000e+00,1.819600999999999936e-06,0.000000000000000000e+00
4.653997342875545087e+02,2.051125752657124508e+02,0.000000000000000000e+00,1.855529000000000018e-06,0.000000000000000000e+00
4.657987195801526354e+02,2.051121762804198454e+02,0.000000000000000000e+00,1.866748999999999929e-06,0.000000000000000000e+00
4.662224629572021968e+02,2.051117525370428041e+02,0.000000000000000000e+00,1.823471000000000037e-06,0.000000000000000000e+00
4.666556424644879257e+02,2.051113193575355069e+02,0.000000000000000000e+00,1.749519000000000037e-06,0.000000000000000000e+00
4.670865489000694311e+02,2.051108884510999246e+02,0.000000000000000000e+00,1.696607999999999994e-06,0.000000000000000000e+00
4.674939423726710856e+02,2.051104810576273394e+02,0.000000000000000000e+00,1.652530000000000041e-06,0.000000000000000000e+00
4.679088126463104231e+02,2.051100661873536808e+02,0.000000000000000000e+00,1.802370999999999934e-06,0.000000000000000000e+00
4.683419224389895135e+02,2.051096330775609999e+02,0.000000000000000000e+00,1.764056000000000030e-06,0.000000000000000000e+00
4.687640191798053024e+02,2.051092109808201940e+02,0.000000000000000000e+00,1.587104999999999943e-06,0.000000000000000000e+00
4.691644135499416279e+02,2.051088105864500619e+02,0.000000000000000000e+00,1.688021999999999946e-06,0.000000000000000000e+00
4.696028697933248282e+02,2.051083721302066749e+02,0.000000000000000000e+00,1.616660000000000078e-06,0.000000000000000000e+00
4.700309532679959830e+02,2.051079440467320012e+02,0.000000000000000000e+00,1.707842000000000080e-06,0.000000000000000000e+00
4.704287624163065971e+02,2.051075462375837049e+02,0.000000000000000000e+00,1.732332999999999978e-06,0.000000000000000000e+00
4.708440361832060717e+02,2.051071309638167861e+02,0.000000000000000000e+00,1.622698999999999911e-06,0.000000000000000000e+00
4.712363509198257816e+02,2.051067386490801709e+02,0.000000000000000000e+00,1.746491999999999913e-06,0.000000000000000000e+00
4.716655581531521761e+02,2.051063094418468609e+02,0.000000000000000000e+00,1.747757999999999920e-06,0.000000000000000000e+00
4.720737316793893115e+02,2.051059012683206220e+02,0.000000000000000000e+00,1.681474000000000039e-06,0.000000000000000000e+00
4.725051056393130011e+02,2.051054698943606809e+02,0.000000000000000000e+00,1.500492000000000066e-06,0.000000000000000000e+00
4.729495484167837844e+02,2.051050254515832307e+02,0.000000000000000000e+00,1.619468000000000086e-06,0.000000000000000000e+00
4.733280833683206197e+02,2.051046469166316797e+02,0.000000000000000000e+00,1.605133999999999979e-06,0.000000000000000000e+00
4.737514290837327735e+02,2.051042235709162753e+02,0.000000000000000000e+00,1.712177999999999915e-06,0.000000000000000000e+00
4.741500641274839722e+02,2.051038249358725238e+02,0.000000000000000000e+00,1.742577000000000053e-06,0.000000000000000000e+00
4.745900542476687178e+02,2.051033849457523388e+02,0.000000000000000000e+00,1.674969000000000048e-06,0.000000000000000000e+00
4.750207332046583133e+02,2.051029542667953365e+02,0.000000000000000000e+00,1.633670999999999965e-06,0.000000000000000000e+00
4.754215447576336260e+02,2.051025534552423721e+02,0.000000000000000000e+00,1.580774999999999913e-06,0.000000000000000000e+00
4.758280948307577773e+02,2.051021469051692350e+02,0.000000000000000000e+00,1.618755000000000098e-06,0.000000000000000000e+00
4.762677531367106099e+02,2.051017072468632989e+02,0.000000000000000000e+00,1.574982999999999909e-06,0.000000000000000000e+00
4.766529713745391064e+02,2.051013220286254750e+02,0.000000000000000000e+00,1.564753000000000009e-06,0.000000000000000000e+00
4.770922642066843196e+02,2.051008827357933058e+02,0.000000000000000000e+00,1.620151999999999908e-06,0.000000000000000000e+00
4.775372796235171791e+02,2.051004377203764761e+02,0.000000000000000000e+00,1.553752000000000002e-06,0.000000000000000000e+00
4.779229543857213685e+02,2.051000520456142908e+02,0.000000000000000000e+00,1.585547999999999951e-06,0.000000000000000000e+00
4.783485962668646039e+02,2.050996264037331400e+02,0.000000000000000000e+00,1.588851000000000070e-06,0.000000000000000000e+00
4.787641504641238157e+02,2.050992108495358650e+02,0.000000000000000000e+00,1.577077999999999929e-06,0.000000000000000000e+00
4.791924763133241072e+02,2.050987825236866797e+02,0.000000000000000000e+00,1.513181000000000082e-06,0.000000000000000000e+00
4.796357160466615142e+02,2.050983392839533508e+02,0.000000000000000000e+00,1.526161000000000083e-06,0.000000000000000000e+00
4.800703826491461541e+02,2.050979046173508493e+02,0.000000000000000000e+00,1.528212999999999974e-06,0.000000000000000000e+00
4.804582011937308152e+02,2.050975167988062822e+02,0.000000000000000000e+00,1.415116000000000030e-06,0.000000000000000000e+00
4.808965982792165050e+02,2.050970784017207791e+02,0.000000000000000000e+00,1.422914999999999954e-06,0.000000000000000000e+00
4.812840960245977726e+02,2.050966909039754000e+02,0.000000000000000000e+00,1.481181000000000007e-06,0.000000000000000000e+00
4.817083446986619037e+02,2.050962666553013491e+02,0.000000000000000000e+00,1.506822000000000097e-06,0.000000000000000000e+00
4.821276408555979742e+02,2.050958473591444147e+02,0.000000000000000000e+00,1.389896999999999942e-06,0.000000000000000000e+00
4.825469668910478731e+02,2.050954280331089592e+02,0.000000000000000000e+00,1.410181999999999994e-06,0.000000000000000000e+00
4.829732184648007092e+02,2.050950017815351885e+02,0.000000000000000000e+00,1.489199000000000046e-06,0.000000000000000000e+00
4.833607191921120148e+02,2.050946142808078889e+02,0.000000000000000000e+00,1.434120000000000086e-06,0.000000000000000000e+00
4.837762630710101917e+02,2.050941987369290018e+02,0.000000000000000000e+00,1.423351999999999946e-06,0.000000000000000000e+00
4.841853160710096518e+02,2.050937896839290033e+02,0.000000000000000000e+00,1.433757000000000018e-06,0.000000000000000000e+00
4.846211224447148993e+02,2.050933538775552734e+02,0.000000000000000000e+00,1.352323999999999980e-06,0.000000000000000000e+00
4.850582175499980053e+02,2.050929167824500041e+02,0.000000000000000000e+00,1.293694000000000043e-06,0.000000000000000000e+00
4.854438577351559161e+02,2.050925311422648463e+02,0.000000000000000000e+00,1.210952000000000082e-06,0.000000000000000000e+00
4.858806642239185862e+02,2.050920943357760962e+02,0.000000000000000000e+00,1.324005999999999898e-06,0.000000000000000000e+00
4.862915876581025145e+02,2.050916834123418937e+02,0.000000000000000000e+00,1.254199999999999994e-06,0.000000000000000000e+00
4.866959820051615111e+02,2.050912790179948502e+02,0.000000000000000000e+00,1.325780999999999979e-06,0.000000000000000000e+00
4.871268903177116272e+02,2.050908481096822982e+02,0.000000000000000000e+00,1.287873999999999903e-06,0.000000000000000000e+00
4.875635711507633800e+02,2.050904114288492508e+02,0.000000000000000000e+00,1.324777000000000005e-06,0.000000000000000000e+00
4.880102584354809778e+02,2.050899647415645290e+02,0.000000000000000000e+00,1.262814999999999996e-06,0.000000000000000000e+00
4.883863019938452794e+02,2.050895886980061675e+02,0.000000000000000000e+00,1.205874000000000095e-06,0.000000000000000000e+00
4.888167118358692278e+02,2.050891582881641284e+02,0.000000000000000000e+00,1.263630000000000046e-06,0.000000000000000000e+00
4.892352616113291788e+02,2.050887397383886821e+02,0.000000000000000000e+00,1.177788000000000064e-06,0.000000000000000000e+00
4.896434367365704929e+02,2.050883315632634378e+02,0.000000000000000000e+00,1.116088000000000087e-06,0.000000000000000000e+00
4.900741122248487045e+02,2.050879008877751630e+02,0.000000000000000000e+00,1.157997999999999911e-06,0.000000000000000000e+00
4.905050103886066495e+02,2.050874699896114066e+02,0.000000000000000000e+00,1.222884999999999982e-06,0.000000000000000000e+00
4.909127300140963825e+02,2.050870622699858927e+02,0.000000000000000000e+00,1.206048000000000027e-06,0.000000000000000000e+00
4.913275014995587071e+02,2.050866474985004402e+02,0.000000000000000000e+00,1.276435999999999903e-06,0.000000000000000000e+00
4.917284034785625977e+02,2.050862465965214483e+02,0.000000000000000000e+00,1.275897000000000059e-06,0.000000000000000000e+00
4.921499806827453085e+02,2.050858250193172694e+02,0.000000000000000000e+00,1.198991000000000046e-06,0.000000000000000000e+00
4.925824782506013548e+02,2.050853925217494123e+02,0.000000000000000000e+00,1.222054999999999940e-06,0.000000000000000000e+00
4.929977342196776817e+02,2.050849772657803385e+02,0.000000000000000000e+00,1.239138999999999936e-06,0.000000000000000000e+00
4.934130104190633119e+02,2.050845619895809477e+02,0.000000000000000000e+00,1.268985000000000057e-06,0.000000000000000000e+00
4.938005015378906251e+02,2.050841744984621187e+02,0.000000000000000000e+00,1.292312000000000012e-06,0.000000000000000000e+00
4.942222173126301641e+02,2.050837527826873838e+02,0.000000000000000000e+00,1.283318999999999952e-06,0.000000000000000000e+00
4.946684338721373706e+02,2.050833065661278738e+02,0.000000000000000000e+00,1.193606000000000054e-06,0.000000000000000000e+00
4.950671758041892190e+02,2.050829078241958143e+02,0.000000000000000000e+00,1.167295999999999920e-06,0.000000000000000000e+00
4.954909230372861657e+02,2.050824840769627144e+02,0.000000000000000000e+00,1.136606000000000007e-06,0.000000000000000000e+00
4.958996905345795767e+02,2.050820753094654094e+02,0.000000000000000000e+00,1.142369000000000057e-06,0.000000000000000000e+00
4.963207250361808747e+02,2.050816542749638245e+02,0.000000000000000000e+00,1.192937000000000010e-06,0.000000000000000000e+00
4.967385411480992161e+02,2.050812364588518903e+02,0.000000000000000000e+00,1.268985000000000057e-06,0.000000000000000000e+00
4.971462646402081873e+02,2.050808287353598018e+02,0.000000000000000000e+00,1.274340000000000067e-06,0.000000000000000000e+00
4.975769369564745830e+02,2.050803980630435319e+02,0.000000000000000000e+00,1.213876999999999932e-06,0.000000000000000000e+00
4.980069780617457695e+02,2.050799680219382424e+02,0.000000000000000000e+00,1.274224000000000042e-06,0.000000000000000000e+00
4.983970693023749163e+02,2.050795779306976385e+02,0.000000000000000000e+00,1.242908000000000001e-06,0.000000000000000000e+00
4.988126141447770010e+02,2.050791623858552271e+02,0.000000000000000000e+00,1.255306000000000031e-06,0.000000000000000000e+00
4.992553973208937350e+02,2.050787196026791150e+02,0.000000000000000000e+00,1.331966000000000030e-06,0.000000000000000000e+00
4.996853122689221891e+02,2.050782896877310861e+02,0.000000000000000000e+00,1.287727999999999896e-06,0.000000000000000000e+00
5.001159866446911906e+02,2.050778590133553223e+02,0.000000000000000000e+00,1.297245000000000020e-06,0.000000000000000000e+00
5.005239314610396946e+02,2.050774510685389487e+02,0.000000000000000000e+00,1.291962999999999907e-06,0.000000000000000000e+00
5.009450752129774287e+02,2.050770299247870128e+02,0.000000000000000000e+00,1.258799000000000101e-06,0.000000000000000000e+00
5.013634642822753449e+02,2.050766115357177171e+02,0.000000000000000000e+00,1.127307999999999999e-06,0.000000000000000000e+00
5.017735532565185395e+02,2.050762014467434824e+02,0.000000000000000000e+00,1.223088000000000079e-06,0.000000000000000000e+00
5.021975462716191032e+02,2.050757774537283922e+02,0.000000000000000000e+00,1.252469000000000070e-06,0.000000000000000000e+00
5.025962885469596131e+02,2.050753787114530553e+02,0.000000000000000000e+00,1.102627999999999966e-06,0.000000000000000000e+00
5.030411600876146281e+02,2.050749338399123758e+02,0.000000000000000000e+00,1.207460000000000040e-06,0.000000000000000000e+00
5.034442686132779841e+02,2.050745307313867158e+02,0.000000000000000000e+00,1.246692000000000057e-06,0.000000000000000000e+00
5.038530743944655228e+02,2.050741219256055388e+02,0.000000000000000000e+00,1.183580000000000067e-06,0.000000000000000000e+00
5.042429145238048136e+02,2.050737320854761947e+02,0.000000000000000000e+00,1.184918999999999971e-06,0.000000000000000000e+00
5.046729509782914533e+02,2.050733020490217200e+02,0.000000000000000000e+00,1.199660000000000090e-06,0.000000000000000000e+00
5.050949926444276912e+02,2.050728800073555647e+02,0.000000000000000000e+00,1.243504999999999964e-06,0.000000000000000000e+00
5.055115741892389565e+02,2.050724634258107528e+02,0.000000000000000000e+00,1.262116999999999998e-06,0.000000000000000000e+00
5.059296938701725708e+02,2.050720453061298372e+02,0.000000000000000000e+00,1.241031000000000070e-06,0.000000000000000000e+00
5.063727386439060751e+02,2.050716022613561051e+02,0.000000000000000000e+00,1.221807999999999899e-06,0.000000000000000000e+00
5.067847098530534140e+02,2.050711902901469443e+02,0.000000000000000000e+00,1.157124999999999954e-06,0.000000000000000000e+00
5.071892699945782965e+02,2.050707857300054116e+02,0.000000000000000000e+00,1.320921000000000079e-06,0.000000000000000000e+00
5.076201754916504001e+02,2.050703548245083425e+02,0.000000000000000000e+00,1.264634000000000020e-06,0.000000000000000000e+00
5.080561894396336129e+02,2.050699188105603810e+02,0.000000000000000000e+00,1.256980000000000076e-06,0.000000000000000000e+00
5.084592517852186120e+02,2.050695157482147977e+02,0.000000000000000000e+00,1.249616999999999906e-06,0.000000000000000000e+00
5.088654649391682483e+02,2.050691095350608464e+02,0.000000000000000000e+00,1.169376999999999976e-06,0.000000000000000000e+00
5.093087910239352141e+02,2.050686662089760546e+02,0.000000000000000000e+00,1.271808000000000055e-06,0.000000000000000000e+00
5.097287720419847119e+02,2.050682462279580136e+02,0.000000000000000000e+00,1.224295999999999967e-06,0.000000000000000000e+00
5.101253969283618517e+02,2.050678496030716360e+02,0.000000000000000000e+00,1.297754000000000094e-06,0.000000000000000000e+00
5.105671728116935242e+02,2.050674078271883047e+02,0.000000000000000000e+00,1.260311999999999937e-06,0.000000000000000000e+00
5.109731328151912066e+02,2.050670018671848140e+02,0.000000000000000000e+00,1.255306000000000031e-06,0.000000000000000000e+00
5.113851325618257420e+02,2.050665898674381822e+02,0.000000000000000000e+00,1.345776000000000073e-06,0.000000000000000000e+00
5.117953678188889057e+02,2.050661796321811039e+02,0.000000000000000000e+00,1.228137999999999929e-06,0.000000000000000000e+00
5.121994185075144514e+02,2.050657755814924883e+02,0.000000000000000000e+00,1.194988999999999902e-06,0.000000000000000000e+00
5.126430977418355042e+02,2.050653319022581798e+02,0.000000000000000000e+00,1.247259000000000038e-06,0.000000000000000000e+00
5.130380362967621295e+02,2.050649369637032464e+02,0.000000000000000000e+00,1.243592000000000036e-06,0.000000000000000000e+00
5.134614807262703380e+02,2.050645135192737314e+02,0.000000000000000000e+00,1.185428000000000045e-06,0.000000000000000000e+00
5.138766568327911273e+02,2.050640983431672169e+02,0.000000000000000000e+00,1.218809999999999940e-06,0.000000000000000000e+00
5.142880680359741064e+02,2.050636869319640141e+02,0.000000000000000000e+00,1.259598999999999949e-06,0.000000000000000000e+00
5.147120610510747838e+02,2.050632629389489239e+02,0.000000000000000000e+00,1.253836999999999927e-06,0.000000000000000000e+00
5.151337921215013012e+02,2.050628412078785061e+02,0.000000000000000000e+00,1.267705000000000088e-06,0.000000000000000000e+00
5.155541290843634670e+02,2.050624208709156449e+02,0.000000000000000000e+00,1.327295000000000054e-06,0.000000000000000000e+00
5.159817108511145989e+02,2.050619932891488872e+02,0.000000000000000000e+00,1.286825999999999985e-06,0.000000000000000000e+00
5.163694799077584321e+02,2.050616055200922574e+02,0.000000000000000000e+00,1.159685999999999920e-06,0.000000000000000000e+00
5.167847429140932718e+02,2.050611902570859115e+02,0.000000000000000000e+00,1.253211000000000011e-06,0.000000000000000000e+00
5.172297618645483226e+02,2.050607452381354676e+02,0.000000000000000000e+00,1.338878000000000033e-06,0.000000000000000000e+00
5.176168242255475889e+02,2.050603581757744678e+02,0.000000000000000000e+00,1.268956000000000103e-06,0.000000000000000000e+00
5.180525018664121717e+02,2.050599224981336022e+02,0.000000000000000000e+00,1.220075999999999946e-06,0.000000000000000000e+00
5.185009004341696937e+02,2.050594740995658185e+02,0.000000000000000000e+00,1.124775999999999986e-06,0.000000000000000000e+00
5.189163701688446508e+02,2.050590586298311564e+02,0.000000000000000000e+00,1.222214999999999910e-06,0.000000000000000000e+00
5.193237240114503948e+02,2.050586512759885522e+02,0.000000000000000000e+00,1.197041000000000005e-06,0.000000000000000000e+00
5.197251929856216748e+02,2.050582498070143913e+02,0.000000000000000000e+00,1.226945000000000032e-06,0.000000000000000000e+00
5.201712096340473863e+02,2.050578037903659663e+02,0.000000000000000000e+00,1.211985000000000010e-06,0.000000000000000000e+00
5.205954546721056886e+02,2.050573795453279047e+02,0.000000000000000000e+00,1.223088000000000079e-06,0.000000000000000000e+00
5.209944918043025837e+02,2.050569805081956929e+02,0.000000000000000000e+00,1.260501000000000072e-06,0.000000000000000000e+00
5.214365936671349573e+02,2.050565384063328622e+02,0.000000000000000000e+00,1.287567999999999926e-06,0.000000000000000000e+00
5.218419268703929674e+02,2.050561330731296152e+02,0.000000000000000000e+00,1.266670999999999921e-06,0.000000000000000000e+00
5.222417448261802519e+02,2.050557332551738341e+02,0.000000000000000000e+00,1.337393999999999938e-06,0.000000000000000000e+00
5.226582601212651298e+02,2.050553167398787480e+02,0.000000000000000000e+00,1.362830999999999903e-06,0.000000000000000000e+00
5.230810502448439365e+02,2.050548939497551544e+02,0.000000000000000000e+00,1.333960000000000015e-06,0.000000000000000000e+00
5.235109568034350787e+02,2.050544640431965604e+02,0.000000000000000000e+00,1.371924999999999998e-06,0.000000000000000000e+00
5.239026538726607214e+02,2.050540723461273274e+02,0.000000000000000000e+00,1.337743000000000043e-06,0.000000000000000000e+00
5.243176481480107896e+02,2.050536573518519958e+02,0.000000000000000000e+00,1.319393000000000041e-06,0.000000000000000000e+00
5.247163546730811277e+02,2.050532586453269346e+02,0.000000000000000000e+00,1.295483999999999903e-06,0.000000000000000000e+00
5.251583629514062750e+02,2.050528166370486076e+02,0.000000000000000000e+00,1.295876999999999951e-06,0.000000000000000000e+00
5.255821058231350662e+02,2.050523928941768759e+02,0.000000000000000000e+00,1.316802999999999910e-06,0.000000000000000000e+00
5.259828216699197583e+02,2.050519921783300958e+02,0.000000000000000000e+00,1.329128000000000042e-06,0.000000000000000000e+00
5.264220482039863782e+02,2.050515529517960260e+02,0.000000000000000000e+00,1.272157999999999975e-06,0.000000000000000000e+00
5.268375937084846328e+02,2.050511374062915309e+02,0.000000000000000000e+00,1.285633000000000088e-06,0.000000000000000000e+00
5.272530772871490399e+02,2.050507219227128530e+02,0.000000000000000000e+00,1.389227999999999898e-06,0.000000000000000000e+00
5.276609691620402600e+02,2.050503140308379670e+02,0.000000000000000000e+00,1.283828000000000026e-06,0.000000000000000000e+00
5.281008096149625999e+02,2.050498741903850259e+02,0.000000000000000000e+00,1.256630999999999972e-06,0.000000000000000000e+00
5.285243059023354135e+02,2.050494506940976578e+02,0.000000000000000000e+00,1.283769999999999908e-06,0.000000000000000000e+00
5.289703327145015237e+02,2.050490046672854874e+02,0.000000000000000000e+00,1.278459000000000053e-06,0.000000000000000000e+00
5.293580951445914025e+02,2.050486169048554075e+02,0.000000000000000000e+00,1.335690999999999940e-06,0.000000000000000000e+00
5.297733647774803103e+02,2.050482016352225116e+02,0.000000000000000000e+00,1.359746000000000085e-06,0.000000000000000000e+00
5.302002511802212439e+02,2.050477747488197906e+02,0.000000000000000000e+00,1.351668999999999899e-06,0.000000000000000000e+00
5.306086524306036836e+02,2.050473663475694082e+02,0.000000000000000000e+00,1.350082999999999954e-06,0.000000000000000000e+00
5.310395522560777408e+02,2.050469354477439197e+02,0.000000000000000000e+00,1.320163999999999936e-06,0.000000000000000000e+00
5.314427409422485198e+02,2.050465322590577557e+02,0.000000000000000000e+00,1.344917000000000078e-06,0.000000000000000000e+00
5.318516585066397511e+02,2.050461233414933702e+02,0.000000000000000000e+00,1.371212000000000010e-06,0.000000000000000000e+00
5.322868007738018150e+02,2.050456881992261913e+02,0.000000000000000000e+00,1.301858000000000089e-06,0.000000000000000000e+00
5.326892283002933937e+02,2.050452857716996959e+02,0.000000000000000000e+00,1.249238000000000032e-06,0.000000000000000000e+00
5.331132213153939574e+02,2.050448617786846057e+02,0.000000000000000000e+00,1.273190999999999903e-06,0.000000000000000000e+00
5.335122077702235401e+02,2.050444627922297798e+02,0.000000000000000000e+00,1.130290999999999966e-06,0.000000000000000000e+00
5.339566123720412634e+02,2.050440183876279718e+02,0.000000000000000000e+00,1.226668000000000010e-06,0.000000000000000000e+00
5.343599496209355948e+02,2.050436150503790600e+02,0.000000000000000000e+00,1.262364000000000040e-06,0.000000000000000000e+00
5.347599289993903540e+02,2.050432150710006169e+02,0.000000000000000000e+00,1.293024999999999999e-06,0.000000000000000000e+00
5.351887991759016359e+02,2.050427862008241107e+02,0.000000000000000000e+00,1.375724000000000044e-06,0.000000000000000000e+00
5.356097266962208323e+02,2.050423652733037727e+02,0.000000000000000000e+00,1.298306999999999901e-06,0.000000000000000000e+00
5.360274223868491390e+02,2.050419475776131435e+02,0.000000000000000000e+00,1.292443000000000028e-06,0.000000000000000000e+00
5.364487860450075232e+02,2.050415262139549952e+02,0.000000000000000000e+00,1.322273999999999946e-06,0.000000000000000000e+00
5.368662730003686647e+02,2.050411087269996244e+02,0.000000000000000000e+00,1.271880999999999953e-06,0.000000000000000000e+00
5.372798745598643109e+02,2.050406951254401520e+02,0.000000000000000000e+00,1.226683000000000000e-06,0.000000000000000000e+00
5.377053455947605016e+02,2.050402696544052503e+02,0.000000000000000000e+00,1.250285999999999950e-06,0.000000000000000000e+00
5.381135231819562250e+02,2.050398614768180323e+02,0.000000000000000000e+00,1.239546999999999975e-06,0.000000000000000000e+00
5.385444290325518750e+02,2.050394305709674541e+02,0.000000000000000000e+00,1.215026999999999912e-06,0.000000000000000000e+00
5.389695662256149262e+02,2.050390054337743777e+02,0.000000000000000000e+00,1.208608999999999993e-06,0.000000000000000000e+00
5.393966019647415351e+02,2.050385783980352699e+02,0.000000000000000000e+00,1.222782999999999919e-06,0.000000000000000000e+00
5.398140278890480204e+02,2.050381609721109442e+02,0.000000000000000000e+00,1.244493999999999947e-06,0.000000000000000000e+00
5.402193320229007441e+02,2.050377556679771089e+02,0.000000000000000000e+00,1.217180000000000051e-06,0.000000000000000000e+00
5.406527982181738707e+02,2.050373222017818193e+02,0.000000000000000000e+00,1.315623999999999976e-06,0.000000000000000000e+00
5.410832484118757293e+02,2.050368917515881151e+02,0.000000000000000000e+00,1.290696999999999901e-06,0.000000000000000000e+00
5.414905658703689824e+02,2.050364844341296475e+02,0.000000000000000000e+00,1.407505000000000003e-06,0.000000000000000000e+00
5.419045052056827672e+02,2.050360704947943304e+02,0.000000000000000000e+00,1.369029999999999918e-06,0.000000000000000000e+00
5.422922706106869555e+02,2.050356827293893218e+02,0.000000000000000000e+00,1.403851999999999963e-06,0.000000000000000000e+00
5.427367932590595956e+02,2.050352382067409565e+02,0.000000000000000000e+00,1.392312999999999929e-06,0.000000000000000000e+00
5.431337751322982967e+02,2.050348412248677050e+02,0.000000000000000000e+00,1.369029999999999918e-06,0.000000000000000000e+00
5.435595232157255623e+02,2.050344154767842895e+02,0.000000000000000000e+00,1.348278999999999920e-06,0.000000000000000000e+00
5.439618322170414331e+02,2.050340131677829731e+02,0.000000000000000000e+00,1.303124000000000095e-06,0.000000000000000000e+00
5.443963945292621247e+02,2.050335786054707512e+02,0.000000000000000000e+00,1.361971999999999909e-06,0.000000000000000000e+00
5.448116680425159757e+02,2.050331633319574962e+02,0.000000000000000000e+00,1.391643000000000069e-06,0.000000000000000000e+00
5.452118696236805135e+02,2.050327631303763098e+02,0.000000000000000000e+00,1.342471999999999926e-06,0.000000000000000000e+00
5.456390756228313421e+02,2.050323359243771790e+02,0.000000000000000000e+00,1.274399000000000002e-06,0.000000000000000000e+00
5.460641483444657069e+02,2.050319108516555389e+02,0.000000000000000000e+00,1.322216000000000039e-06,0.000000000000000000e+00
5.464733017420346641e+02,2.050315016982579550e+02,0.000000000000000000e+00,1.439998999999999950e-06,0.000000000000000000e+00
5.468999652835229881e+02,2.050310750347164799e+02,0.000000000000000000e+00,1.432126999999999917e-06,0.000000000000000000e+00
5.473321694786227454e+02,2.050306428305213728e+02,0.000000000000000000e+00,1.469655999999999935e-06,0.000000000000000000e+00
5.477479047376981498e+02,2.050302270952622905e+02,0.000000000000000000e+00,1.579945000000000083e-06,0.000000000000000000e+00
5.481560778260680991e+02,2.050298189221739449e+02,0.000000000000000000e+00,1.528417000000000100e-06,0.000000000000000000e+00
5.485869846402082430e+02,2.050293880153597854e+02,0.000000000000000000e+00,1.568536000000000037e-06,0.000000000000000000e+00
5.490194241083995621e+02,2.050289555758916151e+02,0.000000000000000000e+00,1.552136000000000076e-06,0.000000000000000000e+00
5.494256059647373149e+02,2.050285493940352524e+02,0.000000000000000000e+00,1.510008999999999979e-06,0.000000000000000000e+00
5.498523941753028339e+02,2.050281226058247057e+02,0.000000000000000000e+00,1.491250999999999938e-06,0.000000000000000000e+00
5.502646785591290381e+02,2.050277103214408783e+02,0.000000000000000000e+00,1.475301999999999932e-06,0.000000000000000000e+00
5.506648847919847185e+02,2.050273101152080244e+02,0.000000000000000000e+00,1.543230999999999904e-06,0.000000000000000000e+00
5.511033071917763664e+02,2.050268716928082142e+02,0.000000000000000000e+00,1.513966999999999967e-06,0.000000000000000000e+00
5.515112494927457192e+02,2.050264637505072471e+02,0.000000000000000000e+00,1.634630999999999995e-06,0.000000000000000000e+00
5.519287411413577047e+02,2.050260462588586563e+02,0.000000000000000000e+00,1.628214000000000103e-06,0.000000000000000000e+00
5.523348596159258932e+02,2.050256401403840698e+02,0.000000000000000000e+00,1.573208000000000041e-06,0.000000000000000000e+00
5.527350926607533665e+02,2.050252399073392553e+02,0.000000000000000000e+00,1.570545000000000012e-06,0.000000000000000000e+00
5.531828456461271344e+02,2.050247921543538610e+02,0.000000000000000000e+00,1.559049000000000106e-06,0.000000000000000000e+00
5.535741668635870383e+02,2.050244008331364114e+02,0.000000000000000000e+00,1.544409000000000022e-06,0.000000000000000000e+00
5.540055749726853946e+02,2.050239694250273033e+02,0.000000000000000000e+00,1.577428000000000061e-06,0.000000000000000000e+00
5.544130158686647292e+02,2.050235619841313337e+02,0.000000000000000000e+00,1.560386999999999982e-06,0.000000000000000000e+00
5.548283162270092816e+02,2.050231466837730068e+02,0.000000000000000000e+00,1.649895999999999966e-06,0.000000000000000000e+00
5.552520099024596902e+02,2.050227229900975487e+02,0.000000000000000000e+00,1.621156000000000094e-06,0.000000000000000000e+00
5.556671213852056326e+02,2.050223078786148108e+02,0.000000000000000000e+00,1.574022000000000064e-06,0.000000000000000000e+00
5.560904896931317580e+02,2.050218845103068759e+02,0.000000000000000000e+00,1.625682000000000091e-06,0.000000000000000000e+00
5.565211656404251244e+02,2.050214538343595905e+02,0.000000000000000000e+00,1.523876999999999928e-06,0.000000000000000000e+00
5.569222760229007463e+02,2.050210527239771068e+02,0.000000000000000000e+00,1.528649999999999967e-06,0.000000000000000000e+00
5.573291853070744537e+02,2.050206458146929265e+02,0.000000000000000000e+00,1.591193999999999948e-06,0.000000000000000000e+00
5.577456905571339121e+02,2.050202293094428683e+02,0.000000000000000000e+00,1.549938999999999993e-06,0.000000000000000000e+00
5.581942485801525891e+02,2.050197807514198587e+02,0.000000000000000000e+00,1.442924000000000011e-06,0.000000000000000000e+00
5.585929895255135307e+02,2.050193820104744873e+02,0.000000000000000000e+00,1.522755999999999901e-06,0.000000000000000000e+00
5.590167327964120432e+02,2.050189582672036011e+02,0.000000000000000000e+00,1.647072999999999968e-06,0.000000000000000000e+00
5.594616407654792738e+02,2.050185133592345323e+02,0.000000000000000000e+00,1.618508000000000056e-06,0.000000000000000000e+00
5.598771873194264117e+02,2.050180978126805655e+02,0.000000000000000000e+00,1.591455999999999980e-06,0.000000000000000000e+00
5.602884612991722406e+02,2.050176865387008434e+02,0.000000000000000000e+00,1.626758999999999962e-06,0.000000000000000000e+00
5.606931398668430120e+02,2.050172818601331528e+02,0.000000000000000000e+00,1.595398999999999978e-06,0.000000000000000000e+00
5.611364473293732544e+02,2.050168385526706345e+02,0.000000000000000000e+00,1.634427000000000081e-06,0.000000000000000000e+00
5.615353730844325355e+02,2.050164396269155702e+02,0.000000000000000000e+00,1.647146000000000077e-06,0.000000000000000000e+00
5.619591055506692783e+02,2.050160158944493389e+02,0.000000000000000000e+00,1.693857000000000078e-06,0.000000000000000000e+00
5.623710630747543746e+02,2.050156039369252596e+02,0.000000000000000000e+00,1.689536000000000022e-06,0.000000000000000000e+00
5.627857357499933642e+02,2.050151892642500115e+02,0.000000000000000000e+00,1.651612999999999928e-06,0.000000000000000000e+00
5.632103730557363406e+02,2.050147646269442703e+02,0.000000000000000000e+00,1.614128000000000066e-06,0.000000000000000000e+00
5.636183216377870622e+02,2.050143566783622191e+02,0.000000000000000000e+00,1.636085999999999924e-06,0.000000000000000000e+00
5.640492191069375849e+02,2.050139257808930608e+02,0.000000000000000000e+00,1.685795999999999910e-06,0.000000000000000000e+00
5.644527141555035996e+02,2.050135222858444877e+02,0.000000000000000000e+00,1.699373000000000086e-06,0.000000000000000000e+00
5.648629147349448658e+02,2.050131120852650497e+02,0.000000000000000000e+00,1.691426999999999916e-06,0.000000000000000000e+00
5.652781873607760872e+02,2.050126968126392342e+02,0.000000000000000000e+00,1.578141000000000049e-06,0.000000000000000000e+00
5.656869677307516895e+02,2.050122880322692538e+02,0.000000000000000000e+00,1.628519000000000052e-06,0.000000000000000000e+00
5.661231044442853317e+02,2.050118518955557079e+02,0.000000000000000000e+00,1.651176999999999963e-06,0.000000000000000000e+00
5.665468413521315370e+02,2.050114281586478739e+02,0.000000000000000000e+00,1.520572999999999993e-06,0.000000000000000000e+00
5.669950942317173030e+02,2.050109799057682949e+02,0.000000000000000000e+00,1.765031000000000051e-06,0.000000000000000000e+00
5.673827704809656325e+02,2.050105922295190339e+02,0.000000000000000000e+00,1.593317999999999921e-06,0.000000000000000000e+00
5.677978562519217576e+02,2.050101771437480807e+02,0.000000000000000000e+00,1.526117999999999955e-06,0.000000000000000000e+00
5.682202848265093280e+02,2.050097547151735000e+02,0.000000000000000000e+00,1.525506000000000002e-06,0.000000000000000000e+00
5.686660559975190381e+02,2.050093089440024698e+02,0.000000000000000000e+00,1.476510000000000031e-06,0.000000000000000000e+00
5.690652970019083341e+02,2.050089097029980962e+02,0.000000000000000000e+00,1.330569000000000008e-06,0.000000000000000000e+00
5.694892913192422839e+02,2.050084857086807517e+02,0.000000000000000000e+00,1.523279999999999966e-06,0.000000000000000000e+00
5.698982128116934973e+02,2.050080767871883154e+02,0.000000000000000000e+00,1.598630000000000015e-06,0.000000000000000000e+00
5.703186409839107682e+02,2.050076563590160958e+02,0.000000000000000000e+00,1.538632000000000010e-06,0.000000000000000000e+00
5.707370634252131367e+02,2.050072379365747963e+02,0.000000000000000000e+00,1.539200000000000018e-06,0.000000000000000000e+00
5.711450088709607371e+02,2.050068299911290524e+02,0.000000000000000000e+00,1.565625999999999967e-06,0.000000000000000000e+00
5.715759140387326624e+02,2.050063990859612773e+02,0.000000000000000000e+00,1.596331000000000082e-06,0.000000000000000000e+00
5.719822423587786488e+02,2.050059927576412235e+02,0.000000000000000000e+00,1.502441999999999895e-06,0.000000000000000000e+00
5.723955383974341657e+02,2.050055794616025651e+02,0.000000000000000000e+00,1.545486000000000105e-06,0.000000000000000000e+00
5.728227069532215410e+02,2.050051522930467911e+02,0.000000000000000000e+00,1.485809000000000067e-06,0.000000000000000000e+00
5.732081543128538215e+02,2.050047668456871577e+02,0.000000000000000000e+00,1.582477000000000096e-06,0.000000000000000000e+00
5.736529655706107178e+02,2.050043220344293786e+02,0.000000000000000000e+00,1.482025000000000011e-06,0.000000000000000000e+00
5.740519556745151704e+02,2.050039230443254894e+02,0.000000000000000000e+00,1.514200000000000046e-06,0.000000000000000000e+00
5.744761988329873930e+02,2.050034988011670123e+02,0.000000000000000000e+00,1.574910000000000012e-06,0.000000000000000000e+00
5.749166001251126090e+02,2.050030583998749023e+02,0.000000000000000000e+00,1.619860999999999923e-06,0.000000000000000000e+00
5.753040433176208808e+02,2.050026709566823797e+02,0.000000000000000000e+00,1.665801000000000028e-06,0.000000000000000000e+00
5.757251420904592578e+02,2.050022498579095327e+02,0.000000000000000000e+00,1.687964000000000039e-06,0.000000000000000000e+00
5.761562912519789279e+02,2.050018187087480328e+02,0.000000000000000000e+00,1.655570999999999916e-06,0.000000000000000000e+00
5.765644609555204170e+02,2.050014105390444854e+02,0.000000000000000000e+00,1.607971999999999967e-06,0.000000000000000000e+00
5.769943335627004899e+02,2.050009806664373002e+02,0.000000000000000000e+00,1.641993999999999953e-06,0.000000000000000000e+00
5.774183889312977271e+02,2.050005566110687028e+02,0.000000000000000000e+00,1.572668999999999985e-06,0.000000000000000000e+00
5.777970943144167677e+02,2.050001779056855753e+02,0.000000000000000000e+00,1.599837999999999903e-06,0.000000000000000000e+00
5.782413783821178868e+02,2.049997336216178780e+02,0.000000000000000000e+00,1.545064000000000103e-06,0.000000000000000000e+00
5.786728376708377937e+02,2.049993021623291725e+02,0.000000000000000000e+00,1.490160000000000103e-06,0.000000000000000000e+00
5.791037351399883164e+02,2.049988712648600142e+02,0.000000000000000000e+00,1.559063000000000069e-06,0.000000000000000000e+00
5.795378517731816146e+02,2.049984371482268273e+02,0.000000000000000000e+00,1.536550999999999953e-06,0.000000000000000000e+00
5.799423625226631884e+02,2.049980326374773369e+02,0.000000000000000000e+00,1.472246000000000066e-06,0.000000000000000000e+00
5.803450963267686120e+02,2.049976299036732428e+02,0.000000000000000000e+00,1.409033000000000041e-06,0.000000000000000000e+00
5.807811798882004268e+02,2.049971938201117894e+02,0.000000000000000000e+00,1.397259999999999900e-06,0.000000000000000000e+00
5.811832538867131461e+02,2.049967917461133027e+02,0.000000000000000000e+00,1.392764000000000096e-06,0.000000000000000000e+00
5.816200595779748710e+02,2.049963549404220373e+02,0.000000000000000000e+00,1.421081999999999966e-06,0.000000000000000000e+00
5.820055573577614041e+02,2.049959694426422345e+02,0.000000000000000000e+00,1.474822000000000023e-06,0.000000000000000000e+00
5.824495009430911523e+02,2.049955254990569244e+02,0.000000000000000000e+00,1.369757000000000081e-06,0.000000000000000000e+00
5.828535409179388580e+02,2.049951214590820712e+02,0.000000000000000000e+00,1.394858999999999904e-06,0.000000000000000000e+00
5.832528174957591318e+02,2.049947221825042334e+02,0.000000000000000000e+00,1.359324000000000082e-06,0.000000000000000000e+00
5.836828207133261230e+02,2.049942921792866741e+02,0.000000000000000000e+00,1.210545000000000071e-06,0.000000000000000000e+00
5.840911558873153808e+02,2.049938838441126734e+02,0.000000000000000000e+00,1.132910000000000051e-06,0.000000000000000000e+00
5.845220533564659036e+02,2.049934529466435436e+02,0.000000000000000000e+00,1.298948000000000019e-06,0.000000000000000000e+00
5.849232511634342018e+02,2.049930517488365638e+02,0.000000000000000000e+00,1.238121000000000000e-06,0.000000000000000000e+00
5.853299929217802173e+02,2.049926450070782096e+02,0.000000000000000000e+00,1.249209000000000079e-06,0.000000000000000000e+00
5.857733190065470126e+02,2.049922016809934462e+02,0.000000000000000000e+00,1.298146999999999931e-06,0.000000000000000000e+00
5.861997545835050687e+02,2.049917752454165054e+02,0.000000000000000000e+00,1.299035000000000091e-06,0.000000000000000000e+00
5.865935805448772271e+02,2.049913814194551378e+02,0.000000000000000000e+00,1.308987999999999968e-06,0.000000000000000000e+00
5.870388317574601160e+02,2.049909361682425413e+02,0.000000000000000000e+00,1.320134999999999982e-06,0.000000000000000000e+00
5.874627253012431538e+02,2.049905122746987729e+02,0.000000000000000000e+00,1.333101000000000020e-06,0.000000000000000000e+00
5.878774504951311428e+02,2.049900975495048669e+02,0.000000000000000000e+00,1.366438999999999971e-06,0.000000000000000000e+00
5.882889439709916815e+02,2.049896860560290008e+02,0.000000000000000000e+00,1.386957999999999918e-06,0.000000000000000000e+00
5.887129319064885067e+02,2.049892620680935238e+02,0.000000000000000000e+00,1.275228000000000016e-06,0.000000000000000000e+00
5.891472038932141686e+02,2.049888277961067899e+02,0.000000000000000000e+00,1.321940000000000044e-06,0.000000000000000000e+00
5.895549254044675536e+02,2.049884200745955241e+02,0.000000000000000000e+00,1.394276999999999932e-06,0.000000000000000000e+00
5.899821282391920931e+02,2.049879928717608095e+02,0.000000000000000000e+00,1.358682999999999964e-06,0.000000000000000000e+00
5.903829019127364290e+02,2.049875920980872763e+02,0.000000000000000000e+00,1.307228000000000090e-06,0.000000000000000000e+00
5.907854382399872293e+02,2.049871895617600046e+02,0.000000000000000000e+00,1.333217000000000046e-06,0.000000000000000000e+00
5.912098976747414554e+02,2.049867651023252506e+02,0.000000000000000000e+00,1.371736000000000075e-06,0.000000000000000000e+00
5.916182973463456847e+02,2.049863567026536657e+02,0.000000000000000000e+00,1.368506000000000065e-06,0.000000000000000000e+00
5.920541235201221753e+02,2.049859208764798666e+02,0.000000000000000000e+00,1.321706999999999965e-06,0.000000000000000000e+00
5.924576056212183630e+02,2.049855173943787747e+02,0.000000000000000000e+00,1.323248999999999966e-06,0.000000000000000000e+00
5.928637253425928293e+02,2.049851112746574131e+02,0.000000000000000000e+00,1.296416000000000006e-06,0.000000000000000000e+00
5.932964508130380636e+02,2.049846785491869525e+02,0.000000000000000000e+00,1.264968999999999950e-06,0.000000000000000000e+00
5.937000931971945192e+02,2.049842749068027956e+02,0.000000000000000000e+00,1.310603999999999895e-06,0.000000000000000000e+00
5.941238343053435074e+02,2.049838511656946594e+02,0.000000000000000000e+00,1.397623999999999995e-06,0.000000000000000000e+00
5.945659769148359146e+02,2.049834090230851587e+02,0.000000000000000000e+00,1.445659999999999937e-06,0.000000000000000000e+00
5.949715671824232004e+02,2.049830034328175827e+02,0.000000000000000000e+00,1.331979999999999993e-06,0.000000000000000000e+00
5.953836775296207406e+02,2.049825913224703697e+02,0.000000000000000000e+00,1.415276000000000000e-06,0.000000000000000000e+00
5.957940474163843874e+02,2.049821809525836045e+02,0.000000000000000000e+00,1.290274999999999899e-06,0.000000000000000000e+00
5.961979952080848761e+02,2.049817770047919225e+02,0.000000000000000000e+00,1.333464999999999904e-06,0.000000000000000000e+00
5.966415380729501976e+02,2.049813334619270506e+02,0.000000000000000000e+00,1.325883000000000041e-06,0.000000000000000000e+00
5.970402743844080078e+02,2.049809347256155831e+02,0.000000000000000000e+00,1.307664000000000055e-06,0.000000000000000000e+00
5.974640172561367990e+02,2.049805109827438514e+02,0.000000000000000000e+00,1.333245999999999999e-06,0.000000000000000000e+00
5.979033451522782343e+02,2.049800716548477340e+02,0.000000000000000000e+00,1.268257999999999894e-06,0.000000000000000000e+00
5.983120077709922953e+02,2.049796629922290094e+02,0.000000000000000000e+00,1.323744000000000078e-06,0.000000000000000000e+00
5.987145416269436282e+02,2.049792604583730622e+02,0.000000000000000000e+00,1.243678999999999896e-06,0.000000000000000000e+00
5.991454445177940897e+02,2.049788295554822071e+02,0.000000000000000000e+00,1.126027000000000002e-06,0.000000000000000000e+00
5.995842324750112766e+02,2.049783907675249850e+02,0.000000000000000000e+00,1.292777999999999958e-06,0.000000000000000000e+00
6.000077194236366722e+02,2.049779672805763653e+02,0.000000000000000000e+00,1.304782999999999938e-06,0.000000000000000000e+00
6.004151980221638496e+02,2.049775598019778329e+02,0.000000000000000000e+00,1.225388000000000040e-06,0.000000000000000000e+00
6.008394007856442158e+02,2.049771355992143640e+02,0.000000000000000000e+00,1.349588000000000054e-06,0.000000000000000000e+00
6.012542032652671651e+02,2.049767207967347247e+02,0.000000000000000000e+00,1.320121000000000019e-06,0.000000000000000000e+00
6.016615361315087966e+02,2.049763134638685074e+02,0.000000000000000000e+00,1.290857000000000082e-06,0.000000000000000000e+00
6.020924410271090892e+02,2.049758825589728986e+02,0.000000000000000000e+00,1.416483000000000072e-06,0.000000000000000000e+00
6.025006195558639774e+02,2.049754743804441262e+02,0.000000000000000000e+00,1.344670000000000036e-06,0.000000000000000000e+00
6.029160202613513775e+02,2.049750589797386624e+02,0.000000000000000000e+00,1.170614000000000029e-06,0.000000000000000000e+00
6.033035113801786338e+02,2.049746714886198333e+02,0.000000000000000000e+00,1.279389999999999917e-06,0.000000000000000000e+00
6.037244573156079923e+02,2.049742505426843877e+02,0.000000000000000000e+00,1.192703999999999931e-06,0.000000000000000000e+00
6.041703944119470862e+02,2.049738046055880432e+02,0.000000000000000000e+00,1.199543000000000036e-06,0.000000000000000000e+00
6.045691385863212872e+02,2.049734058614136814e+02,0.000000000000000000e+00,1.199427000000000011e-06,0.000000000000000000e+00
6.049928814580500784e+02,2.049729821185419496e+02,0.000000000000000000e+00,1.257824000000000080e-06,0.000000000000000000e+00
6.054017004476058901e+02,2.049725732995524083e+02,0.000000000000000000e+00,1.214939000000000024e-06,0.000000000000000000e+00
6.058229010650197779e+02,2.049721520989349699e+02,0.000000000000000000e+00,1.076289000000000089e-06,0.000000000000000000e+00
6.062407763318948355e+02,2.049717342236681077e+02,0.000000000000000000e+00,1.300678999999999943e-06,0.000000000000000000e+00
6.066719120470170310e+02,2.049713030879529754e+02,0.000000000000000000e+00,1.289489000000000013e-06,0.000000000000000000e+00
6.070798543479863838e+02,2.049708951456520083e+02,0.000000000000000000e+00,1.225388000000000040e-06,0.000000000000000000e+00
6.075115828450105937e+02,2.049704634171550026e+02,0.000000000000000000e+00,1.329884999999999974e-06,0.000000000000000000e+00
6.079353212958014865e+02,2.049700396787042109e+02,0.000000000000000000e+00,1.157750000000000054e-06,0.000000000000000000e+00
6.083711776005937963e+02,2.049696038223994208e+02,0.000000000000000000e+00,1.213266000000000006e-06,0.000000000000000000e+00
6.087586787605692962e+02,2.049692163212394291e+02,0.000000000000000000e+00,1.261694999999999996e-06,0.000000000000000000e+00
6.091880036607317379e+02,2.049687869963392757e+02,0.000000000000000000e+00,1.195469000000000022e-06,0.000000000000000000e+00
6.096184463247381018e+02,2.049683565536752781e+02,0.000000000000000000e+00,1.240419999999999933e-06,0.000000000000000000e+00
6.100263946198222129e+02,2.049679486053801725e+02,0.000000000000000000e+00,1.336753000000000032e-06,0.000000000000000000e+00
6.104478137440029286e+02,2.049675271862560066e+02,0.000000000000000000e+00,1.195119999999999918e-06,0.000000000000000000e+00
6.108652446609269191e+02,2.049671097553390666e+02,0.000000000000000000e+00,8.293572999999999563e-07,0.000000000000000000e+00
6.112508458069817152e+02,2.049667241541930309e+02,0.000000000000000000e+00,9.859214000000000791e-07,0.000000000000000000e+00
6.116997548357546748e+02,2.049662752451642405e+02,0.000000000000000000e+00,1.132474000000000086e-06,0.000000000000000000e+00
6.120984994608521674e+02,2.049658765005391388e+02,0.000000000000000000e+00,1.054723000000000041e-06,0.000000000000000000e+00
6.125222399828239759e+02,2.049654527600171718e+02,0.000000000000000000e+00,1.186680000000000088e-06,0.000000000000000000e+00
6.129279384424540922e+02,2.049650470615575557e+02,0.000000000000000000e+00,1.206964999999999929e-06,0.000000000000000000e+00
6.133555283611206050e+02,2.049646194716388834e+02,0.000000000000000000e+00,9.454088000000000343e-07,0.000000000000000000e+00
6.137689623244829136e+02,2.049642060376755239e+02,0.000000000000000000e+00,1.056251000000000079e-06,0.000000000000000000e+00
6.141754173689004119e+02,2.049637995826311112e+02,0.000000000000000000e+00,1.251930000000000014e-06,0.000000000000000000e+00
6.146063218772093251e+02,2.049633686781228050e+02,0.000000000000000000e+00,1.176086000000000093e-06,0.000000000000000000e+00
6.150337007685426443e+02,2.049629412992314599e+02,0.000000000000000000e+00,1.191933000000000036e-06,0.000000000000000000e+00
6.154324257746441162e+02,2.049625425742253526e+02,0.000000000000000000e+00,1.279885000000000029e-06,0.000000000000000000e+00
6.158479733453494873e+02,2.049621270266546560e+02,0.000000000000000000e+00,1.153718999999999956e-06,0.000000000000000000e+00
6.162835628774045063e+02,2.049616914371225960e+02,0.000000000000000000e+00,1.311447999999999899e-06,0.000000000000000000e+00
6.166856615205515482e+02,2.049612893384794461e+02,0.000000000000000000e+00,1.115535000000000069e-06,0.000000000000000000e+00
6.171094043922803394e+02,2.049608655956077143e+02,0.000000000000000000e+00,1.284744999999999928e-06,0.000000000000000000e+00
6.175482479056915963e+02,2.049604267520943210e+02,0.000000000000000000e+00,1.392516000000000027e-06,0.000000000000000000e+00
6.179518167366412627e+02,2.049600231832633597e+02,0.000000000000000000e+00,1.260400000000000037e-06,0.000000000000000000e+00
6.183673630301906314e+02,2.049596076369698210e+02,0.000000000000000000e+00,1.212800000000000060e-06,0.000000000000000000e+00
6.187826392896333800e+02,2.049591923607103752e+02,0.000000000000000000e+00,1.368694999999999988e-06,0.000000000000000000e+00
6.192281133091603351e+02,2.049587468866908466e+02,0.000000000000000000e+00,1.250547999999999982e-06,0.000000000000000000e+00
6.196475901145038279e+02,2.049583274098854986e+02,0.000000000000000000e+00,1.230669999999999942e-06,0.000000000000000000e+00
6.200505979341110105e+02,2.049579244020658848e+02,0.000000000000000000e+00,1.290798999999999964e-06,0.000000000000000000e+00
6.204995461605745959e+02,2.049574754538394359e+02,0.000000000000000000e+00,1.216714999999999920e-06,0.000000000000000000e+00
6.208988365209924041e+02,2.049570761634790017e+02,0.000000000000000000e+00,1.286126999999999960e-06,0.000000000000000000e+00
6.213034186635566130e+02,2.049566715813364510e+02,0.000000000000000000e+00,1.314285000000000072e-06,0.000000000000000000e+00
6.217470702812566969e+02,2.049562279297187501e+02,0.000000000000000000e+00,1.336127999999999932e-06,0.000000000000000000e+00
6.221323237578885710e+02,2.049558426762421277e+02,0.000000000000000000e+00,1.279811999999999919e-06,0.000000000000000000e+00
6.225693009742831237e+02,2.049554056990257322e+02,0.000000000000000000e+00,1.281877999999999986e-06,0.000000000000000000e+00
6.229709523905358992e+02,2.049550040476094637e+02,0.000000000000000000e+00,1.180873000000000095e-06,0.000000000000000000e+00
6.233920405753954128e+02,2.049545829594246129e+02,0.000000000000000000e+00,1.260647000000000078e-06,0.000000000000000000e+00
6.237910260515267282e+02,2.049541839739484885e+02,0.000000000000000000e+00,1.193562999999999926e-06,0.000000000000000000e+00
0.000000000000000000e+00,2.055779750000000092e+02,5.000000000000000000e+00,2.271937999999999998e-05,0.000000000000000000e+00
0.000000000000000000e+00,2.055779750000000092e+02,5.000000000000000000e+00,-1.725405999999999985e-06,0.000000000000000000e+00
0.000000000000000000e+00,2.055779750000000092e+02,5.000000000000000000e+00,-7.512134999999999524e-07,0.000000000000000000e+00
4.774536256481470148e-02,2.055779272546374443e+02,5.000000000000000000e+00,-1.500739000000000055e-07,0.000000000000000000e+00
1.990248272675999019e-01,2.055777759751727274e+02,5.000000000000000000e+00,2.943560999999999844e-07,0.000000000000000000e+00
3.979073494916318121e-01,2.055775770926505004e+02,5.000000000000000000e+00,6.331683999999999643e-07,0.000000000000000000e+00
6.276548670183158540e-01,2.055773473451329778e+02,5.000000000000000000e+00,8.937641000000000272e-07,0.000000000000000000e+00
8.859477103979134238e-01,2.055770890522896082e+02,5.000000000000000000e+00,9.553041000000000343e-07,0.000000000000000000e+00
1.180627502518488248e+00,2.055767943724974884e+02,5.000000000000000000e+00,7.575145000000000298e-07,0.000000000000000000e+00
1.543200609045185967e+00,2.055764317993909458e+02,5.000000000000000000e+00,7.491762999999999611e-07,0.000000000000000000e+00
1.945314662835635700e+00,2.055760296853371756e+02,5.000000000000000000e+00,7.690250999999999582e-07,0.000000000000000000e+00
2.340559178937323903e+00,2.055756344408210623e+02,5.000000000000000000e+00,8.639181000000000126e-07,0.000000000000000000e+00
2.748555577022900653e+00,2.055752264444229809e+02,5.000000000000000000e+00,9.413634000000000053e-07,0.000000000000000000e+00
3.164450625370256454e+00,2.055748105493746323e+02,5.000000000000000000e+00,1.061620000000000053e-06,0.000000000000000000e+00
3.587448733620820729e+00,2.055743875512663692e+02,5.000000000000000000e+00,1.107473999999999902e-06,0.000000000000000000e+00
4.018287607772379921e+00,2.055739567123922313e+02,5.000000000000000000e+00,1.211344999999999919e-06,0.000000000000000000e+00
4.437820793384048557e+00,2.055735371792066246e+02,5.000000000000000000e+00,1.268242999999999904e-06,0.000000000000000000e+00
4.825565903421952463e+00,2.055731494340965924e+02,5.000000000000000000e+00,1.203734000000000103e-06,0.000000000000000000e+00
5.242776995684327090e+00,2.055727322230043228e+02,5.000000000000000000e+00,1.262421999999999947e-06,0.000000000000000000e+00
5.673590492364408711e+00,2.055723014095076451e+02,5.000000000000000000e+00,1.289779999999999999e-06,0.000000000000000000e+00
6.081826849818914305e+00,2.055718931731501868e+02,5.000000000000000000e+00,1.330190999999999950e-06,0.000000000000000000e+00
6.512491238863587384e+00,2.055714625087611296e+02,5.000000000000000000e+00,1.388544000000000075e-06,0.000000000000000000e+00
6.930393762425784310e+00,2.055710446062375638e+02,5.000000000000000000e+00,1.347769000000000030e-06,0.000000000000000000e+00
7.345867224300898890e+00,2.055706291327757071e+02,5.000000000000000000e+00,1.359207000000000029e-06,0.000000000000000000e+00
7.785091280001908309e+00,2.055701899087200104e+02,5.000000000000000000e+00,1.316861000000000028e-06,0.000000000000000000e+00
8.209136825210524790e+00,2.055697658631747800e+02,5.000000000000000000e+00,1.367835999999999994e-06,0.000000000000000000e+00
8.608075752799447145e+00,2.055693669242471913e+02,5.000000000000000000e+00,1.337771999999999996e-06,0.000000000000000000e+00
9.030741272467384562e+00,2.055689442587275266e+02,5.000000000000000000e+00,1.339357999999999942e-06,0.000000000000000000e+00
9.464702934238077958e+00,2.055685102970657567e+02,5.000000000000000000e+00,1.322986999999999934e-06,0.000000000000000000e+00
9.867777214113768736e+00,2.055681072227858976e+02,5.000000000000000000e+00,1.318053999999999925e-06,0.000000000000000000e+00
1.028143896155008186e+01,2.055676935610384533e+02,5.000000000000000000e+00,1.343782000000000088e-06,0.000000000000000000e+00
1.070636404064973668e+01,2.055672686359593513e+02,5.000000000000000000e+00,1.322579999999999922e-06,0.000000000000000000e+00
1.112571731359163429e+01,2.055668492826864053e+02,5.000000000000000000e+00,1.347071000000000032e-06,0.000000000000000000e+00
1.154514415937194727e+01,2.055664298558406244e+02,5.000000000000000000e+00,1.299005999999999926e-06,0.000000000000000000e+00
1.194827088379016722e+01,2.055660267291162029e+02,5.000000000000000000e+00,1.338849000000000079e-06,0.000000000000000000e+00
1.235772312434266240e+01,2.055656172768756562e+02,5.000000000000000000e+00,1.351203999999999981e-06,0.000000000000000000e+00
1.277320577750682418e+01,2.055652017942225029e+02,5.000000000000000000e+00,1.303983000000000090e-06,0.000000000000000000e+00
1.318297047140869083e+01,2.055647920295286042e+02,5.000000000000000000e+00,1.333289999999999943e-06,0.000000000000000000e+00
1.361859947933872483e+01,2.055643564005206656e+02,5.000000000000000000e+00,1.364343999999999951e-06,0.000000000000000000e+00
1.403552615572033524e+01,2.055639394738442718e+02,5.000000000000000000e+00,1.369524000000000002e-06,0.000000000000000000e+00
1.443513479878071415e+01,2.055635398652012213e+02,5.000000000000000000e+00,1.373394999999999918e-06,0.000000000000000000e+00
1.487818793460507649e+01,2.055630968120653961e+02,5.000000000000000000e+00,1.398745000000000022e-06,0.000000000000000000e+00
1.528561778397744852e+01,2.055626893822160355e+02,5.000000000000000000e+00,1.433305000000000035e-06,0.000000000000000000e+00
1.568788701394593943e+01,2.055622871129860698e+02,5.000000000000000000e+00,1.433189000000000010e-06,0.000000000000000000e+00
1.612439118183513642e+01,2.055618506088181618e+02,5.000000000000000000e+00,1.484163999999999975e-06,0.000000000000000000e+00
1.653272321485112073e+01,2.055614422767851579e+02,5.000000000000000000e+00,1.446649999999999947e-06,0.000000000000000000e+00
1.695539283197625124e+01,2.055610196071680207e+02,5.000000000000000000e+00,1.465640000000000040e-06,0.000000000000000000e+00
1.737099031691891682e+01,2.055606040096830895e+02,5.000000000000000000e+00,1.434673000000000104e-06,0.000000000000000000e+00
1.780243491310967130e+01,2.055601725650869014e+02,5.000000000000000000e+00,1.454259999999999947e-06,0.000000000000000000e+00
1.820647833782294356e+01,2.055597685216621926e+02,5.000000000000000000e+00,1.481093999999999935e-06,0.000000000000000000e+00
1.863011614933562399e+01,2.055593448838506561e+02,5.000000000000000000e+00,1.413776999999999915e-06,0.000000000000000000e+00
1.907171314610396706e+01,2.055589032868539050e+02,5.000000000000000000e+00,1.491978999999999916e-06,0.000000000000000000e+00
1.950262431632183890e+01,2.055584723756836922e+02,5.000000000000000000e+00,1.439416999999999978e-06,0.000000000000000000e+00
1.990151736344855848e+01,2.055580734826365585e+02,5.000000000000000000e+00,1.456689999999999897e-06,0.000000000000000000e+00
2.030571356034670316e+01,2.055576692864396477e+02,5.000000000000000000e+00,1.431763000000000034e-06,0.000000000000000000e+00
2.072629774913578160e+01,2.055572487022508597e+02,5.000000000000000000e+00,1.406238999999999997e-06,0.000000000000000000e+00
2.117290260794389312e+01,2.055568020973920511e+02,5.000000000000000000e+00,1.435880999999999992e-06,0.000000000000000000e+00
2.157154152972947614e+01,2.055564034584702711e+02,5.000000000000000000e+00,1.399515999999999917e-06,0.000000000000000000e+00
2.199505768366411829e+01,2.055559799423163270e+02,5.000000000000000000e+00,1.351596000000000002e-06,0.000000000000000000e+00
2.240329525176960956e+01,2.055555717047482460e+02,5.000000000000000000e+00,1.310544999999999960e-06,0.000000000000000000e+00
2.282469467659766238e+01,2.055551503053233944e+02,5.000000000000000000e+00,1.287160999999999915e-06,0.000000000000000000e+00
2.322149361811422708e+01,2.055547535063818998e+02,5.000000000000000000e+00,1.380161999999999941e-06,0.000000000000000000e+00
2.363991291870229006e+01,2.055543350870813128e+02,5.000000000000000000e+00,1.323583999999999896e-06,0.000000000000000000e+00
2.408100347769512695e+01,2.055538939965223051e+02,5.000000000000000000e+00,1.376975000000000060e-06,0.000000000000000000e+00
2.446649631784173096e+01,2.055535085036821670e+02,5.000000000000000000e+00,1.388164999999999990e-06,0.000000000000000000e+00
2.490215459230789463e+01,2.055530728454076836e+02,5.000000000000000000e+00,1.406107999999999980e-06,0.000000000000000000e+00
2.531075072096185608e+01,2.055526642492790472e+02,5.000000000000000000e+00,1.475797000000000043e-06,0.000000000000000000e+00
2.571327304195561680e+01,2.055522617269580508e+02,5.000000000000000000e+00,1.437597999999999953e-06,0.000000000000000000e+00
2.614435359611380960e+01,2.055518306464038858e+02,5.000000000000000000e+00,1.412540000000000074e-06,0.000000000000000000e+00
2.658255466590329164e+01,2.055513924453341019e+02,5.000000000000000000e+00,1.466760000000000039e-06,0.000000000000000000e+00
2.698301999644336746e+01,2.055509919800035732e+02,5.000000000000000000e+00,1.393666000000000007e-06,0.000000000000000000e+00
2.741382837335184064e+01,2.055505611716266401e+02,5.000000000000000000e+00,1.402207999999999899e-06,0.000000000000000000e+00
2.783756864758269600e+01,2.055501374313524252e+02,5.000000000000000000e+00,1.419205000000000035e-06,0.000000000000000000e+00
2.825280618124950394e+01,2.055497221938187522e+02,5.000000000000000000e+00,1.434920999999999962e-06,0.000000000000000000e+00
2.868315336574787011e+01,2.055492918466342473e+02,5.000000000000000000e+00,1.496810000000000074e-06,0.000000000000000000e+00
2.909116388748888937e+01,2.055488838361125090e+02,5.000000000000000000e+00,1.484659000000000086e-06,0.000000000000000000e+00
2.952186259015397951e+01,2.055484531374098367e+02,5.000000000000000000e+00,1.424079999999999925e-06,0.000000000000000000e+00
2.994227469006282050e+01,2.055480327253099517e+02,5.000000000000000000e+00,1.514271999999999916e-06,0.000000000000000000e+00
3.032987247457986157e+01,2.055476451275254135e+02,5.000000000000000000e+00,1.550638000000000018e-06,0.000000000000000000e+00
3.077050152761277957e+01,2.055472044984723823e+02,5.000000000000000000e+00,1.533495000000000087e-06,0.000000000000000000e+00
3.116186968920342792e+01,2.055468131303107953e+02,5.000000000000000000e+00,1.521243000000000065e-06,0.000000000000000000e+00
3.159315955267176079e+01,2.055463818404473386e+02,5.000000000000000000e+00,1.477848999999999934e-06,0.000000000000000000e+00
3.203496686227735779e+01,2.055459400331377253e+02,5.000000000000000000e+00,1.459703000000000058e-06,0.000000000000000000e+00
3.241579700813473153e+01,2.055455592029918535e+02,5.000000000000000000e+00,1.477325000000000081e-06,0.000000000000000000e+00
3.284946122532933543e+01,2.055451255387746698e+02,5.000000000000000000e+00,1.424298000000000013e-06,0.000000000000000000e+00
3.324036023934954187e+01,2.055447346397606623e+02,5.000000000000000000e+00,1.414650000000000084e-06,0.000000000000000000e+00
3.367047600572544042e+01,2.055443045239942705e+02,5.000000000000000000e+00,1.424851000000000031e-06,0.000000000000000000e+00
3.410144884196829196e+01,2.055438735511580433e+02,5.000000000000000000e+00,1.414082000000000076e-06,0.000000000000000000e+00
3.450955032473812878e+01,2.055434654496752671e+02,5.000000000000000000e+00,1.437757999999999923e-06,0.000000000000000000e+00
3.492710907095714390e+01,2.055430478909290457e+02,5.000000000000000000e+00,1.400504999999999900e-06,0.000000000000000000e+00
3.534223973493784143e+01,2.055426327602650645e+02,5.000000000000000000e+00,1.387118000000000100e-06,0.000000000000000000e+00
3.573480290883065891e+01,2.055422401970911608e+02,5.000000000000000000e+00,1.440173999999999910e-06,0.000000000000000000e+00
3.618060299770992572e+01,2.055417943970022918e+02,5.000000000000000000e+00,1.445267000000000100e-06,0.000000000000000000e+00
3.660431919959923164e+01,2.055413706808004122e+02,5.000000000000000000e+00,1.365347999999999925e-06,0.000000000000000000e+00
3.700321148435114083e+01,2.055409717885156624e+02,5.000000000000000000e+00,1.380817000000000022e-06,0.000000000000000000e+00
3.744678190955840336e+01,2.055405282180904578e+02,5.000000000000000000e+00,1.384264999999999909e-06,0.000000000000000000e+00
3.786199073894027833e+01,2.055401130092610629e+02,5.000000000000000000e+00,1.301203000000000008e-06,0.000000000000000000e+00
3.824967889499423279e+01,2.055397253211050099e+02,5.000000000000000000e+00,1.372812999999999946e-06,0.000000000000000000e+00
3.868039341901064887e+01,2.055392946065809952e+02,5.000000000000000000e+00,1.363849000000000052e-06,0.000000000000000000e+00
3.912252029981632262e+01,2.055388524797001821e+02,5.000000000000000000e+00,1.423627999999999941e-06,0.000000000000000000e+00
3.954656334359121672e+01,2.055384284366564032e+02,5.000000000000000000e+00,1.371430999999999914e-06,0.000000000000000000e+00
3.995012310145304468e+01,2.055380248768985609e+02,5.000000000000000000e+00,1.214007999999999948e-06,0.000000000000000000e+00
4.038191826208652202e+01,2.055375930817379242e+02,5.000000000000000000e+00,1.281790999999999914e-06,0.000000000000000000e+00
4.079740711532853936e+01,2.055371775928846603e+02,5.000000000000000000e+00,1.369844999999999969e-06,0.000000000000000000e+00
4.120142414154225463e+01,2.055367735758584615e+02,5.000000000000000000e+00,1.310749000000000086e-06,0.000000000000000000e+00
4.162768077793199240e+01,2.055363473192220738e+02,5.000000000000000000e+00,1.336680999999999950e-06,0.000000000000000000e+00
4.205846858278030709e+01,2.055359165314172287e+02,5.000000000000000000e+00,1.412917999999999920e-06,0.000000000000000000e+00
4.246301239628807878e+01,2.055355119876037122e+02,5.000000000000000000e+00,1.392181999999999913e-06,0.000000000000000000e+00
4.288416357246973121e+01,2.055350908364275426e+02,5.000000000000000000e+00,1.381210000000000071e-06,0.000000000000000000e+00
4.327192083335542350e+01,2.055347030791666327e+02,5.000000000000000000e+00,1.448351999999999919e-06,0.000000000000000000e+00
4.369849692784801931e+01,2.055342765030721637e+02,5.000000000000000000e+00,1.358450000000000097e-06,0.000000000000000000e+00
4.411832210114503994e+01,2.055338566778988536e+02,5.000000000000000000e+00,1.297623000000000078e-06,0.000000000000000000e+00
4.453734211966776257e+01,2.055334376578803415e+02,5.000000000000000000e+00,1.353401000000000063e-06,0.000000000000000000e+00
4.496113257158003762e+01,2.055330138674284228e+02,5.000000000000000000e+00,1.258159000000000010e-06,0.000000000000000000e+00
4.536240890458014974e+01,2.055326125910954147e+02,5.000000000000000000e+00,1.287698999999999942e-06,0.000000000000000000e+00
4.577795871374046044e+01,2.055321970412862527e+02,5.000000000000000000e+00,1.297216000000000067e-06,0.000000000000000000e+00
4.618694146523000654e+01,2.055317880585347723e+02,5.000000000000000000e+00,1.275315000000000088e-06,0.000000000000000000e+00
4.664847283362755803e+01,2.055313265271663852e+02,5.000000000000000000e+00,1.248626999999999895e-06,0.000000000000000000e+00
4.704704243059233448e+01,2.055309279575694177e+02,5.000000000000000000e+00,1.344305999999999941e-06,0.000000000000000000e+00
4.747060493931297742e+01,2.055305043950606887e+02,5.000000000000000000e+00,1.353211999999999928e-06,0.000000000000000000e+00
4.790205469857036036e+01,2.055300729453014412e+02,5.000000000000000000e+00,1.233973000000000061e-06,0.000000000000000000e+00
4.832348486363636653e+01,2.055296515151363792e+02,5.000000000000000000e+00,1.344741999999999906e-06,0.000000000000000000e+00
4.870867825239096760e+01,2.055292663217475990e+02,5.000000000000000000e+00,1.329578999999999997e-06,0.000000000000000000e+00
4.915341817872989338e+01,2.055288215818212620e+02,5.000000000000000000e+00,1.207692999999999907e-06,0.000000000000000000e+00
4.957731755992367084e+01,2.055283976824400725e+02,5.000000000000000000e+00,1.384338000000000018e-06,0.000000000000000000e+00
4.997809112803609111e+01,2.055279969088719554e+02,5.000000000000000000e+00,1.406864999999999912e-06,0.000000000000000000e+00
5.041604757674874548e+01,2.055275589524232487e+02,5.000000000000000000e+00,1.365900999999999943e-06,0.000000000000000000e+00
5.082739402225065817e+01,2.055271476059777456e+02,5.000000000000000000e+00,1.326508999999999957e-06,0.000000000000000000e+00
5.121254575853917856e+01,2.055267624542414637e+02,5.000000000000000000e+00,1.388746999999999962e-06,0.000000000000000000e+00
5.165766878484696178e+01,2.055263173312151537e+02,5.000000000000000000e+00,1.354069999999999895e-06,0.000000000000000000e+00
5.205620960458016100e+01,2.055259187903954228e+02,5.000000000000000000e+00,1.365885999999999953e-06,0.000000000000000000e+00
5.248014796803359161e+01,2.055254948520319545e+02,5.000000000000000000e+00,1.378895999999999935e-06,0.000000000000000000e+00
5.292129146649702420e+01,2.055250537085335054e+02,5.000000000000000000e+00,1.340070999999999930e-06,0.000000000000000000e+00
5.330578440988088573e+01,2.055246692155901087e+02,5.000000000000000000e+00,1.365566000000000014e-06,0.000000000000000000e+00
5.373939188931297650e+01,2.055242356081107005e+02,5.000000000000000000e+00,1.416410999999999990e-06,0.000000000000000000e+00
5.413580166609677491e+01,2.055238391983339170e+02,5.000000000000000000e+00,1.399691000000000089e-06,0.000000000000000000e+00
5.456188274720294373e+01,2.055234131172528009e+02,5.000000000000000000e+00,1.348525999999999962e-06,0.000000000000000000e+00
5.500986483711044883e+01,2.055229651351629059e+02,5.000000000000000000e+00,1.325126999999999925e-06,0.000000000000000000e+00
5.540978992251908863e+01,2.055225652100774880e+02,5.000000000000000000e+00,1.350301000000000042e-06,0.000000000000000000e+00
5.581522811312853349e+01,2.055221597718868622e+02,5.000000000000000000e+00,1.330787000000000096e-06,0.000000000000000000e+00
5.624494001997094728e+01,2.055217300599800296e+02,5.000000000000000000e+00,1.407883000000000061e-06,0.000000000000000000e+00
5.664326732565184841e+01,2.055213317326743550e+02,5.000000000000000000e+00,1.467560999999999915e-06,0.000000000000000000e+00
5.706688672131303974e+01,2.055209081132786935e+02,5.000000000000000000e+00,1.340581000000000032e-06,0.000000000000000000e+00
5.751409919639139900e+01,2.055204609008036130e+02,5.000000000000000000e+00,1.321037000000000105e-06,0.000000000000000000e+00
5.791454596951263056e+01,2.055200604540304994e+02,5.000000000000000000e+00,1.308916000000000099e-06,0.000000000000000000e+00
5.832034825223315266e+01,2.055196546517477714e+02,5.000000000000000000e+00,1.259729999999999965e-06,0.000000000000000000e+00
5.873846027438138861e+01,2.055192365397256253e+02,5.000000000000000000e+00,1.230538999999999926e-06,0.000000000000000000e+00
5.918036937025871680e+01,2.055187946306297420e+02,5.000000000000000000e+00,1.384497999999999987e-06,0.000000000000000000e+00
5.962202744863781589e+01,2.055183529725513552e+02,5.000000000000000000e+00,1.438777000000000099e-06,0.000000000000000000e+00
6.001917950902151233e+01,2.055179558204909824e+02,5.000000000000000000e+00,1.434483999999999969e-06,0.000000000000000000e+00
6.043912215654570730e+01,2.055175358778434429e+02,5.000000000000000000e+00,1.423672000000000097e-06,0.000000000000000000e+00
6.088247603509422845e+01,2.055170925239649193e+02,5.000000000000000000e+00,1.550769000000000034e-06,0.000000000000000000e+00
6.128942829329228204e+01,2.055166855717067165e+02,5.000000000000000000e+00,1.478954999999999971e-06,0.000000000000000000e+00
6.168259498547566722e+01,2.055162924050145250e+02,5.000000000000000000e+00,1.456909000000000013e-06,0.000000000000000000e+00
6.210665952017811975e+01,2.055158683404798126e+02,5.000000000000000000e+00,1.389867999999999989e-06,0.000000000000000000e+00
6.253564876892715318e+01,2.055154393512310662e+02,5.000000000000000000e+00,1.451932000000000060e-06,0.000000000000000000e+00
6.295895173557399005e+01,2.055150160482644424e+02,5.000000000000000000e+00,1.466629000000000023e-06,0.000000000000000000e+00
6.334655402952792969e+01,2.055146284459704873e+02,5.000000000000000000e+00,1.463180999999999925e-06,0.000000000000000000e+00
6.376160131216369820e+01,2.055142133986878434e+02,5.000000000000000000e+00,1.506893999999999967e-06,0.000000000000000000e+00
6.417449005510715665e+01,2.055138005099449003e+02,5.000000000000000000e+00,1.596708999999999928e-06,0.000000000000000000e+00
6.459551554722202127e+01,2.055133794844527699e+02,5.000000000000000000e+00,1.537759000000000052e-06,0.000000000000000000e+00
6.504036727651268279e+01,2.055129346327234998e+02,5.000000000000000000e+00,1.443317000000000059e-06,0.000000000000000000e+00
6.542559177983561369e+01,2.055125494082201669e+02,5.000000000000000000e+00,1.525855999999999922e-06,0.000000000000000000e+00
6.585207382909246121e+01,2.055121229261709175e+02,5.000000000000000000e+00,1.606342000000000078e-06,0.000000000000000000e+00
6.626717277832852915e+01,2.055117078272216702e+02,5.000000000000000000e+00,1.497974000000000017e-06,0.000000000000000000e+00
6.669488505736158857e+01,2.055112801149426502e+02,5.000000000000000000e+00,1.439665000000000047e-06,0.000000000000000000e+00
6.712000105470822575e+01,2.055108549989452911e+02,5.000000000000000000e+00,1.477673999999999974e-06,0.000000000000000000e+00
6.754503855270976942e+01,2.055104299614473007e+02,5.000000000000000000e+00,1.419772000000000016e-06,0.000000000000000000e+00
6.797048962519217241e+01,2.055100045103748130e+02,5.000000000000000000e+00,1.438690000000000027e-06,0.000000000000000000e+00
6.837248388444380964e+01,2.055096025161155637e+02,5.000000000000000000e+00,1.441760000000000067e-06,0.000000000000000000e+00
6.877388978286683141e+01,2.055092011102171341e+02,5.000000000000000000e+00,1.462466999999999910e-06,0.000000000000000000e+00
6.922028885040195689e+01,2.055087547111496065e+02,5.000000000000000000e+00,1.438325999999999932e-06,0.000000000000000000e+00
6.964415679381664859e+01,2.055083308432061813e+02,5.000000000000000000e+00,1.404128999999999986e-06,0.000000000000000000e+00
7.004992181263011730e+01,2.055079250781873839e+02,5.000000000000000000e+00,1.347915000000000036e-06,0.000000000000000000e+00
7.047636355374135064e+01,2.055074986364462575e+02,5.000000000000000000e+00,1.343461999999999937e-06,0.000000000000000000e+00
7.090237006913332607e+01,2.055070726299308603e+02,5.000000000000000000e+00,7.692579000000000528e-07,0.000000000000000000e+00
7.127901313033106590e+01,2.055066959868696586e+02,5.000000000000000000e+00,5.920010000000000347e-07,0.000000000000000000e+00
7.172489987977098735e+01,2.055062501001202406e+02,5.000000000000000000e+00,1.122156000000000086e-06,0.000000000000000000e+00
7.214453782736272558e+01,2.055058304621726393e+02,5.000000000000000000e+00,1.422988000000000063e-06,0.000000000000000000e+00
7.256282939372215424e+01,2.055054121706062915e+02,5.000000000000000000e+00,1.309293999999999945e-06,0.000000000000000000e+00
7.295805696793892992e+01,2.055050169430320750e+02,5.000000000000000000e+00,1.358711999999999918e-06,0.000000000000000000e+00
7.336905414159620875e+01,2.055046059458584011e+02,5.000000000000000000e+00,1.319465999999999938e-06,0.000000000000000000e+00
7.380614801879815445e+01,2.055041688519812055e+02,5.000000000000000000e+00,1.382199000000000054e-06,0.000000000000000000e+00
7.419184596799395592e+01,2.055037831540320212e+02,5.000000000000000000e+00,1.323060000000000043e-06,0.000000000000000000e+00
7.462928353863404141e+01,2.055033457164613822e+02,5.000000000000000000e+00,1.342691000000000042e-06,0.000000000000000000e+00
7.507140561237014253e+01,2.055029035943876181e+02,5.000000000000000000e+00,1.341016999999999997e-06,0.000000000000000000e+00
7.546637623763814418e+01,2.055025086237623668e+02,5.000000000000000000e+00,1.395819999999999961e-06,0.000000000000000000e+00
7.587604766369805986e+01,2.055020989523362971e+02,5.000000000000000000e+00,1.315769999999999982e-06,0.000000000000000000e+00
7.630668915720761447e+01,2.055016683108428026e+02,5.000000000000000000e+00,1.280611999999999980e-06,0.000000000000000000e+00
7.671140065554999410e+01,2.055012635993444405e+02,5.000000000000000000e+00,1.289343000000000007e-06,0.000000000000000000e+00
7.713492436212696646e+01,2.055008400756378819e+02,5.000000000000000000e+00,1.348046000000000053e-06,0.000000000000000000e+00
7.757594237591897013e+01,2.055003990576240938e+02,5.000000000000000000e+00,1.372812999999999946e-06,0.000000000000000000e+00
7.798252921338772126e+01,2.054999924707866228e+02,5.000000000000000000e+00,1.291133000000000078e-06,0.000000000000000000e+00
7.838181702738091872e+01,2.054995931829726317e+02,5.000000000000000000e+00,1.446839000000000082e-06,0.000000000000000000e+00
7.882489760941474799e+01,2.054991501023905869e+02,5.000000000000000000e+00,1.366991999999999989e-06,0.000000000000000000e+00
7.924195125779098703e+01,2.054987330487422241e+02,5.000000000000000000e+00,1.374093999999999943e-06,0.000000000000000000e+00
7.967246382408049499e+01,2.054983025361759132e+02,5.000000000000000000e+00,1.346183000000000084e-06,0.000000000000000000e+00
8.009475299304202167e+01,2.054978802470069468e+02,5.000000000000000000e+00,1.300068000000000018e-06,0.000000000000000000e+00
8.051242500823015291e+01,2.054974625749917720e+02,5.000000000000000000e+00,1.288645000000000009e-06,0.000000000000000000e+00
8.094547778182274556e+01,2.054970295222181846e+02,5.000000000000000000e+00,1.258609999999999966e-06,0.000000000000000000e+00
8.134685962852167052e+01,2.054966281403714845e+02,5.000000000000000000e+00,1.370571999999999920e-06,0.000000000000000000e+00
8.174591077842596576e+01,2.054962290892215719e+02,5.000000000000000000e+00,1.374443000000000047e-06,0.000000000000000000e+00
8.216220719971373398e+01,2.054958127928002796e+02,5.000000000000000000e+00,1.355656000000000053e-06,0.000000000000000000e+00
8.258532989837566163e+01,2.054953896701016163e+02,5.000000000000000000e+00,1.346575999999999921e-06,0.000000000000000000e+00
8.301477580390832145e+01,2.054949602241960918e+02,5.000000000000000000e+00,1.399443000000000020e-06,0.000000000000000000e+00
8.340735908394518106e+01,2.054945676409160455e+02,5.000000000000000000e+00,1.317283000000000030e-06,0.000000000000000000e+00
8.383606122434265728e+01,2.054941389387756487e+02,5.000000000000000000e+00,1.336927999999999992e-06,0.000000000000000000e+00
8.423039500711701066e+01,2.054937446049928838e+02,5.000000000000000000e+00,1.325082999999999981e-06,0.000000000000000000e+00
8.465915216828956602e+01,2.054933158478317239e+02,5.000000000000000000e+00,1.397798999999999956e-06,0.000000000000000000e+00
8.508227933411527033e+01,2.054928927206658784e+02,5.000000000000000000e+00,1.344117000000000018e-06,0.000000000000000000e+00
8.549733659352718007e+01,2.054924776634064756e+02,5.000000000000000000e+00,1.314794999999999962e-06,0.000000000000000000e+00
8.591251621851723996e+01,2.054920624837814955e+02,5.000000000000000000e+00,1.370819999999999989e-06,0.000000000000000000e+00
8.634989157343498789e+01,2.054916251084265753e+02,5.000000000000000000e+00,1.313500000000000003e-06,0.000000000000000000e+00
8.675624510584698612e+01,2.054912187548941631e+02,5.000000000000000000e+00,1.319553000000000010e-06,0.000000000000000000e+00
8.716369330008024008e+01,2.054908113066999249e+02,5.000000000000000000e+00,1.381034999999999899e-06,0.000000000000000000e+00
8.760385592099048324e+01,2.054903711440790062e+02,5.000000000000000000e+00,1.377572000000000022e-06,0.000000000000000000e+00
8.804788032183211044e+01,2.054899271196781569e+02,5.000000000000000000e+00,1.311331000000000058e-06,0.000000000000000000e+00
8.843321398017826596e+01,2.054895417860198279e+02,5.000000000000000000e+00,1.368331000000000105e-06,0.000000000000000000e+00
8.886145481633843701e+01,2.054891135451836703e+02,5.000000000000000000e+00,1.431122999999999943e-06,0.000000000000000000e+00
8.928622070381679521e+01,2.054886887792961829e+02,5.000000000000000000e+00,1.278866000000000064e-06,0.000000000000000000e+00
8.971038371945894596e+01,2.054882646162805315e+02,5.000000000000000000e+00,1.271823000000000046e-06,0.000000000000000000e+00
9.010965129588015543e+01,2.054878653487041333e+02,5.000000000000000000e+00,1.307067999999999909e-06,0.000000000000000000e+00
9.055337623560538418e+01,2.054874216237643907e+02,5.000000000000000000e+00,1.370194000000000073e-06,0.000000000000000000e+00
9.095758133352416053e+01,2.054870174186664826e+02,5.000000000000000000e+00,1.308392000000000034e-06,0.000000000000000000e+00
9.136828325178254318e+01,2.054866067167482129e+02,5.000000000000000000e+00,1.300490000000000020e-06,0.000000000000000000e+00
9.177890828881325547e+01,2.054861960917111787e+02,5.000000000000000000e+00,1.332373000000000042e-06,0.000000000000000000e+00
9.219145631298455612e+01,2.054857835436870062e+02,5.000000000000000000e+00,1.348671999999999968e-06,0.000000000000000000e+00
9.262743132979116467e+01,2.054853475686702211e+02,5.000000000000000000e+00,1.374327000000000022e-06,0.000000000000000000e+00
9.301373570914641675e+01,2.054849612642908596e+02,5.000000000000000000e+00,1.249675000000000025e-06,0.000000000000000000e+00
9.345864987430752535e+01,2.054845163501256877e+02,5.000000000000000000e+00,1.383873000000000099e-06,0.000000000000000000e+00
9.387403068232299574e+01,2.054841009693176659e+02,5.000000000000000000e+00,1.411244999999999903e-06,0.000000000000000000e+00
9.426138253053436244e+01,2.054837136174694763e+02,5.000000000000000000e+00,1.397886000000000028e-06,0.000000000000000000e+00
9.469896527559519939e+01,2.054832760347244118e+02,5.000000000000000000e+00,1.282590999999999974e-06,0.000000000000000000e+00
9.512081274611851711e+01,2.054828541872538779e+02,5.000000000000000000e+00,1.401348999999999905e-06,0.000000000000000000e+00
9.553956176183555726e+01,2.054824354382381557e+02,5.000000000000000000e+00,1.362278000000000097e-06,0.000000000000000000e+00
9.596373430551064132e+01,2.054820112656944957e+02,5.000000000000000000e+00,1.389955000000000061e-06,0.000000000000000000e+00
9.636607822247667343e+01,2.054816089217775357e+02,5.000000000000000000e+00,1.283261000000000045e-06,0.000000000000000000e+00
9.676643284310972604e+01,2.054812085671568980e+02,5.000000000000000000e+00,1.324195000000000033e-06,0.000000000000000000e+00
9.719423839063109938e+01,2.054807807616093669e+02,5.000000000000000000e+00,1.360328000000000056e-06,0.000000000000000000e+00
9.762483049201837559e+01,2.054803501695079717e+02,5.000000000000000000e+00,1.300984999999999920e-06,0.000000000000000000e+00
9.804442327408372648e+01,2.054799305767259057e+02,5.000000000000000000e+00,1.320294999999999952e-06,0.000000000000000000e+00
9.846950905046649893e+01,2.054795054909495491e+02,5.000000000000000000e+00,1.340376999999999906e-06,0.000000000000000000e+00
9.888502801919050000e+01,2.054790899719808124e+02,5.000000000000000000e+00,1.482302000000000034e-06,0.000000000000000000e+00
9.932802057857767863e+01,2.054786469794214270e+02,5.000000000000000000e+00,1.440420999999999952e-06,0.000000000000000000e+00
9.974469212153282172e+01,2.054782303078784764e+02,5.000000000000000000e+00,1.434090999999999921e-06,0.000000000000000000e+00
1.001358480277720986e+02,2.054778391519722334e+02,5.000000000000000000e+00,1.419030000000000075e-06,0.000000000000000000e+00
1.005790409622596400e+02,2.054773959590377501e+02,5.000000000000000000e+00,1.381994999999999929e-06,0.000000000000000000e+00
1.010231406631679647e+02,2.054769518593368218e+02,5.000000000000000000e+00,1.422521999999999905e-06,0.000000000000000000e+00
1.014016052306591149e+02,2.054765733947693320e+02,5.000000000000000000e+00,1.377367999999999897e-06,0.000000000000000000e+00
1.018339426859278376e+02,2.054761410573140665e+02,5.000000000000000000e+00,1.423454000000000009e-06,0.000000000000000000e+00
1.022285084173028054e+02,2.054757464915826972e+02,5.000000000000000000e+00,1.408406999999999914e-06,0.000000000000000000e+00
1.026571420637605598e+02,2.054753178579362327e+02,5.000000000000000000e+00,1.404929000000000046e-06,0.000000000000000000e+00
1.030533388661895629e+02,2.054749216611338056e+02,5.000000000000000000e+00,1.442545999999999952e-06,0.000000000000000000e+00
1.034806555500423997e+02,2.054744943444499654e+02,5.000000000000000000e+00,1.389649999999999900e-06,0.000000000000000000e+00
1.038920488008327538e+02,2.054740829511991649e+02,5.000000000000000000e+00,1.481545000000000102e-06,0.000000000000000000e+00
1.043055236603053402e+02,2.054736694763396940e+02,5.000000000000000000e+00,1.428590999999999931e-06,0.000000000000000000e+00
1.047297926756047559e+02,2.054732452073243962e+02,5.000000000000000000e+00,1.369670000000000009e-06,0.000000000000000000e+00
1.051286576100004737e+02,2.054728463423899996e+02,5.000000000000000000e+00,1.483319999999999971e-06,0.000000000000000000e+00
1.055737399318403646e+02,2.054724012600681533e+02,5.000000000000000000e+00,1.432664999999999945e-06,0.000000000000000000e+00
1.059886758561988813e+02,2.054719863241438134e+02,5.000000000000000000e+00,1.484047999999999949e-06,0.000000000000000000e+00
1.063975621077834006e+02,2.054715774378922220e+02,5.000000000000000000e+00,1.402993999999999996e-06,0.000000000000000000e+00
1.068180058114348014e+02,2.054711569941885614e+02,5.000000000000000000e+00,1.523644000000000061e-06,0.000000000000000000e+00
1.072364124266319578e+02,2.054707385875733792e+02,5.000000000000000000e+00,1.475652000000000064e-06,0.000000000000000000e+00
1.076672246511244566e+02,2.054703077753488856e+02,5.000000000000000000e+00,1.466440000000000100e-06,0.000000000000000000e+00
1.080899451143669410e+02,2.054698850548856228e+02,5.000000000000000000e+00,1.453590999999999903e-06,0.000000000000000000e+00
1.084934346170473987e+02,2.054694815653829494e+02,5.000000000000000000e+00,1.397770000000000002e-06,0.000000000000000000e+00
1.089359206836483196e+02,2.054690390793163601e+02,5.000000000000000000e+00,1.369261999999999969e-06,0.000000000000000000e+00
1.093512670713282233e+02,2.054686237329286769e+02,5.000000000000000000e+00,1.423992000000000037e-06,0.000000000000000000e+00
1.097416937696757628e+02,2.054682333062303314e+02,5.000000000000000000e+00,1.455774000000000023e-06,0.000000000000000000e+00
1.101717278310164403e+02,2.054678032721689931e+02,5.000000000000000000e+00,1.409527999999999941e-06,0.000000000000000000e+00
1.106129663870228939e+02,2.054673620336129716e+02,5.000000000000000000e+00,1.473031999999999952e-06,0.000000000000000000e+00
1.110113068080239600e+02,2.054669636931919854e+02,5.000000000000000000e+00,1.457519999999999938e-06,0.000000000000000000e+00
1.114421765614928006e+02,2.054665328234385129e+02,5.000000000000000000e+00,1.530832000000000059e-06,0.000000000000000000e+00
1.118471811755051561e+02,2.054661278188245035e+02,5.000000000000000000e+00,1.535795000000000048e-06,0.000000000000000000e+00
1.122467261191472829e+02,2.054657282738808419e+02,5.000000000000000000e+00,1.532157000000000000e-06,0.000000000000000000e+00
1.126776062697403944e+02,2.054652973937302534e+02,5.000000000000000000e+00,1.522392000000000018e-06,0.000000000000000000e+00
1.130859178365249136e+02,2.054648890821634666e+02,5.000000000000000000e+00,1.485982999999999999e-06,0.000000000000000000e+00
1.135184023438931149e+02,2.054644565976560955e+02,5.000000000000000000e+00,1.538006000000000094e-06,0.000000000000000000e+00
1.139167191634268619e+02,2.054640582808365821e+02,5.000000000000000000e+00,1.517707000000000079e-06,0.000000000000000000e+00
1.143367795249025818e+02,2.054636382204751044e+02,5.000000000000000000e+00,1.455554999999999907e-06,0.000000000000000000e+00
1.147521603901818423e+02,2.054632228396098128e+02,5.000000000000000000e+00,1.454202000000000040e-06,0.000000000000000000e+00
1.151672824720101573e+02,2.054628077175279941e+02,5.000000000000000000e+00,1.440116000000000003e-06,0.000000000000000000e+00
1.155905954098588211e+02,2.054623844045901535e+02,5.000000000000000000e+00,1.475272999999999978e-06,0.000000000000000000e+00
1.160212936383943259e+02,2.054619537063616121e+02,5.000000000000000000e+00,1.522349000000000101e-06,0.000000000000000000e+00
1.164221111938931159e+02,2.054615528888060965e+02,5.000000000000000000e+00,1.388645999999999926e-06,0.000000000000000000e+00
1.168419684533502760e+02,2.054611330315466660e+02,5.000000000000000000e+00,1.333566999999999966e-06,0.000000000000000000e+00
1.172574628742279970e+02,2.054607175371257881e+02,5.000000000000000000e+00,1.466353000000000028e-06,0.000000000000000000e+00
1.177057852235024740e+02,2.054602692147765026e+02,5.000000000000000000e+00,1.498046999999999915e-06,0.000000000000000000e+00
1.180951103321984021e+02,2.054598798896678034e+02,5.000000000000000000e+00,1.532767999999999925e-06,0.000000000000000000e+00
1.185282644066890754e+02,2.054594467355933034e+02,5.000000000000000000e+00,1.399414000000000066e-06,0.000000000000000000e+00
1.189743141576059600e+02,2.054590006858423976e+02,5.000000000000000000e+00,1.453139999999999948e-06,0.000000000000000000e+00
1.193821501615629757e+02,2.054585928498384533e+02,5.000000000000000000e+00,1.492502999999999981e-06,0.000000000000000000e+00
1.198064274603456738e+02,2.054581685725396483e+02,5.000000000000000000e+00,1.546665000000000039e-06,0.000000000000000000e+00
1.202110177649697249e+02,2.054577639822350363e+02,5.000000000000000000e+00,1.411710000000000033e-06,0.000000000000000000e+00
1.206345554880603004e+02,2.054573404445119422e+02,5.000000000000000000e+00,1.381980999999999966e-06,0.000000000000000000e+00
1.210693112948333265e+02,2.054569056887051772e+02,5.000000000000000000e+00,1.356777000000000080e-06,1.000000000000000000e+00
1.214799345847801391e+02,2.054564950654152256e+02,5.000000000000000000e+00,1.465100999999999985e-06,1.000000000000000000e+00
1.218951142097701847e+02,2.054560798857902455e+02,5.000000000000000000e+00,1.519118000000000064e-06,1.000000000000000000e+00
1.222915337354421581e+02,2.054556834662645599e+02,5.000000000000000000e+00,1.476103000000000019e-06,1.000000000000000000e+00
1.227152766071709777e+02,2.054552597233928282e+02,5.000000000000000000e+00,1.599080999999999971e-06,1.000000000000000000e+00
1.231138437821512781e+02,2.054548611562178451e+02,5.000000000000000000e+00,1.506937999999999911e-06,1.000000000000000000e+00
1.235378126849563358e+02,2.054544371873150510e+02,5.000000000000000000e+00,1.528765999999999993e-06,1.000000000000000000e+00
1.239852840907548739e+02,2.054539897159092448e+02,5.000000000000000000e+00,1.543114000000000063e-06,1.000000000000000000e+00
1.243608195874045776e+02,2.054536141804125862e+02,5.000000000000000000e+00,1.496286000000000009e-06,1.000000000000000000e+00
1.247863333804173180e+02,2.054531886666195817e+02,5.000000000000000000e+00,1.536653000000000016e-06,1.000000000000000000e+00
1.251836914809160390e+02,2.054527913085190960e+02,5.000000000000000000e+00,1.538660999999999963e-06,1.000000000000000000e+00
1.256191773109091372e+02,2.054523558226890998e+02,5.000000000000000000e+00,1.501045000000000085e-06,1.000000000000000000e+00
1.260430202399866459e+02,2.054519319797600190e+02,5.000000000000000000e+00,1.595151999999999936e-06,1.000000000000000000e+00
1.264474207910476764e+02,2.054515275792089426e+02,5.000000000000000000e+00,1.539664999999999937e-06,1.000000000000000000e+00
1.268793891962785239e+02,2.054510956108037192e+02,5.000000000000000000e+00,1.414111000000000029e-06,1.000000000000000000e+00
1.272952147048002729e+02,2.054506797852951934e+02,5.000000000000000000e+00,1.226886999999999914e-06,1.000000000000000000e+00
1.277282621275900425e+02,2.054502467378724191e+02,5.000000000000000000e+00,1.062494000000000038e-06,1.000000000000000000e+00
1.281600815444136003e+02,2.054498149184555871e+02,5.000000000000000000e+00,7.235939999999999876e-07,1.000000000000000000e+00
1.285678923478638183e+02,2.054494071076521493e+02,5.000000000000000000e+00,4.569009999999999962e-07,1.000000000000000000e+00
1.289981710147109482e+02,2.054489768289852805e+02,5.000000000000000000e+00,2.120069000000000083e-07,1.000000000000000000e+00
1.294135196946564861e+02,2.054485614803053579e+02,5.000000000000000000e+00,1.044827999999999991e-07,1.000000000000000000e+00
1.298373714967795252e+02,2.054481376285032184e+02,5.000000000000000000e+00,3.792229000000000016e-08,1.000000000000000000e+00
1.302450512449247526e+02,2.054477299487550681e+02,5.000000000000000000e+00,3.070454000000000159e-08,1.000000000000000000e+00
1.306645873970938965e+02,2.054473104126029170e+02,5.000000000000000000e+00,3.655441000000000261e-08,1.000000000000000000e+00
1.310724217002081957e+02,2.054469025782997846e+02,5.000000000000000000e+00,5.861511000000000109e-08,1.000000000000000000e+00
1.315033889607252036e+02,2.054464716110392715e+02,5.000000000000000000e+00,1.679291000000000131e-07,0.000000000000000000e+00
1.319027202835945332e+02,2.054460722797164181e+02,5.000000000000000000e+00,1.183943999999999951e-06,0.000000000000000000e+00
1.323073738083121214e+02,2.054456676261916925e+02,5.000000000000000000e+00,1.452194000000000093e-06,0.000000000000000000e+00
1.327505229904142539e+02,2.054452244770095888e+02,5.000000000000000000e+00,1.569991999999999994e-06,0.000000000000000000e+00
1.331422276011075212e+02,2.054448327723988825e+02,5.000000000000000000e+00,1.600318000000000023e-06,0.000000000000000000e+00
1.335778685911821526e+02,2.054443971314088060e+02,5.000000000000000000e+00,1.628810000000000038e-06,0.000000000000000000e+00
1.339842228110403539e+02,2.054439907771889580e+02,5.000000000000000000e+00,1.619394999999999977e-06,0.000000000000000000e+00
1.343981284894107660e+02,2.054435768715106008e+02,5.000000000000000000e+00,1.527296000000000073e-06,0.000000000000000000e+00
1.348135026708723103e+02,2.054431614973291289e+02,5.000000000000000000e+00,1.612148000000000044e-06,0.000000000000000000e+00
1.352137292742237094e+02,2.054427612707257822e+02,5.000000000000000000e+00,1.635547999999999896e-06,0.000000000000000000e+00
1.356555194614375353e+02,2.054423194805385720e+02,5.000000000000000000e+00,1.699881999999999948e-06,0.000000000000000000e+00
1.360832517100845962e+02,2.054418917482899190e+02,5.000000000000000000e+00,1.630615000000000099e-06,0.000000000000000000e+00
1.364904426687022863e+02,2.054414845573313073e+02,5.000000000000000000e+00,1.670108999999999937e-06,0.000000000000000000e+00
1.369047334757600538e+02,2.054410702665242354e+02,5.000000000000000000e+00,1.665044999999999912e-06,0.000000000000000000e+00
1.373201402184054416e+02,2.054406548597816027e+02,5.000000000000000000e+00,1.639883999999999942e-06,0.000000000000000000e+00
1.377181576023696437e+02,2.054402568423976447e+02,5.000000000000000000e+00,1.751177000000000064e-06,0.000000000000000000e+00
1.381605612836490309e+02,2.054398144387163541e+02,5.000000000000000000e+00,1.591950000000000064e-06,0.000000000000000000e+00
1.385804202881509752e+02,2.054393945797118590e+02,5.000000000000000000e+00,1.507127000000000046e-06,0.000000000000000000e+00
1.390207144395619991e+02,2.054389542855604418e+02,5.000000000000000000e+00,1.546329999999999898e-06,0.000000000000000000e+00
1.394443322396049325e+02,2.054385306677604035e+02,5.000000000000000000e+00,1.599531999999999926e-06,0.000000000000000000e+00
1.398574976280360715e+02,2.054381175023719663e+02,5.000000000000000000e+00,1.677195999999999900e-06,0.000000000000000000e+00
1.402689573459856263e+02,2.054377060426540140e+02,5.000000000000000000e+00,1.573877000000000085e-06,0.000000000000000000e+00
1.406960537795706045e+02,2.054372789462204310e+02,5.000000000000000000e+00,1.587220999999999969e-06,0.000000000000000000e+00
1.411161670486641242e+02,2.054368588329513443e+02,5.000000000000000000e+00,1.652762999999999908e-06,0.000000000000000000e+00
1.415252990824427570e+02,2.054364497009175636e+02,5.000000000000000000e+00,1.641631000000000097e-06,0.000000000000000000e+00
1.419715414700347367e+02,2.054360034585299672e+02,5.000000000000000000e+00,1.661187999999999959e-06,0.000000000000000000e+00
1.423481790985472060e+02,2.054356268209014615e+02,5.000000000000000000e+00,1.560517999999999998e-06,0.000000000000000000e+00
1.427745517150127341e+02,2.054352004482850020e+02,5.000000000000000000e+00,1.642213000000000069e-06,0.000000000000000000e+00
1.431841776584628860e+02,2.054347908223415402e+02,5.000000000000000000e+00,1.568288999999999995e-06,0.000000000000000000e+00
1.436089160757302921e+02,2.054343660839242602e+02,5.000000000000000000e+00,1.598949999999999955e-06,0.000000000000000000e+00
1.440346968721592589e+02,2.054339403031278550e+02,5.000000000000000000e+00,1.670923999999999987e-06,0.000000000000000000e+00
1.444211888724785808e+02,2.054335538111275241e+02,5.000000000000000000e+00,1.609922000000000008e-06,0.000000000000000000e+00
1.448526569950618921e+02,2.054331223430049533e+02,5.000000000000000000e+00,1.571126999999999984e-06,0.000000000000000000e+00
1.452741362683958073e+02,2.054327008637316112e+02,5.000000000000000000e+00,1.596884000000000100e-06,0.000000000000000000e+00
1.456751171277940955e+02,2.054322998828722007e+02,5.000000000000000000e+00,1.633655999999999974e-06,0.000000000000000000e+00
1.461128252532963074e+02,2.054318621747466977e+02,5.000000000000000000e+00,1.566163999999999994e-06,0.000000000000000000e+00
1.465434532285404430e+02,2.054314315467714493e+02,5.000000000000000000e+00,1.556531000000000056e-06,0.000000000000000000e+00
1.469370036272186724e+02,2.054310379963727939e+02,5.000000000000000000e+00,1.668798999999999987e-06,0.000000000000000000e+00
1.473696682291197249e+02,2.054306053317708916e+02,5.000000000000000000e+00,1.618217000000000070e-06,0.000000000000000000e+00
1.477850490371352237e+02,2.054301899509628697e+02,5.000000000000000000e+00,1.570296999999999943e-06,0.000000000000000000e+00
1.482094837335183968e+02,2.054297655162664853e+02,5.000000000000000000e+00,1.552208999999999973e-06,0.000000000000000000e+00
1.486403911674003950e+02,2.054293346088325904e+02,5.000000000000000000e+00,1.564462000000000023e-06,0.000000000000000000e+00
1.490485662926416808e+02,2.054289264337073746e+02,5.000000000000000000e+00,1.540131000000000095e-06,0.000000000000000000e+00
1.494749066588915127e+02,2.054285000933411141e+02,5.000000000000000000e+00,1.536508000000000036e-06,0.000000000000000000e+00
1.499037910962440776e+02,2.054280712089037593e+02,5.000000000000000000e+00,1.615685000000000058e-06,0.000000000000000000e+00
1.502913388983724872e+02,2.054276836611016392e+02,5.000000000000000000e+00,1.611493999999999991e-06,0.000000000000000000e+00
1.507144751939625280e+02,2.054272605248060302e+02,5.000000000000000000e+00,1.490275999999999917e-06,0.000000000000000000e+00
1.511332414521599219e+02,2.054268417585478517e+02,5.000000000000000000e+00,1.501918000000000042e-06,0.000000000000000000e+00
1.515532807120364396e+02,2.054264217192879585e+02,5.000000000000000000e+00,1.470602000000000002e-06,0.000000000000000000e+00
1.519801892719128489e+02,2.054259948107280991e+02,5.000000000000000000e+00,1.455089999999999989e-06,0.000000000000000000e+00
1.523813606865078327e+02,2.054255936393134903e+02,5.000000000000000000e+00,1.361273000000000096e-06,0.000000000000000000e+00
1.527969171829194011e+02,2.054251780828170695e+02,5.000000000000000000e+00,1.441032999999999904e-06,0.000000000000000000e+00
1.532188849141617766e+02,2.054247561150858417e+02,5.000000000000000000e+00,1.490887000000000054e-06,0.000000000000000000e+00
1.536269188509466233e+02,2.054243480811490485e+02,5.000000000000000000e+00,1.464969999999999969e-06,0.000000000000000000e+00
1.540574806379388804e+02,2.054239175193620497e+02,5.000000000000000000e+00,1.356747999999999914e-06,0.000000000000000000e+00
1.544622712862424976e+02,2.054235127287137459e+02,5.000000000000000000e+00,1.191001999999999960e-06,0.000000000000000000e+00
1.548733978271945091e+02,2.054231016021728067e+02,5.000000000000000000e+00,1.379040999999999914e-06,0.000000000000000000e+00
1.552972027168586919e+02,2.054226777972831428e+02,5.000000000000000000e+00,1.391658000000000060e-06,0.000000000000000000e+00
1.557009317687269458e+02,2.054222740682312747e+02,5.000000000000000000e+00,1.432781999999999998e-06,0.000000000000000000e+00
1.561315599875086662e+02,2.054218434400124806e+02,5.000000000000000000e+00,1.417226000000000041e-06,0.000000000000000000e+00
1.565571559243782644e+02,2.054214178440756200e+02,5.000000000000000000e+00,1.387030000000000000e-06,0.000000000000000000e+00
1.569640829614079678e+02,2.054210109170385863e+02,5.000000000000000000e+00,1.380874999999999929e-06,0.000000000000000000e+00
1.573796573738701738e+02,2.054205953426261431e+02,5.000000000000000000e+00,1.329303000000000002e-06,0.000000000000000000e+00
1.578086808380992920e+02,2.054201663191618934e+02,5.000000000000000000e+00,1.252323000000000063e-06,0.000000000000000000e+00
1.582098815751262464e+02,2.054197651184248627e+02,5.000000000000000000e+00,1.128427999999999998e-06,0.000000000000000000e+00
1.586368425040445800e+02,2.054193381574959574e+02,5.000000000000000000e+00,8.583883999999999654e-07,0.000000000000000000e+00
1.590742199239485615e+02,2.054189007800760578e+02,5.000000000000000000e+00,8.565257000000000264e-07,0.000000000000000000e+00
1.595207566427099835e+02,2.054184542433573029e+02,5.000000000000000000e+00,6.853807000000000116e-07,0.000000000000000000e+00
1.599405278100034593e+02,2.054180344721899871e+02,5.000000000000000000e+00,7.906200999999999607e-07,0.000000000000000000e+00
1.603281367305112894e+02,2.054176468632694821e+02,5.000000000000000000e+00,9.291251999999999612e-07,0.000000000000000000e+00
1.607567631097092260e+02,2.054172182368903066e+02,5.000000000000000000e+00,9.266368999999999693e-07,0.000000000000000000e+00
1.611707571271122390e+02,2.054168042428728995e+02,5.000000000000000000e+00,1.034597999999999958e-06,0.000000000000000000e+00
1.615942964559333461e+02,2.054163807035440641e+02,5.000000000000000000e+00,7.203489000000000481e-07,0.000000000000000000e+00
1.620248548662141559e+02,2.054159501451337917e+02,5.000000000000000000e+00,1.251319000000000089e-06,0.000000000000000000e+00
1.624263578451776198e+02,2.054155486421548176e+02,5.000000000000000000e+00,1.180407999999999965e-06,0.000000000000000000e+00
1.628334447995334813e+02,2.054151415552004778e+02,5.000000000000000000e+00,1.077685999999999900e-06,0.000000000000000000e+00
1.632189405529595660e+02,2.054147560594470292e+02,5.000000000000000000e+00,9.860086999999999690e-07,0.000000000000000000e+00
1.636600597000000050e+02,2.054143149402999882e+02,5.000000000000000000e+00,1.254621999999999996e-06,0.000000000000000000e+00
1.640839254978410793e+02,2.054138910745021747e+02,5.000000000000000000e+00,1.288789999999999988e-06,0.000000000000000000e+00
1.644842434643360605e+02,2.054134907565356798e+02,5.000000000000000000e+00,1.208797999999999916e-06,0.000000000000000000e+00
1.649240078040712376e+02,2.054130509921959344e+02,5.000000000000000000e+00,1.000240000000000015e-06,0.000000000000000000e+00
1.653231129819995715e+02,2.054126518870180007e+02,5.000000000000000000e+00,1.261506000000000073e-06,0.000000000000000000e+00
1.657289708349912871e+02,2.054122460291650043e+02,5.000000000000000000e+00,1.192631000000000034e-06,0.000000000000000000e+00
1.661646268108004847e+02,2.054118103731892120e+02,5.000000000000000000e+00,1.174703000000000034e-06,0.000000000000000000e+00
1.666033045518856852e+02,2.054113716954481106e+02,5.000000000000000000e+00,1.055333999999999966e-06,0.000000000000000000e+00
1.669885193362248401e+02,2.054109864806637802e+02,5.000000000000000000e+00,1.259860999999999981e-06,0.000000000000000000e+00
1.674292104090969531e+02,2.054105457895909126e+02,5.000000000000000000e+00,1.293243000000000088e-06,0.000000000000000000e+00
1.678445356295491138e+02,2.054101304643704395e+02,5.000000000000000000e+00,1.245455000000000004e-06,0.000000000000000000e+00
1.682597004567429906e+02,2.054097152995432509e+02,5.000000000000000000e+00,1.144158999999999916e-06,0.000000000000000000e+00
1.687075931952575161e+02,2.054092674068047586e+02,5.000000000000000000e+00,1.102379999999999896e-06,0.000000000000000000e+00
1.691079310685953487e+02,2.054088670689314142e+02,5.000000000000000000e+00,1.026652000000000000e-06,0.000000000000000000e+00
1.695386983571459609e+02,2.054084363016428654e+02,5.000000000000000000e+00,1.084496000000000052e-06,0.000000000000000000e+00
1.699624622785803467e+02,2.054080125377214188e+02,5.000000000000000000e+00,1.010280999999999992e-06,0.000000000000000000e+00
1.703502247086701686e+02,2.054076247752913389e+02,5.000000000000000000e+00,1.203633000000000068e-06,0.000000000000000000e+00
1.707655715090918704e+02,2.054072094284909156e+02,5.000000000000000000e+00,1.231703000000000081e-06,0.000000000000000000e+00
1.711775487258269663e+02,2.054067974512741728e+02,5.000000000000000000e+00,1.159670999999999929e-06,0.000000000000000000e+00
1.716061712906976595e+02,2.054063688287093044e+02,5.000000000000000000e+00,9.711075000000000023e-07,0.000000000000000000e+00
1.720432642807200239e+02,2.054059317357192924e+02,5.000000000000000000e+00,1.186882999999999975e-06,0.000000000000000000e+00
1.724466381911782094e+02,2.054055283618088197e+02,5.000000000000000000e+00,1.087479000000000020e-06,0.000000000000000000e+00
1.728561109193945811e+02,2.054051188890805975e+02,5.000000000000000000e+00,6.309419000000000204e-07,0.000000000000000000e+00
1.732452432508598008e+02,2.054047297567491341e+02,5.000000000000000000e+00,9.829236999999999384e-07,0.000000000000000000e+00
1.736753953369911869e+02,2.054042996046630094e+02,5.000000000000000000e+00,1.181645000000000017e-06,0.000000000000000000e+00
1.741110286702349583e+02,2.054038639713297698e+02,5.000000000000000000e+00,1.380962000000000001e-06,0.000000000000000000e+00
1.745024228181015644e+02,2.054034725771819012e+02,5.000000000000000000e+00,1.347841999999999927e-06,0.000000000000000000e+00
1.749460736995785339e+02,2.054030289263004363e+02,5.000000000000000000e+00,1.173189999999999986e-06,0.000000000000000000e+00
1.753613433324674418e+02,2.054026136566675405e+02,5.000000000000000000e+00,1.222331999999999963e-06,0.000000000000000000e+00
1.757738205697654905e+02,2.054022011794302500e+02,5.000000000000000000e+00,1.313922000000000005e-06,0.000000000000000000e+00
1.761797885602255462e+02,2.054017952114397758e+02,5.000000000000000000e+00,1.385866000000000056e-06,0.000000000000000000e+00
1.766216374634890940e+02,2.054013533625365255e+02,5.000000000000000000e+00,1.291642999999999968e-06,0.000000000000000000e+00
1.770076488271189703e+02,2.054009673511728806e+02,5.000000000000000000e+00,1.249863999999999948e-06,0.000000000000000000e+00
1.774518248040925528e+02,2.054005231751959002e+02,5.000000000000000000e+00,1.383988999999999913e-06,0.000000000000000000e+00
1.778669523681085707e+02,2.054001080476319032e+02,5.000000000000000000e+00,1.374588000000000026e-06,0.000000000000000000e+00
1.782992019098262801e+02,2.053996757980901862e+02,5.000000000000000000e+00,1.270833000000000035e-06,0.000000000000000000e+00
1.786844713479939060e+02,2.053992905286520170e+02,5.000000000000000000e+00,1.215841999999999963e-06,0.000000000000000000e+00
1.791269385155180203e+02,2.053988480614844718e+02,5.000000000000000000e+00,1.416818000000000002e-06,0.000000000000000000e+00
1.795659242122536909e+02,2.053984090757877539e+02,5.000000000000000000e+00,1.368039999999999907e-06,0.000000000000000000e+00
1.799855664723937707e+02,2.053979894335276128e+02,5.000000000000000000e+00,1.434207999999999974e-06,0.000000000000000000e+00
1.803964091662546139e+02,2.053975785908337457e+02,5.000000000000000000e+00,1.260733999999999939e-06,0.000000000000000000e+00
1.808163836759879928e+02,2.053971586163240204e+02,5.000000000000000000e+00,1.360094999999999977e-06,0.000000000000000000e+00
1.812352392860705663e+02,2.053967397607139276e+02,5.000000000000000000e+00,1.455206000000000014e-06,0.000000000000000000e+00
1.816326495769459939e+02,2.053963423504230548e+02,5.000000000000000000e+00,1.450432999999999975e-06,0.000000000000000000e+00
1.820741072181475602e+02,2.053959008927818672e+02,5.000000000000000000e+00,1.348715000000000096e-06,0.000000000000000000e+00
1.824690127941543949e+02,2.053955059872058371e+02,5.000000000000000000e+00,1.211796000000000087e-06,0.000000000000000000e+00
1.828913369658627630e+02,2.053950836630341428e+02,5.000000000000000000e+00,1.305671000000000098e-06,0.000000000000000000e+00
1.833092998019561151e+02,2.053946657001980327e+02,5.000000000000000000e+00,1.418361000000000031e-06,0.000000000000000000e+00
1.837141524080347494e+02,2.053942608475919656e+02,5.000000000000000000e+00,1.343229000000000070e-06,0.000000000000000000e+00
1.841481103566611068e+02,2.053938268896433499e+02,5.000000000000000000e+00,1.332984999999999995e-06,0.000000000000000000e+00
1.845369326184307965e+02,2.053934380673815667e+02,5.000000000000000000e+00,1.171575000000000087e-06,0.000000000000000000e+00
1.849840011170779519e+02,2.053929909988829365e+02,5.000000000000000000e+00,1.286782000000000041e-06,0.000000000000000000e+00
1.853833523664281131e+02,2.053925916476335658e+02,5.000000000000000000e+00,1.214547000000000003e-06,0.000000000000000000e+00
1.857861717280462130e+02,2.053921888282719692e+02,5.000000000000000000e+00,1.224615999999999906e-06,0.000000000000000000e+00
1.862105660192144967e+02,2.053917644339807964e+02,5.000000000000000000e+00,1.229112999999999950e-06,0.000000000000000000e+00
1.866557875225190912e+02,2.053913192124774696e+02,5.000000000000000000e+00,1.287888000000000077e-06,0.000000000000000000e+00
1.870797532757937915e+02,2.053908952467241988e+02,5.000000000000000000e+00,1.251930000000000014e-06,0.000000000000000000e+00
1.874807006862570802e+02,2.053904942993137581e+02,5.000000000000000000e+00,1.278530999999999923e-06,0.000000000000000000e+00
1.879103456883494516e+02,2.053900646543116579e+02,5.000000000000000000e+00,1.238294999999999932e-06,0.000000000000000000e+00
1.883385538086309339e+02,2.053896364461913606e+02,5.000000000000000000e+00,1.245206999999999935e-06,0.000000000000000000e+00
1.887610878150549922e+02,2.053892139121849425e+02,5.000000000000000000e+00,1.144245999999999988e-06,0.000000000000000000e+00
1.891612602377862800e+02,2.053888137397622131e+02,5.000000000000000000e+00,1.249848999999999958e-06,0.000000000000000000e+00
1.896000488779006332e+02,2.053883749511221026e+02,5.000000000000000000e+00,1.170585000000000076e-06,0.000000000000000000e+00
1.900280418612011033e+02,2.053879469581387980e+02,5.000000000000000000e+00,1.067543000000000072e-06,0.000000000000000000e+00
1.904246581646036134e+02,2.053875503418354072e+02,5.000000000000000000e+00,1.262290999999999931e-06,0.000000000000000000e+00
1.908401114893707700e+02,2.053871348885106443e+02,5.000000000000000000e+00,1.070030999999999928e-06,0.000000000000000000e+00
1.912331010199789318e+02,2.053867418989800342e+02,5.000000000000000000e+00,1.121093999999999993e-06,0.000000000000000000e+00
1.916622209818260671e+02,2.053863127790181693e+02,5.000000000000000000e+00,1.192093000000000006e-06,0.000000000000000000e+00
1.920852767900125286e+02,2.053858897232099991e+02,5.000000000000000000e+00,1.127235000000000101e-06,0.000000000000000000e+00
1.925012727396066055e+02,2.053854737272604041e+02,5.000000000000000000e+00,1.165986999999999997e-06,0.000000000000000000e+00
1.929167696234526943e+02,2.053850582303765577e+02,5.000000000000000000e+00,1.181499000000000011e-06,0.000000000000000000e+00
1.933047925459991063e+02,2.053846702074540076e+02,5.000000000000000000e+00,1.225111000000000017e-06,0.000000000000000000e+00
1.937482033222958933e+02,2.053842267966776944e+02,5.000000000000000000e+00,1.129722999999999958e-06,0.000000000000000000e+00
1.941724465236289063e+02,2.053838025534763858e+02,5.000000000000000000e+00,1.082211000000000081e-06,0.000000000000000000e+00
1.945709869908396854e+02,2.053834040130091694e+02,5.000000000000000000e+00,1.067718000000000032e-06,0.000000000000000000e+00
1.950178191584654428e+02,2.053829571808415437e+02,5.000000000000000000e+00,9.959621999999999661e-07,0.000000000000000000e+00
1.954370487093063673e+02,2.053825379512906864e+02,5.000000000000000000e+00,1.047345000000000092e-06,0.000000000000000000e+00
1.958243241044345098e+02,2.053821506758955593e+02,5.000000000000000000e+00,1.099818999999999930e-06,0.000000000000000000e+00
1.962414123698820845e+02,2.053817335876301229e+02,5.000000000000000000e+00,1.074310000000000095e-06,0.000000000000000000e+00
1.966719284901216724e+02,2.053813030715098762e+02,5.000000000000000000e+00,1.212203999999999914e-06,0.000000000000000000e+00
1.970800126543340980e+02,2.053808949873456697e+02,5.000000000000000000e+00,1.134364999999999980e-06,0.000000000000000000e+00
1.975109331008458469e+02,2.053804640668991510e+02,5.000000000000000000e+00,1.128762999999999928e-06,0.000000000000000000e+00
1.979286665066397859e+02,2.053800463334933681e+02,5.000000000000000000e+00,1.098989999999999917e-06,0.000000000000000000e+00
1.983496979379324046e+02,2.053796253020620668e+02,5.000000000000000000e+00,1.121952999999999988e-06,0.000000000000000000e+00
1.987585100992366449e+02,2.053792164899007560e+02,5.000000000000000000e+00,1.220309000000000025e-06,0.000000000000000000e+00
1.991822221957584986e+02,2.053787927778042501e+02,5.000000000000000000e+00,1.227745000000000093e-06,0.000000000000000000e+00
1.996193121665582453e+02,2.053783556878334480e+02,5.000000000000000000e+00,1.276828999999999952e-06,0.000000000000000000e+00
2.000499904890372989e+02,2.053779250095109603e+02,5.000000000000000000e+00,1.343811000000000041e-06,0.000000000000000000e+00
2.004764467930449712e+02,2.053774985532069479e+02,5.000000000000000000e+00,1.294378000000000078e-06,0.000000000000000000e+00
2.008641318440374448e+02,2.053771108681559667e+02,5.000000000000000000e+00,1.183230999999999963e-06,0.000000000000000000e+00
2.013019358889312969e+02,2.053766730641110598e+02,5.000000000000000000e+00,1.298351000000000057e-06,0.000000000000000000e+00
2.016880646873682963e+02,2.053762869353126348e+02,5.000000000000000000e+00,1.320543000000000021e-06,0.000000000000000000e+00
2.021242221602614393e+02,2.053758507778397302e+02,5.000000000000000000e+00,1.430147999999999923e-06,0.000000000000000000e+00
2.025608669841560356e+02,2.053754141330158518e+02,5.000000000000000000e+00,1.182837999999999914e-06,0.000000000000000000e+00
2.029466322643192768e+02,2.053750283677356947e+02,5.000000000000000000e+00,1.371080999999999994e-06,0.000000000000000000e+00
2.033596536854112742e+02,2.053746153463145845e+02,5.000000000000000000e+00,1.098335000000000047e-06,0.000000000000000000e+00
2.037694425977718993e+02,2.053742055574022345e+02,5.000000000000000000e+00,1.229287999999999910e-06,0.000000000000000000e+00
2.041932354981750279e+02,2.053737817645018140e+02,5.000000000000000000e+00,1.333072000000000067e-06,0.000000000000000000e+00
2.046182921380407151e+02,2.053733567078619728e+02,5.000000000000000000e+00,1.350898000000000004e-06,0.000000000000000000e+00
2.050371957306500121e+02,2.053729378042693554e+02,5.000000000000000000e+00,1.250228000000000043e-06,0.000000000000000000e+00
2.054606757129906782e+02,2.053725143242870104e+02,5.000000000000000000e+00,1.315376999999999934e-06,0.000000000000000000e+00
2.058636289217556907e+02,2.053721113710782333e+02,5.000000000000000000e+00,1.335690999999999940e-06,0.000000000000000000e+00
2.062636588149601096e+02,2.053717113411850335e+02,5.000000000000000000e+00,1.188688000000000036e-06,0.000000000000000000e+00
2.066920141744523960e+02,2.053712829858255589e+02,5.000000000000000000e+00,1.164663000000000084e-06,0.000000000000000000e+00
2.071351767309508887e+02,2.053708398232690513e+02,5.000000000000000000e+00,1.151944000000000088e-06,0.000000000000000000e+00
2.075763334735746355e+02,2.053703986665264267e+02,5.000000000000000000e+00,1.355089000000000071e-06,0.000000000000000000e+00
2.079617626854044659e+02,2.053700132373145948e+02,5.000000000000000000e+00,1.279564000000000062e-06,0.000000000000000000e+00
2.083964656733190282e+02,2.053695785343266778e+02,5.000000000000000000e+00,1.336942999999999983e-06,0.000000000000000000e+00
2.088117720024385733e+02,2.053691632279975749e+02,5.000000000000000000e+00,1.374078999999999952e-06,0.000000000000000000e+00
2.092121351998886780e+02,2.053687628648001180e+02,5.000000000000000000e+00,1.318053999999999925e-06,0.000000000000000000e+00
2.096393425968077509e+02,2.053683356574032075e+02,5.000000000000000000e+00,1.274150999999999933e-06,0.000000000000000000e+00
2.100768464511450304e+02,2.053678981535488504e+02,5.000000000000000000e+00,1.176580999999999993e-06,0.000000000000000000e+00
2.104776272405985651e+02,2.053674973727594022e+02,5.000000000000000000e+00,1.228413999999999925e-06,0.000000000000000000e+00
2.108990582737183956e+02,2.053670759417262843e+02,5.000000000000000000e+00,1.322681999999999985e-06,0.000000000000000000e+00
2.113163819565830295e+02,2.053666586180434308e+02,5.000000000000000000e+00,1.271618999999999920e-06,0.000000000000000000e+00
2.117219627006369080e+02,2.053662530372993729e+02,5.000000000000000000e+00,1.050357000000000013e-06,0.000000000000000000e+00
2.121554178626761882e+02,2.053658195821373340e+02,5.000000000000000000e+00,1.071558999999999967e-06,0.000000000000000000e+00
2.125445788832748804e+02,2.053654304211167414e+02,5.000000000000000000e+00,1.119303999999999922e-06,0.000000000000000000e+00
2.129928796645462512e+02,2.053649821203354691e+02,5.000000000000000000e+00,1.355481999999999908e-06,0.000000000000000000e+00
2.133922087488728323e+02,2.053645827912511379e+02,5.000000000000000000e+00,1.308392000000000034e-06,0.000000000000000000e+00
2.137957501899915655e+02,2.053641792498100074e+02,5.000000000000000000e+00,1.159176000000000030e-06,0.000000000000000000e+00
2.142181758042940771e+02,2.053637568241957183e+02,5.000000000000000000e+00,1.211868999999999984e-06,0.000000000000000000e+00
2.146365280709287902e+02,2.053633384719290689e+02,5.000000000000000000e+00,1.073873000000000103e-06,0.000000000000000000e+00
2.150571862897789970e+02,2.053629178137102258e+02,5.000000000000000000e+00,1.170249999999999934e-06,0.000000000000000000e+00
2.154856368181938535e+02,2.053624893631818225e+02,5.000000000000000000e+00,1.262712999999999933e-06,0.000000000000000000e+00
2.158962361439135975e+02,2.053620787638560898e+02,5.000000000000000000e+00,1.251580999999999910e-06,0.000000000000000000e+00
2.163096333607194879e+02,2.053616653666392722e+02,5.000000000000000000e+00,1.111592000000000071e-06,0.000000000000000000e+00
2.167336208026717657e+02,2.053612413791973381e+02,5.000000000000000000e+00,1.001958000000000004e-06,0.000000000000000000e+00
2.171324627446265652e+02,2.053608425372553654e+02,5.000000000000000000e+00,7.881172000000000528e-07,0.000000000000000000e+00
2.175737327086378343e+02,2.053604012672913655e+02,5.000000000000000000e+00,9.530049000000000106e-07,0.000000000000000000e+00
2.180045447370201543e+02,2.053599704552629817e+02,5.000000000000000000e+00,1.318359999999999902e-06,0.000000000000000000e+00
2.184206873511450340e+02,2.053595543126488678e+02,5.000000000000000000e+00,1.081702000000000007e-06,0.000000000000000000e+00
2.188083153366024476e+02,2.053591666846633927e+02,5.000000000000000000e+00,1.330831000000000040e-06,0.000000000000000000e+00
2.192514022323051961e+02,2.053587235977676926e+02,5.000000000000000000e+00,1.025342000000000050e-06,0.000000000000000000e+00
2.196753202043942110e+02,2.053582996797956071e+02,5.000000000000000000e+00,1.121806999999999981e-06,0.000000000000000000e+00
2.201130751138773860e+02,2.053578619248861230e+02,5.000000000000000000e+00,1.240972999999999951e-06,0.000000000000000000e+00
2.205210964790180128e+02,2.053574539035209909e+02,5.000000000000000000e+00,1.234613999999999967e-06,0.000000000000000000e+00
2.209410770716708896e+02,2.053570339229283377e+02,5.000000000000000000e+00,1.145555999999999938e-06,0.000000000000000000e+00
2.213564841116441926e+02,2.053566185158883570e+02,5.000000000000000000e+00,1.096923000000000035e-06,0.000000000000000000e+00
2.217453146912112913e+02,2.053562296853087901e+02,5.000000000000000000e+00,1.080188999999999959e-06,0.000000000000000000e+00
2.221756135220993258e+02,2.053557993864779121e+02,5.000000000000000000e+00,1.340798999999999908e-06,0.000000000000000000e+00
2.225836974843858513e+02,2.053553913025156135e+02,5.000000000000000000e+00,1.151186999999999944e-06,0.000000000000000000e+00
2.230162565950523970e+02,2.053549587434049499e+02,5.000000000000000000e+00,1.082488000000000104e-06,0.000000000000000000e+00
2.234225444913361116e+02,2.053545524555086672e+02,5.000000000000000000e+00,1.206863000000000078e-06,0.000000000000000000e+00
2.238388879847320823e+02,2.053541361120152828e+02,5.000000000000000000e+00,1.076711000000000092e-06,0.000000000000000000e+00
2.242640319660720536e+02,2.053537109680339370e+02,5.000000000000000000e+00,1.258013000000000003e-06,0.000000000000000000e+00
2.246760003855114860e+02,2.053532989996144806e+02,5.000000000000000000e+00,1.031934999999999929e-06,0.000000000000000000e+00
2.250999500950315735e+02,2.053528750499049806e+02,5.000000000000000000e+00,1.081251000000000051e-06,0.000000000000000000e+00
2.255283185731267963e+02,2.053524466814268692e+02,5.000000000000000000e+00,1.312538999999999945e-06,0.000000000000000000e+00
2.259250827038460443e+02,2.053520499172961422e+02,5.000000000000000000e+00,1.319305999999999969e-06,0.000000000000000000e+00
2.263406091073236723e+02,2.053516343908926842e+02,5.000000000000000000e+00,1.243126000000000090e-06,0.000000000000000000e+00
2.267805856567189267e+02,2.053511944143432970e+02,5.000000000000000000e+00,1.194610000000000028e-06,0.000000000000000000e+00
2.272045835522687014e+02,2.053507704164477445e+02,5.000000000000000000e+00,1.294684000000000054e-06,0.000000000000000000e+00
2.276034210045087036e+02,2.053503715789954924e+02,5.000000000000000000e+00,1.352440000000000006e-06,0.000000000000000000e+00
2.280271579123547951e+02,2.053499478420876585e+02,5.000000000000000000e+00,1.293781999999999931e-06,0.000000000000000000e+00
2.284735294167041957e+02,2.053495014705833057e+02,5.000000000000000000e+00,1.285748999999999902e-06,0.000000000000000000e+00
2.288748497343925123e+02,2.053491001502655990e+02,5.000000000000000000e+00,1.326086999999999955e-06,0.000000000000000000e+00
2.292761293396946485e+02,2.053486988706603142e+02,5.000000000000000000e+00,1.313819999999999942e-06,0.000000000000000000e+00
2.297022310029277037e+02,2.053482727689970773e+02,5.000000000000000000e+00,1.342049999999999924e-06,0.000000000000000000e+00
2.301218932656899199e+02,2.053478531067343056e+02,5.000000000000000000e+00,1.451436999999999949e-06,0.000000000000000000e+00
2.305410816164472863e+02,2.053474339183835582e+02,5.000000000000000000e+00,1.454624000000000042e-06,0.000000000000000000e+00
2.309654807394174441e+02,2.053470095192605811e+02,5.000000000000000000e+00,1.375941999999999921e-06,0.000000000000000000e+00
2.313532775898428042e+02,2.053466217224101626e+02,5.000000000000000000e+00,1.301944999999999950e-06,0.000000000000000000e+00
2.317965190602205041e+02,2.053461784809397841e+02,5.000000000000000000e+00,1.382533999999999984e-06,0.000000000000000000e+00
2.322006498335287858e+02,2.053457743501664652e+02,5.000000000000000000e+00,1.393186000000000098e-06,0.000000000000000000e+00
2.326143500640297646e+02,2.053453606499359694e+02,5.000000000000000000e+00,1.474705999999999997e-06,0.000000000000000000e+00
2.330524762050772267e+02,2.053449225237949349e+02,5.000000000000000000e+00,1.290681999999999910e-06,0.000000000000000000e+00
2.334572652994407065e+02,2.053445177347005597e+02,5.000000000000000000e+00,1.374791999999999940e-06,0.000000000000000000e+00
2.338725316844783890e+02,2.053441024683155263e+02,5.000000000000000000e+00,1.377760999999999945e-06,0.000000000000000000e+00
2.342840930976406923e+02,2.053436909069023670e+02,5.000000000000000000e+00,1.449021999999999990e-06,0.000000000000000000e+00
2.346888545152027916e+02,2.053432861454847966e+02,5.000000000000000000e+00,1.502994999999999914e-06,0.000000000000000000e+00
2.351196422037735942e+02,2.053428553577962248e+02,5.000000000000000000e+00,1.434498999999999960e-06,0.000000000000000000e+00
2.355461220892590859e+02,2.053424288779107485e+02,5.000000000000000000e+00,1.386680999999999895e-06,0.000000000000000000e+00
2.359489042640019250e+02,2.053420260957360028e+02,5.000000000000000000e+00,1.476234000000000035e-06,0.000000000000000000e+00
2.363780039209923984e+02,2.053415969960790051e+02,5.000000000000000000e+00,1.573236999999999994e-06,0.000000000000000000e+00
2.367974317971850269e+02,2.053411775682028235e+02,5.000000000000000000e+00,1.487788000000000061e-06,0.000000000000000000e+00
2.372013426091271526e+02,2.053407736573908835e+02,5.000000000000000000e+00,1.494831000000000080e-06,0.000000000000000000e+00
2.376365523324080868e+02,2.053403384476675910e+02,5.000000000000000000e+00,1.422712000000000067e-06,0.000000000000000000e+00
2.380617482068266497e+02,2.053399132517931776e+02,5.000000000000000000e+00,1.559354000000000055e-06,0.000000000000000000e+00
2.384697670192699945e+02,2.053395052329807413e+02,5.000000000000000000e+00,1.608234000000000000e-06,0.000000000000000000e+00
2.388849598973679633e+02,2.053390900401026329e+02,5.000000000000000000e+00,1.499488000000000093e-06,0.000000000000000000e+00
2.393002506974845573e+02,2.053386747493025268e+02,5.000000000000000000e+00,1.625842000000000061e-06,0.000000000000000000e+00
2.397440940476633671e+02,2.053382309059523436e+02,5.000000000000000000e+00,1.459397000000000081e-06,0.000000000000000000e+00
2.401755111146580930e+02,2.053377994888853380e+02,5.000000000000000000e+00,1.282286000000000025e-06,0.000000000000000000e+00
2.405666232595243628e+02,2.053374083767404841e+02,5.000000000000000000e+00,1.399631999999999943e-06,0.000000000000000000e+00
2.410141292103231478e+02,2.053369608707896816e+02,5.000000000000000000e+00,1.427164999999999955e-06,0.000000000000000000e+00
2.414145151962594298e+02,2.053365604848037549e+02,5.000000000000000000e+00,1.466250999999999965e-06,0.000000000000000000e+00
2.418206475850186905e+02,2.053361543524149795e+02,5.000000000000000000e+00,1.505205999999999959e-06,0.000000000000000000e+00
2.422385635666204280e+02,2.053357364364333932e+02,5.000000000000000000e+00,1.416686999999999985e-06,0.000000000000000000e+00
2.426466051816959180e+02,2.053353283948183048e+02,5.000000000000000000e+00,1.523832999999999984e-06,0.000000000000000000e+00
2.430771009902192930e+02,2.053348978990097748e+02,5.000000000000000000e+00,1.487235000000000042e-06,0.000000000000000000e+00
2.434833728809159936e+02,2.053344916271190925e+02,5.000000000000000000e+00,1.478315000000000092e-06,0.000000000000000000e+00
2.438969335353459940e+02,2.053340780664646559e+02,5.000000000000000000e+00,1.587962999999999911e-06,0.000000000000000000e+00
2.443313084857940396e+02,2.053336436915141974e+02,5.000000000000000000e+00,1.634514999999999969e-06,0.000000000000000000e+00
2.447128337856588871e+02,2.053332621662143538e+02,5.000000000000000000e+00,1.627340999999999934e-06,0.000000000000000000e+00
2.451546441203273048e+02,2.053328203558796758e+02,5.000000000000000000e+00,1.555482999999999927e-06,0.000000000000000000e+00
2.455786371354278401e+02,2.053323963628645856e+02,5.000000000000000000e+00,1.678592999999999922e-06,0.000000000000000000e+00
2.459794358725683878e+02,2.053319955641274248e+02,5.000000000000000000e+00,1.663065999999999918e-06,0.000000000000000000e+00
2.464179074657406829e+02,2.053315570925342683e+02,5.000000000000000000e+00,1.663297999999999969e-06,0.000000000000000000e+00
2.468331770986295908e+02,2.053311418229013725e+02,5.000000000000000000e+00,1.706430000000000067e-06,0.000000000000000000e+00
2.472489619518542838e+02,2.053307260380481409e+02,5.000000000000000000e+00,1.637964000000000095e-06,0.000000000000000000e+00
2.476920507541018424e+02,2.053302829492459125e+02,5.000000000000000000e+00,1.835491000000000008e-06,0.000000000000000000e+00
2.480878071661859678e+02,2.053298871928338087e+02,5.000000000000000000e+00,1.738503000000000040e-06,0.000000000000000000e+00
2.485205811073737152e+02,2.053294544188926238e+02,5.000000000000000000e+00,1.689928000000000043e-06,0.000000000000000000e+00
2.489659103816793504e+02,2.053290090896183244e+02,5.000000000000000000e+00,1.812818999999999922e-06,0.000000000000000000e+00
2.493430662544430731e+02,2.053286319337455552e+02,5.000000000000000000e+00,1.722451999999999971e-06,0.000000000000000000e+00
2.497686768563627879e+02,2.053282063231436325e+02,5.000000000000000000e+00,1.704204000000000031e-06,0.000000000000000000e+00
2.501961838815032877e+02,2.053277788161184958e+02,5.000000000000000000e+00,1.600913999999999958e-06,0.000000000000000000e+00
2.506041261824727542e+02,2.053273708738175287e+02,5.000000000000000000e+00,1.595501000000000041e-06,0.000000000000000000e+00
2.510350298330079966e+02,2.053269399701669897e+02,5.000000000000000000e+00,1.569671000000000027e-06,0.000000000000000000e+00
2.514375259732824475e+02,2.053265374740267077e+02,5.000000000000000000e+00,1.808890000000000099e-06,0.000000000000000000e+00
2.518461301455191119e+02,2.053261288698544718e+02,5.000000000000000000e+00,1.543100000000000100e-06,0.000000000000000000e+00
2.522607600601160129e+02,2.053257142399398845e+02,5.000000000000000000e+00,1.768217999999999932e-06,0.000000000000000000e+00
2.526679569768601539e+02,2.053253070430231446e+02,5.000000000000000000e+00,1.552907999999999998e-06,0.000000000000000000e+00
2.531082458035735954e+02,2.053248667541964210e+02,5.000000000000000000e+00,1.693929999999999975e-06,0.000000000000000000e+00
2.535063527852356344e+02,2.053244686472147578e+02,5.000000000000000000e+00,1.602850000000000036e-06,0.000000000000000000e+00
2.539230341855964923e+02,2.053240519658144194e+02,5.000000000000000000e+00,1.637149000000000044e-06,0.000000000000000000e+00
2.543663567279859876e+02,2.053236086432720242e+02,5.000000000000000000e+00,1.810839999999999928e-06,0.000000000000000000e+00
2.547537104205729861e+02,2.053232212895794362e+02,5.000000000000000000e+00,1.614404000000000061e-06,0.000000000000000000e+00
2.551774575256453090e+02,2.053227975424743477e+02,5.000000000000000000e+00,1.590262000000000056e-06,0.000000000000000000e+00
2.556147295005530111e+02,2.053223602704994448e+02,5.000000000000000000e+00,1.595267999999999962e-06,0.000000000000000000e+00
2.560228992040944718e+02,2.053219521007958974e+02,5.000000000000000000e+00,1.701729999999999926e-06,0.000000000000000000e+00
2.564432576838868840e+02,2.053215317423161252e+02,5.000000000000000000e+00,1.670895000000000034e-06,0.000000000000000000e+00
2.568474218587786027e+02,2.053211275781412155e+02,5.000000000000000000e+00,1.661945000000000103e-06,0.000000000000000000e+00
2.572467423014530823e+02,2.053207282576985619e+02,5.000000000000000000e+00,1.756969000000000067e-06,0.000000000000000000e+00
2.576774178603803875e+02,2.053202975821396308e+02,5.000000000000000000e+00,1.746054999999999921e-06,0.000000000000000000e+00
2.581186527980152050e+02,2.053198563472019771e+02,5.000000000000000000e+00,1.777982000000000098e-06,0.000000000000000000e+00
2.585178949332060938e+02,2.053194571050667889e+02,5.000000000000000000e+00,1.696941999999999897e-06,0.000000000000000000e+00
2.589629253065443777e+02,2.053190120746934610e+02,5.000000000000000000e+00,1.802313000000000027e-06,0.000000000000000000e+00
2.593787574416200528e+02,2.053185962425583853e+02,5.000000000000000000e+00,1.778505999999999951e-06,0.000000000000000000e+00
2.597942983857714694e+02,2.053181807016142386e+02,5.000000000000000000e+00,1.554130000000000060e-06,0.000000000000000000e+00
2.602388620530069829e+02,2.053177361379470085e+02,5.000000000000000000e+00,1.546214000000000084e-06,0.000000000000000000e+00
2.606378544717192653e+02,2.053173371455282847e+02,5.000000000000000000e+00,1.612294000000000051e-06,0.000000000000000000e+00
2.610615958740457927e+02,2.053169134041259554e+02,5.000000000000000000e+00,1.688648000000000074e-06,0.000000000000000000e+00
2.614637169967469390e+02,2.053165112830032513e+02,5.000000000000000000e+00,1.751061000000000039e-06,0.000000000000000000e+00
2.618989809399104161e+02,2.053160760190600911e+02,5.000000000000000000e+00,1.553940999999999925e-06,0.000000000000000000e+00
2.623078239828244023e+02,2.053156671760171719e+02,5.000000000000000000e+00,1.631443999999999901e-06,0.000000000000000000e+00
2.627102878559965120e+02,2.053152647121439998e+02,5.000000000000000000e+00,1.594250000000000025e-06,0.000000000000000000e+00
2.631409587838043080e+02,2.053148340412161872e+02,5.000000000000000000e+00,1.590320999999999990e-06,0.000000000000000000e+00
2.635489119281733110e+02,2.053144260880718264e+02,5.000000000000000000e+00,1.551452000000000041e-06,0.000000000000000000e+00
2.639750452014419011e+02,2.053139999547985610e+02,5.000000000000000000e+00,1.441236000000000002e-06,0.000000000000000000e+00
2.643762824208592974e+02,2.053135987175791399e+02,5.000000000000000000e+00,1.477979999999999951e-06,0.000000000000000000e+00
2.647780832295172786e+02,2.053131969167704938e+02,5.000000000000000000e+00,1.683787999999999963e-06,0.000000000000000000e+00
2.652242631011450840e+02,2.053127507368988631e+02,5.000000000000000000e+00,1.461522000000000082e-06,0.000000000000000000e+00
2.656118306870229162e+02,2.053123631693129880e+02,5.000000000000000000e+00,1.507971000000000050e-06,0.000000000000000000e+00
2.660467535981297260e+02,2.053119282464018625e+02,5.000000000000000000e+00,1.477251999999999972e-06,0.000000000000000000e+00
2.664955526026453185e+02,2.053114794473973461e+02,5.000000000000000000e+00,1.445442000000000060e-06,0.000000000000000000e+00
2.669110935467967352e+02,2.053110639064531995e+02,5.000000000000000000e+00,1.391322999999999918e-06,0.000000000000000000e+00
2.672991405412569179e+02,2.053106758594587404e+02,5.000000000000000000e+00,1.528577000000000069e-06,0.000000000000000000e+00
2.677213407972240020e+02,2.053102536592027718e+02,5.000000000000000000e+00,1.359017999999999894e-06,0.000000000000000000e+00
2.681521634480662897e+02,2.053098228365519446e+02,5.000000000000000000e+00,1.427121000000000011e-06,0.000000000000000000e+00
2.685762131594537436e+02,2.053093987868405463e+02,5.000000000000000000e+00,1.357505000000000058e-06,0.000000000000000000e+00
2.689888314003234200e+02,2.053089861685996880e+02,5.000000000000000000e+00,1.267253999999999920e-06,0.000000000000000000e+00
2.694136911586631413e+02,2.053085613088413481e+02,5.000000000000000000e+00,1.395616000000000048e-06,0.000000000000000000e+00
2.698471451285585658e+02,2.053081278548714579e+02,5.000000000000000000e+00,1.372550999999999914e-06,0.000000000000000000e+00
2.702384803005784875e+02,2.053077365196994322e+02,5.000000000000000000e+00,1.338775999999999970e-06,0.000000000000000000e+00
2.706679846570592645e+02,2.053073070153429569e+02,5.000000000000000000e+00,1.413282000000000015e-06,0.000000000000000000e+00
2.710907553267200569e+02,2.053068842446732845e+02,5.000000000000000000e+00,1.391090000000000051e-06,0.000000000000000000e+00
2.715069538633701995e+02,2.053064680461366436e+02,5.000000000000000000e+00,1.222536000000000089e-06,0.000000000000000000e+00
2.719240532202401255e+02,2.053060509467797488e+02,5.000000000000000000e+00,1.346343000000000054e-06,0.000000000000000000e+00
2.723112597746971915e+02,2.053056637402252989e+02,5.000000000000000000e+00,1.117426999999999991e-06,0.000000000000000000e+00
2.727310242831428582e+02,2.053052439757168486e+02,5.000000000000000000e+00,1.061023999999999906e-06,0.000000000000000000e+00
2.731482245225930683e+02,2.053048267754774088e+02,5.000000000000000000e+00,1.072622000000000087e-06,0.000000000000000000e+00
2.735692829203924248e+02,2.053044057170796179e+02,5.000000000000000000e+00,1.228196000000000048e-06,0.000000000000000000e+00
2.740002960666361673e+02,2.053039747039333633e+02,5.000000000000000000e+00,1.222869999999999991e-06,0.000000000000000000e+00
2.743881638147745434e+02,2.053035868361852181e+02,5.000000000000000000e+00,1.025765000000000080e-06,0.000000000000000000e+00
2.748235891030534503e+02,2.053031514108969589e+02,5.000000000000000000e+00,1.173161000000000032e-06,0.000000000000000000e+00
2.752475779097783857e+02,2.053027274220902143e+02,5.000000000000000000e+00,1.291410000000000100e-06,0.000000000000000000e+00
2.756463236757478512e+02,2.053023286763242652e+02,5.000000000000000000e+00,1.374064999999999989e-06,0.000000000000000000e+00
2.760863593143649268e+02,2.053018886406856325e+02,5.000000000000000000e+00,1.250314999999999904e-06,0.000000000000000000e+00
2.765171018546148503e+02,2.053014578981454008e+02,5.000000000000000000e+00,1.338980000000000096e-06,0.000000000000000000e+00
2.769172986569336103e+02,2.053010577013430691e+02,5.000000000000000000e+00,1.208726000000000046e-06,0.000000000000000000e+00
2.773236569459538146e+02,2.053006513430540565e+02,5.000000000000000000e+00,1.192849999999999938e-06,0.000000000000000000e+00
2.777409399718072223e+02,2.053002340600282025e+02,5.000000000000000000e+00,1.190492000000000070e-06,0.000000000000000000e+00
2.781573138874421147e+02,2.052998176861125614e+02,5.000000000000000000e+00,1.111752000000000041e-06,0.000000000000000000e+00
2.785795631827546686e+02,2.052993954368172353e+02,5.000000000000000000e+00,1.161649999999999923e-06,0.000000000000000000e+00
2.790112622938931395e+02,2.052989637377061172e+02,5.000000000000000000e+00,1.034757999999999928e-06,0.000000000000000000e+00
2.794552775741511255e+02,2.052985197224258513e+02,5.000000000000000000e+00,1.031731000000000016e-06,0.000000000000000000e+00
2.798708251448564397e+02,2.052981041748551547e+02,5.000000000000000000e+00,9.357027000000000478e-07,0.000000000000000000e+00
2.802586008280541705e+02,2.052977163991719465e+02,5.000000000000000000e+00,1.219915999999999977e-06,0.000000000000000000e+00
2.806879358223455938e+02,2.052972870641776524e+02,5.000000000000000000e+00,1.207779999999999980e-06,0.000000000000000000e+00
2.811307213874376885e+02,2.052968442786125536e+02,5.000000000000000000e+00,1.173524999999999915e-06,0.000000000000000000e+00
2.815299639495216866e+02,2.052964450360504713e+02,5.000000000000000000e+00,1.207052000000000001e-06,0.000000000000000000e+00
2.819542119795792132e+02,2.052960207880204280e+02,5.000000000000000000e+00,1.232038000000000011e-06,0.000000000000000000e+00
2.823667727162716119e+02,2.052956082272837364e+02,5.000000000000000000e+00,1.168125999999999961e-06,0.000000000000000000e+00
2.827804919532430290e+02,2.052951945080467624e+02,5.000000000000000000e+00,1.100052000000000009e-06,0.000000000000000000e+00
2.831886961636482738e+02,2.052947863038363607e+02,5.000000000000000000e+00,1.118154999999999970e-06,0.000000000000000000e+00
2.836137930333326267e+02,2.052943612069666699e+02,5.000000000000000000e+00,1.054489999999999962e-06,0.000000000000000000e+00
2.840444694860117352e+02,2.052939305305139897e+02,5.000000000000000000e+00,1.105770999999999903e-06,0.000000000000000000e+00
2.844476637190772408e+02,2.052935273362809312e+02,5.000000000000000000e+00,1.059859999999999963e-06,0.000000000000000000e+00
2.848571152162849671e+02,2.052931178847837259e+02,5.000000000000000000e+00,9.673968000000000854e-07,0.000000000000000000e+00
2.852698927588921265e+02,2.052927051072411189e+02,5.000000000000000000e+00,1.153254000000000038e-06,0.000000000000000000e+00
2.856762632348731472e+02,2.052922987367651331e+02,5.000000000000000000e+00,1.278967999999999915e-06,0.000000000000000000e+00
2.861176346096042380e+02,2.052918573653903991e+02,5.000000000000000000e+00,1.156134999999999943e-06,0.000000000000000000e+00
2.865411213740785570e+02,2.052914338786259236e+02,5.000000000000000000e+00,1.052976999999999914e-06,0.000000000000000000e+00
2.869457855140856282e+02,2.052910292144859170e+02,5.000000000000000000e+00,1.132081000000000037e-06,0.000000000000000000e+00
2.873765043871925400e+02,2.052905984956128123e+02,5.000000000000000000e+00,1.017310000000000048e-06,0.000000000000000000e+00
2.877917707466800721e+02,2.052901832292533300e+02,5.000000000000000000e+00,8.889764999999999665e-07,0.000000000000000000e+00
2.882150834560832777e+02,2.052897599165439146e+02,5.000000000000000000e+00,1.095147999999999954e-06,0.000000000000000000e+00
2.886232593385526570e+02,2.052893517406614592e+02,5.000000000000000000e+00,9.982177000000000752e-07,0.000000000000000000e+00
2.890541610548230551e+02,2.052889208389451881e+02,5.000000000000000000e+00,1.098510000000000008e-06,0.000000000000000000e+00
2.894820174813793869e+02,2.052884929825186191e+02,5.000000000000000000e+00,1.134482000000000034e-06,0.000000000000000000e+00
2.898934622263668075e+02,2.052880815377736496e+02,5.000000000000000000e+00,1.089646999999999937e-06,0.000000000000000000e+00
2.903068012099525390e+02,2.052876681987900440e+02,5.000000000000000000e+00,1.127496999999999922e-06,0.000000000000000000e+00
2.907305440816813302e+02,2.052872444559183123e+02,5.000000000000000000e+00,1.089589000000000030e-06,0.000000000000000000e+00
2.911295365003936126e+02,2.052868454634996169e+02,5.000000000000000000e+00,1.111241999999999939e-06,0.000000000000000000e+00
2.915713908559779384e+02,2.052864036091440312e+02,5.000000000000000000e+00,1.019783999999999942e-06,0.000000000000000000e+00
2.920018892131525376e+02,2.052859731107868413e+02,5.000000000000000000e+00,1.064749000000000027e-06,0.000000000000000000e+00
2.923902946006838874e+02,2.052855847053993159e+02,5.000000000000000000e+00,1.186097999999999905e-06,0.000000000000000000e+00
2.928000064847328190e+02,2.052851749935152554e+02,5.000000000000000000e+00,1.081222000000000098e-06,0.000000000000000000e+00
2.932034037275270748e+02,2.052847715962724635e+02,5.000000000000000000e+00,1.163759999999999934e-06,0.000000000000000000e+00
2.936340792158053432e+02,2.052843409207841887e+02,5.000000000000000000e+00,1.136432000000000074e-06,0.000000000000000000e+00
2.940593595515089191e+02,2.052839156404484982e+02,5.000000000000000000e+00,1.147650999999999958e-06,0.000000000000000000e+00
2.944663648273120202e+02,2.052835086351726943e+02,5.000000000000000000e+00,1.201187999999999916e-06,0.000000000000000000e+00
2.948819057714634368e+02,2.052830930942285477e+02,5.000000000000000000e+00,1.132836999999999942e-06,0.000000000000000000e+00
2.953110982351282701e+02,2.052826639017648631e+02,5.000000000000000000e+00,1.174383000000000094e-06,0.000000000000000000e+00
2.957159453282442882e+02,2.052822590546717549e+02,5.000000000000000000e+00,1.076318000000000043e-06,0.000000000000000000e+00
2.961399408693162627e+02,2.052818350591306853e+02,5.000000000000000000e+00,1.202789000000000064e-06,0.000000000000000000e+00
2.965739055086177700e+02,2.052814010944913719e+02,5.000000000000000000e+00,1.122637000000000022e-06,0.000000000000000000e+00
2.969863103877859203e+02,2.052809886896122293e+02,5.000000000000000000e+00,1.176115000000000046e-06,0.000000000000000000e+00
2.974015760029686248e+02,2.052805734239970263e+02,5.000000000000000000e+00,1.185369999999999927e-06,0.000000000000000000e+00
2.978104087082230080e+02,2.052801645912917934e+02,5.000000000000000000e+00,1.232241999999999924e-06,0.000000000000000000e+00
2.982130966350032395e+02,2.052797619033649994e+02,5.000000000000000000e+00,1.119784000000000043e-06,0.000000000000000000e+00
2.986435455210253167e+02,2.052793314544789780e+02,5.000000000000000000e+00,1.186956000000000084e-06,0.000000000000000000e+00
2.990818874667812111e+02,2.052788931125332113e+02,5.000000000000000000e+00,1.172068999999999959e-06,0.000000000000000000e+00
2.995058804818817180e+02,2.052784691195181210e+02,5.000000000000000000e+00,1.016086999999999958e-06,0.000000000000000000e+00
2.999495767430025239e+02,2.052780254232569916e+02,5.000000000000000000e+00,9.754003000000000419e-07,0.000000000000000000e+00
3.003533637595419918e+02,2.052776216362404682e+02,5.000000000000000000e+00,1.277876000000000054e-06,0.000000000000000000e+00
3.007520648469266007e+02,2.052772229351530768e+02,5.000000000000000000e+00,1.169507999999999993e-06,0.000000000000000000e+00
3.011823649003492278e+02,2.052767926350996390e+02,5.000000000000000000e+00,1.204928000000000028e-06,0.000000000000000000e+00
3.015905346038906032e+02,2.052763844653961200e+02,5.000000000000000000e+00,1.255233999999999949e-06,0.000000000000000000e+00
3.020214374947408942e+02,2.052759535625052649e+02,5.000000000000000000e+00,1.309570999999999968e-06,0.000000000000000000e+00
3.024223276816641715e+02,2.052755526723183266e+02,5.000000000000000000e+00,1.261258000000000004e-06,0.000000000000000000e+00
3.028292422986800148e+02,2.052751457577013241e+02,5.000000000000000000e+00,1.339286000000000072e-06,0.000000000000000000e+00
3.032684632335017909e+02,2.052747065367665016e+02,5.000000000000000000e+00,1.328763999999999946e-06,0.000000000000000000e+00
3.036539105931340146e+02,2.052743210894068682e+02,5.000000000000000000e+00,1.327396999999999905e-06,0.000000000000000000e+00
3.040932928091602889e+02,2.052738817071908386e+02,5.000000000000000000e+00,1.251086000000000010e-06,0.000000000000000000e+00
3.045144019673174398e+02,2.052734605980326990e+02,5.000000000000000000e+00,1.250926000000000041e-06,0.000000000000000000e+00
3.049069780517931463e+02,2.052730680219482053e+02,5.000000000000000000e+00,1.309061000000000078e-06,0.000000000000000000e+00
3.053400211927481109e+02,2.052726349788072469e+02,5.000000000000000000e+00,1.351174000000000000e-06,0.000000000000000000e+00
3.057625144396252495e+02,2.052722124855603738e+02,5.000000000000000000e+00,1.277353000000000016e-06,0.000000000000000000e+00
3.061627526668098085e+02,2.052718122473332016e+02,5.000000000000000000e+00,1.228937999999999989e-06,0.000000000000000000e+00
3.066015895085664624e+02,2.052713734104914352e+02,5.000000000000000000e+00,1.178457999999999924e-06,0.000000000000000000e+00
3.070324901962655417e+02,2.052709425098037457e+02,5.000000000000000000e+00,1.259425000000000016e-06,0.000000000000000000e+00
3.074549800641450474e+02,2.052705200199358444e+02,5.000000000000000000e+00,1.180801000000000013e-06,0.000000000000000000e+00
3.078424711829724174e+02,2.052701325288170437e+02,5.000000000000000000e+00,1.194494000000000002e-06,0.000000000000000000e+00
3.082580121271238340e+02,2.052697169878728687e+02,5.000000000000000000e+00,1.155524000000000018e-06,0.000000000000000000e+00
3.087057042200434580e+02,2.052692692957799636e+02,5.000000000000000000e+00,1.254665999999999940e-06,0.000000000000000000e+00
3.091403358306823179e+02,2.052688346641693329e+02,5.000000000000000000e+00,1.216103999999999995e-06,0.000000000000000000e+00
3.095278550499773473e+02,2.052684471449500165e+02,5.000000000000000000e+00,1.188528000000000066e-06,0.000000000000000000e+00
3.099739923473282488e+02,2.052680010076526855e+02,5.000000000000000000e+00,1.165840999999999990e-06,0.000000000000000000e+00
3.103755879688916366e+02,2.052675994120311032e+02,5.000000000000000000e+00,1.234104000000000077e-06,0.000000000000000000e+00
3.107773141878710703e+02,2.052671976858121354e+02,5.000000000000000000e+00,1.180379000000000011e-06,0.000000000000000000e+00
3.112032503335502156e+02,2.052667717496664466e+02,5.000000000000000000e+00,1.137944999999999910e-06,0.000000000000000000e+00
3.116116460322692774e+02,2.052663633539677335e+02,5.000000000000000000e+00,1.166597999999999922e-06,0.000000000000000000e+00
3.120465564369379194e+02,2.052659284435630695e+02,5.000000000000000000e+00,1.154548999999999997e-06,0.000000000000000000e+00
3.124507308228150464e+02,2.052655242691771775e+02,5.000000000000000000e+00,1.159482000000000006e-06,0.000000000000000000e+00
3.128550461388395547e+02,2.052651199538611593e+02,5.000000000000000000e+00,1.168387999999999993e-06,0.000000000000000000e+00
3.132893496805534710e+02,2.052646856503194499e+02,5.000000000000000000e+00,1.160383999999999917e-06,0.000000000000000000e+00
3.136917768744482942e+02,2.052642832231255454e+02,5.000000000000000000e+00,1.083536000000000022e-06,0.000000000000000000e+00
3.141152668530534129e+02,2.052638597331469441e+02,5.000000000000000000e+00,1.090898999999999980e-06,0.000000000000000000e+00
3.145533401041707862e+02,2.052634216598958403e+02,5.000000000000000000e+00,1.135340000000000001e-06,0.000000000000000000e+00
3.149588948795292822e+02,2.052630161051204709e+02,5.000000000000000000e+00,1.100023000000000056e-06,0.000000000000000000e+00
3.153744391518235943e+02,2.052626005608481705e+02,5.000000000000000000e+00,1.094959000000000031e-06,0.000000000000000000e+00
3.157854846728214397e+02,2.052621895153271794e+02,5.000000000000000000e+00,1.128370000000000091e-06,0.000000000000000000e+00
3.161904379787465018e+02,2.052617845620212620e+02,5.000000000000000000e+00,1.178676000000000012e-06,0.000000000000000000e+00
3.166208873561623136e+02,2.052613541126438292e+02,5.000000000000000000e+00,1.163861999999999996e-06,0.000000000000000000e+00
3.170290570597037458e+02,2.052609459429403103e+02,5.000000000000000000e+00,1.086300000000000086e-06,0.000000000000000000e+00
3.174505060503088316e+02,2.052605244939497027e+02,5.000000000000000000e+00,1.206848999999999903e-06,0.000000000000000000e+00
3.178941100728920901e+02,2.052600808899271101e+02,5.000000000000000000e+00,1.235588999999999987e-06,0.000000000000000000e+00
3.182983557589295174e+02,2.052596766442410683e+02,5.000000000000000000e+00,1.238600999999999909e-06,0.000000000000000000e+00
3.187021838688900175e+02,2.052592728161311015e+02,5.000000000000000000e+00,1.288571999999999900e-06,0.000000000000000000e+00
3.191374337750211225e+02,2.052588375662249689e+02,5.000000000000000000e+00,1.257940000000000106e-06,0.000000000000000000e+00
3.195685586467437247e+02,2.052584064413532587e+02,5.000000000000000000e+00,1.325447000000000076e-06,0.000000000000000000e+00
3.199987860004771392e+02,2.052579762139995125e+02,5.000000000000000000e+00,1.356661000000000054e-06,0.000000000000000000e+00
3.204074092602632504e+02,2.052575675907397397e+02,5.000000000000000000e+00,1.367748999999999921e-06,0.000000000000000000e+00
3.208221489443927226e+02,2.052571528510556220e+02,5.000000000000000000e+00,1.301902000000000033e-06,0.000000000000000000e+00
3.212461360877862830e+02,2.052567288639122296e+02,5.000000000000000000e+00,1.351989000000000050e-06,0.000000000000000000e+00
3.216451284143228690e+02,2.052563298715856774e+02,5.000000000000000000e+00,1.339184000000000009e-06,0.000000000000000000e+00
3.220855634368493838e+02,2.052558894365631659e+02,5.000000000000000000e+00,1.370063000000000057e-06,0.000000000000000000e+00
3.224710120234222472e+02,2.052555039879765673e+02,5.000000000000000000e+00,1.364183999999999982e-06,0.000000000000000000e+00
3.229076189954143956e+02,2.052550673810045794e+02,5.000000000000000000e+00,1.380845999999999976e-06,0.000000000000000000e+00
3.233155995915932976e+02,2.052546594004084000e+02,5.000000000000000000e+00,1.387161000000000016e-06,0.000000000000000000e+00
3.237175835856953654e+02,2.052542574164143048e+02,5.000000000000000000e+00,1.505788999999999958e-06,0.000000000000000000e+00
3.241482536522738656e+02,2.052538267463477268e+02,5.000000000000000000e+00,1.614054999999999957e-06,0.000000000000000000e+00
3.245721431294356307e+02,2.052534028568705651e+02,5.000000000000000000e+00,1.395791000000000008e-06,0.000000000000000000e+00
3.249842384711215004e+02,2.052529907615288778e+02,5.000000000000000000e+00,1.232066999999999964e-06,0.000000000000000000e+00
3.253995081040104083e+02,2.052525754918959819e+02,5.000000000000000000e+00,1.132589999999999900e-06,0.000000000000000000e+00
3.258259548793129738e+02,2.052521490451206887e+02,5.000000000000000000e+00,1.423265000000000086e-06,0.000000000000000000e+00
3.262113976544066531e+02,2.052517636023455907e+02,5.000000000000000000e+00,1.358625000000000058e-06,0.000000000000000000e+00
3.266565382118320144e+02,2.052513184617881734e+02,5.000000000000000000e+00,1.318068999999999916e-06,0.000000000000000000e+00
3.270961631888268926e+02,2.052508788368111823e+02,5.000000000000000000e+00,1.357867999999999914e-06,0.000000000000000000e+00
3.275268380950728897e+02,2.052504481619049272e+02,5.000000000000000000e+00,1.341832000000000047e-06,0.000000000000000000e+00
3.279280130235221122e+02,2.052500469869764856e+02,5.000000000000000000e+00,1.348031000000000062e-06,0.000000000000000000e+00
3.283352791730060858e+02,2.052496397208269912e+02,5.000000000000000000e+00,1.384541999999999932e-06,0.000000000000000000e+00
3.287511113080817609e+02,2.052492238886919154e+02,5.000000000000000000e+00,1.396372999999999980e-06,0.000000000000000000e+00
3.291664523738146499e+02,2.052488085476261972e+02,5.000000000000000000e+00,1.373802999999999957e-06,0.000000000000000000e+00
3.295987300975691028e+02,2.052483762699024226e+02,5.000000000000000000e+00,1.411200999999999959e-06,0.000000000000000000e+00
3.300431576933920041e+02,2.052479318423065990e+02,5.000000000000000000e+00,1.322347000000000055e-06,0.000000000000000000e+00
3.304283776504522052e+02,2.052475466223495459e+02,5.000000000000000000e+00,1.347042000000000079e-06,0.000000000000000000e+00
3.308555103310450818e+02,2.052471194896689610e+02,5.000000000000000000e+00,1.268504999999999936e-06,0.000000000000000000e+00
3.312449586990576904e+02,2.052467300413009355e+02,5.000000000000000000e+00,1.402338999999999915e-06,0.000000000000000000e+00
3.316751759866409657e+02,2.052462998240133629e+02,5.000000000000000000e+00,1.411884999999999993e-06,0.000000000000000000e+00
3.320968169214560248e+02,2.052458781830785597e+02,5.000000000000000000e+00,1.360357000000000010e-06,0.000000000000000000e+00
3.325135666675341781e+02,2.052454614333324798e+02,5.000000000000000000e+00,1.313368999999999986e-06,0.000000000000000000e+00
3.329321354001112923e+02,2.052450428645998954e+02,5.000000000000000000e+00,1.314445000000000042e-06,0.000000000000000000e+00
3.333381645840788110e+02,2.052446368354159176e+02,5.000000000000000000e+00,1.326742000000000036e-06,0.000000000000000000e+00
3.337383194049271538e+02,2.052442366805950655e+02,5.000000000000000000e+00,1.130902000000000103e-06,0.000000000000000000e+00
3.341861446503971820e+02,2.052437888553496066e+02,5.000000000000000000e+00,1.250969999999999985e-06,0.000000000000000000e+00
3.345848849007633703e+02,2.052433901150992313e+02,5.000000000000000000e+00,1.319393000000000041e-06,0.000000000000000000e+00
3.350088799408382556e+02,2.052429661200591511e+02,5.000000000000000000e+00,1.285850999999999964e-06,0.000000000000000000e+00
3.354531927118509316e+02,2.052425218072881421e+02,5.000000000000000000e+00,1.339648999999999928e-06,0.000000000000000000e+00
3.358566158276676106e+02,2.052421183841723291e+02,5.000000000000000000e+00,1.368723999999999942e-06,0.000000000000000000e+00
3.362562312362172179e+02,2.052417187687637750e+02,5.000000000000000000e+00,1.387524999999999899e-06,0.000000000000000000e+00
3.366859958638936519e+02,2.052412890041361209e+02,5.000000000000000000e+00,1.255568000000000063e-06,0.000000000000000000e+00
3.370937216056906323e+02,2.052408812783943119e+02,5.000000000000000000e+00,1.410270000000000094e-06,0.000000000000000000e+00
3.375248513601665650e+02,2.052404501486398374e+02,5.000000000000000000e+00,1.296327999999999907e-06,0.000000000000000000e+00
3.379456376960797002e+02,2.052400293623039147e+02,5.000000000000000000e+00,1.400971000000000058e-06,0.000000000000000000e+00
3.383636970909328170e+02,2.052396113029090827e+02,5.000000000000000000e+00,1.383931000000000006e-06,0.000000000000000000e+00
3.387738093465969769e+02,2.052392011906534037e+02,5.000000000000000000e+00,1.323628000000000052e-06,0.000000000000000000e+00
3.391978023616975975e+02,2.052387771976383135e+02,5.000000000000000000e+00,1.357562999999999965e-06,0.000000000000000000e+00
3.396332231927306111e+02,2.052383417768072604e+02,5.000000000000000000e+00,1.311941999999999983e-06,0.000000000000000000e+00
3.400702887015434612e+02,2.052379047112984551e+02,5.000000000000000000e+00,1.383189000000000065e-06,0.000000000000000000e+00
3.404718415926440116e+02,2.052375031584073497e+02,5.000000000000000000e+00,1.416686999999999985e-06,0.000000000000000000e+00
3.408808528894425649e+02,2.052370941471105539e+02,5.000000000000000000e+00,1.448847000000000030e-06,0.000000000000000000e+00
3.413106970171976400e+02,2.052366643029828026e+02,5.000000000000000000e+00,1.492065999999999988e-06,0.000000000000000000e+00
3.417157541354961836e+02,2.052362592458645167e+02,5.000000000000000000e+00,1.486507000000000064e-06,0.000000000000000000e+00
3.421399964770151882e+02,2.052358350035229932e+02,5.000000000000000000e+00,1.470267000000000072e-06,0.000000000000000000e+00
3.425387387523556981e+02,2.052354362612476564e+02,5.000000000000000000e+00,1.512816999999999987e-06,0.000000000000000000e+00
3.429860913192143812e+02,2.052349889086807764e+02,5.000000000000000000e+00,1.463923000000000078e-06,0.000000000000000000e+00
3.433862244958133942e+02,2.052345887755041929e+02,5.000000000000000000e+00,1.418709999999999924e-06,0.000000000000000000e+00
3.437885741331142526e+02,2.052341864258668807e+02,5.000000000000000000e+00,1.440814000000000000e-06,0.000000000000000000e+00
3.442122359905445705e+02,2.052337627640094695e+02,5.000000000000000000e+00,1.459789999999999918e-06,1.000000000000000000e+00
3.446204056940860028e+02,2.052333545943059221e+02,5.000000000000000000e+00,1.430613000000000053e-06,1.000000000000000000e+00
3.450510822901756569e+02,2.052329239177098259e+02,5.000000000000000000e+00,1.452862999999999925e-06,1.000000000000000000e+00
3.454546875183091856e+02,2.052325203124816824e+02,5.000000000000000000e+00,1.404885999999999918e-06,1.000000000000000000e+00
3.458651971819338655e+02,2.052321098028180586e+02,5.000000000000000000e+00,1.372013000000000098e-06,1.000000000000000000e+00
3.462804632417102084e+02,2.052316945367582832e+02,5.000000000000000000e+00,1.417036000000000090e-06,1.000000000000000000e+00
3.467264104563562910e+02,2.052312485895436396e+02,5.000000000000000000e+00,1.437626999999999907e-06,1.000000000000000000e+00
3.471457525714172334e+02,2.052308292474285736e+02,5.000000000000000000e+00,1.444102999999999945e-06,1.000000000000000000e+00
3.475488956034256489e+02,2.052304261043965710e+02,5.000000000000000000e+00,1.320454999999999922e-06,1.000000000000000000e+00
3.479970988013889155e+02,2.052299779011986232e+02,5.000000000000000000e+00,1.503024000000000079e-06,1.000000000000000000e+00
3.484129243099106361e+02,2.052295620756900973e+02,5.000000000000000000e+00,1.387902999999999957e-06,1.000000000000000000e+00
3.488367024392782696e+02,2.052291382975607235e+02,5.000000000000000000e+00,1.417662000000000006e-06,1.000000000000000000e+00
3.492223784827586428e+02,2.052287526215172306e+02,5.000000000000000000e+00,1.394553999999999955e-06,1.000000000000000000e+00
3.496683603921849226e+02,2.052283066396078084e+02,5.000000000000000000e+00,1.274034999999999907e-06,1.000000000000000000e+00
3.500670967036427328e+02,2.052279079032963693e+02,5.000000000000000000e+00,1.312102999999999980e-06,1.000000000000000000e+00
3.504908395753715240e+02,2.052274841604246376e+02,5.000000000000000000e+00,1.491512999999999970e-06,1.000000000000000000e+00
3.509325919325681866e+02,2.052270424080674331e+02,5.000000000000000000e+00,1.508611999999999957e-06,1.000000000000000000e+00
3.513200896779495110e+02,2.052266549103220541e+02,5.000000000000000000e+00,1.463325999999999904e-06,1.000000000000000000e+00
3.517382435478834282e+02,2.052262367564521242e+02,5.000000000000000000e+00,1.373715000000000069e-06,1.000000000000000000e+00
3.521550503882472185e+02,2.052258199496117470e+02,5.000000000000000000e+00,1.432330000000000015e-06,1.000000000000000000e+00
3.525773213090152467e+02,2.052253976786909959e+02,5.000000000000000000e+00,1.446358999999999962e-06,1.000000000000000000e+00
3.530075340161425288e+02,2.052249674659838661e+02,5.000000000000000000e+00,1.232182999999999990e-06,1.000000000000000000e+00
3.533974340210436935e+02,2.052245775659789615e+02,5.000000000000000000e+00,1.210836000000000057e-06,1.000000000000000000e+00
3.538130888655640547e+02,2.052241619111344448e+02,5.000000000000000000e+00,1.113454000000000012e-06,1.000000000000000000e+00
3.542550224271339516e+02,2.052237199775728698e+02,5.000000000000000000e+00,4.800239999999999843e-07,1.000000000000000000e+00
3.546400096688425947e+02,2.052233349903311534e+02,5.000000000000000000e+00,6.034533999999999659e-07,1.000000000000000000e+00
3.550777538414561718e+02,2.052228972461585386e+02,5.000000000000000000e+00,1.156630000000000054e-06,1.000000000000000000e+00
3.555222849286310520e+02,2.052224527150713698e+02,5.000000000000000000e+00,1.139982000000000023e-06,1.000000000000000000e+00
3.559174885275796782e+02,2.052220575114724284e+02,5.000000000000000000e+00,1.043387000000000104e-06,1.000000000000000000e+00
3.563179880745017840e+02,2.052216570119254868e+02,5.000000000000000000e+00,9.340292000000000163e-07,1.000000000000000000e+00
3.567239748524535230e+02,2.052212510251475521e+02,5.000000000000000000e+00,1.033156999999999992e-06,1.000000000000000000e+00
3.571567855117972954e+02,2.052208182144882187e+02,5.000000000000000000e+00,9.317299999999999926e-07,1.000000000000000000e+00
3.575874608752981771e+02,2.052203875391247152e+02,5.000000000000000000e+00,9.779177999999999716e-07,1.000000000000000000e+00
3.579947031808965221e+02,2.052199802968191023e+02,5.000000000000000000e+00,1.039152000000000093e-06,1.000000000000000000e+00
3.584099358990670225e+02,2.052195650641009479e+02,5.000000000000000000e+00,1.024861999999999929e-06,1.000000000000000000e+00
3.588527037209425430e+02,2.052191222962790675e+02,5.000000000000000000e+00,1.165869999999999944e-06,1.000000000000000000e+00
3.592682512916478572e+02,2.052187067487083425e+02,5.000000000000000000e+00,1.253807999999999973e-06,1.000000000000000000e+00
3.596958399410106040e+02,2.052182791600589837e+02,5.000000000000000000e+00,1.273583999999999951e-06,1.000000000000000000e+00
3.601037834165383060e+02,2.052178712165834611e+02,5.000000000000000000e+00,1.373555000000000099e-06,1.000000000000000000e+00
3.605344589048166313e+02,2.052174405410951863e+02,5.000000000000000000e+00,1.394014999999999900e-06,1.000000000000000000e+00
3.609573862750816033e+02,2.052170176137249200e+02,5.000000000000000000e+00,1.428168999999999929e-06,1.000000000000000000e+00
3.613448707673549620e+02,2.052166301292326409e+02,5.000000000000000000e+00,1.506123000000000072e-06,1.000000000000000000e+00
3.617838827529282639e+02,2.052161911172470639e+02,5.000000000000000000e+00,1.526408999999999940e-06,1.000000000000000000e+00
3.621730206659642590e+02,2.052158019793340316e+02,5.000000000000000000e+00,1.422595000000000014e-06,1.000000000000000000e+00
3.626061152251908197e+02,2.052153688847748185e+02,5.000000000000000000e+00,1.471242000000000092e-06,1.000000000000000000e+00
3.630461294395960863e+02,2.052149288705604135e+02,5.000000000000000000e+00,1.444640999999999972e-06,1.000000000000000000e+00
3.634296017977956694e+02,2.052145453982022048e+02,5.000000000000000000e+00,1.427309999999999934e-06,1.000000000000000000e+00
3.638653818883528857e+02,2.052141096181116495e+02,5.000000000000000000e+00,1.394917000000000023e-06,1.000000000000000000e+00
3.642528699488429993e+02,2.052137221300511669e+02,5.000000000000000000e+00,1.418432999999999901e-06,1.000000000000000000e+00
3.646830236169244017e+02,2.052132919763830898e+02,5.000000000000000000e+00,1.350869000000000051e-06,1.000000000000000000e+00
3.651136991052026133e+02,2.052128613008947866e+02,5.000000000000000000e+00,1.447202999999999966e-06,1.000000000000000000e+00
3.655218692830188729e+02,2.052124531307169946e+02,5.000000000000000000e+00,1.416177999999999911e-06,1.000000000000000000e+00
3.659422828700929813e+02,2.052120327171299152e+02,5.000000000000000000e+00,1.405539999999999972e-06,1.000000000000000000e+00
3.663575525029820028e+02,2.052116174474970194e+02,5.000000000000000000e+00,1.347449000000000090e-06,1.000000000000000000e+00
3.667916268320610129e+02,2.052111833731679553e+02,5.000000000000000000e+00,1.348439000000000101e-06,1.000000000000000000e+00
3.671947770624299210e+02,2.052107802229375864e+02,5.000000000000000000e+00,1.363005000000000048e-06,1.000000000000000000e+00
3.676187729109212796e+02,2.052103562270890791e+02,5.000000000000000000e+00,1.465916000000000035e-06,1.000000000000000000e+00
3.680616086417557540e+02,2.052099133913582421e+02,5.000000000000000000e+00,1.362393999999999911e-06,1.000000000000000000e+00
3.684908410008481496e+02,2.052094841589991461e+02,5.000000000000000000e+00,1.305495999999999926e-06,1.000000000000000000e+00
3.688786098147215853e+02,2.052090963901852945e+02,5.000000000000000000e+00,1.328881000000000000e-06,1.000000000000000000e+00
3.692938728210564818e+02,2.052086811271789486e+02,5.000000000000000000e+00,1.434892000000000008e-06,1.000000000000000000e+00
3.697165712597861784e+02,2.052082584287402085e+02,5.000000000000000000e+00,1.463632000000000092e-06,1.000000000000000000e+00
3.701245244041551814e+02,2.052078504755958477e+02,5.000000000000000000e+00,1.457694000000000083e-06,1.000000000000000000e+00
3.705609701567307752e+02,2.052074140298432781e+02,5.000000000000000000e+00,1.442123999999999950e-06,1.000000000000000000e+00
3.709852077041983875e+02,2.052069897922958148e+02,5.000000000000000000e+00,1.414314999999999943e-06,1.000000000000000000e+00
3.713716106745832235e+02,2.052066033893254087e+02,5.000000000000000000e+00,1.405322000000000095e-06,1.000000000000000000e+00
3.718031309720233821e+02,2.052061718690279690e+02,5.000000000000000000e+00,1.369116999999999990e-06,1.000000000000000000e+00
3.722074413111000126e+02,2.052057675586889047e+02,5.000000000000000000e+00,1.560795000000000021e-06,1.000000000000000000e+00
3.726314283623178198e+02,2.052053435716376839e+02,5.000000000000000000e+00,1.601846000000000062e-06,1.000000000000000000e+00
3.730666011410850160e+02,2.052049083988589189e+02,5.000000000000000000e+00,1.606749999999999905e-06,1.000000000000000000e+00
3.734762872307039743e+02,2.052044987127692934e+02,5.000000000000000000e+00,1.618885999999999902e-06,1.000000000000000000e+00
3.738915562350571236e+02,2.052040834437649437e+02,5.000000000000000000e+00,1.334963999999999989e-06,1.000000000000000000e+00
3.742790524402979031e+02,2.052036959475597087e+02,5.000000000000000000e+00,1.384338000000000018e-06,1.000000000000000000e+00
3.747046722488017849e+02,2.052032703277511985e+02,5.000000000000000000e+00,1.430845999999999920e-06,1.000000000000000000e+00
3.751355716839800039e+02,2.052028394283160253e+02,5.000000000000000000e+00,1.284076000000000096e-06,1.000000000000000000e+00
3.755607276720608070e+02,2.052024142723279283e+02,5.000000000000000000e+00,9.040668000000000073e-07,1.000000000000000000e+00
3.759684669016883731e+02,2.052020065330983130e+02,5.000000000000000000e+00,5.388138000000000122e-07,1.000000000000000000e+00
3.763953571945896215e+02,2.052015796428053989e+02,5.000000000000000000e+00,3.296882000000000180e-07,1.000000000000000000e+00
3.768128181058749533e+02,2.052011621818941194e+02,5.000000000000000000e+00,9.355425999999999536e-08,1.000000000000000000e+00
3.772178423416589226e+02,2.052007571576583302e+02,5.000000000000000000e+00,2.780871000000000126e-08,1.000000000000000000e+00
3.776420821106869994e+02,2.052003329178893125e+02,5.000000000000000000e+00,1.792796000000000061e-08,1.000000000000000000e+00
3.780756870406743246e+02,2.051998993129593316e+02,5.000000000000000000e+00,1.055014000000000013e-08,1.000000000000000000e+00
3.784886903999787933e+02,2.051994863096000188e+02,5.000000000000000000e+00,1.116131999999999926e-08,1.000000000000000000e+00
3.789045133775115346e+02,2.051990704866225030e+02,5.000000000000000000e+00,1.358711999999999971e-07,1.000000000000000000e+00
3.793197789148355241e+02,2.051986552210851755e+02,5.000000000000000000e+00,9.301730000000000006e-07,1.000000000000000000e+00
3.797615443250077192e+02,2.051982134556749884e+02,5.000000000000000000e+00,5.120091000000000078e-07,1.000000000000000000e+00
3.801850414676272862e+02,2.051977899585323826e+02,5.000000000000000000e+00,1.201552000000000011e-06,1.000000000000000000e+00
3.805840334312977120e+02,2.051973909665687188e+02,5.000000000000000000e+00,1.718465000000000029e-06,1.000000000000000000e+00
3.810300209199540973e+02,2.051969449790800581e+02,5.000000000000000000e+00,1.735577999999999979e-06,1.000000000000000000e+00
3.814317653589064889e+02,2.051965432346410978e+02,5.000000000000000000e+00,1.661683000000000070e-06,1.000000000000000000e+00
3.818394507930449890e+02,2.051961355492069572e+02,5.000000000000000000e+00,1.681590000000000065e-06,1.000000000000000000e+00
3.822540003626040743e+02,2.051957209996373876e+02,5.000000000000000000e+00,1.767548000000000072e-06,1.000000000000000000e+00
3.826613570054868205e+02,2.051953136429945062e+02,5.000000000000000000e+00,1.713880999999999913e-06,1.000000000000000000e+00
3.830922578955586459e+02,2.051948827421044541e+02,5.000000000000000000e+00,1.771696000000000011e-06,1.000000000000000000e+00
3.834999722741477512e+02,2.051944750277258436e+02,5.000000000000000000e+00,1.797802000000000020e-06,1.000000000000000000e+00
3.839155167641212074e+02,2.051940594832358897e+02,5.000000000000000000e+00,1.748426999999999964e-06,1.000000000000000000e+00
3.843307930235640697e+02,2.051936442069764439e+02,5.000000000000000000e+00,1.788998000000000096e-06,1.000000000000000000e+00
3.847264172153307982e+02,2.051932485827846619e+02,5.000000000000000000e+00,1.761480000000000074e-06,1.000000000000000000e+00
3.851706935947900092e+02,2.051928043064052076e+02,5.000000000000000000e+00,1.780558000000000055e-06,1.000000000000000000e+00
3.855631247503795294e+02,2.051924118752496327e+02,5.000000000000000000e+00,1.760112000000000005e-06,1.000000000000000000e+00
3.859924274307525138e+02,2.051919825725692590e+02,5.000000000000000000e+00,1.699575999999999972e-06,1.000000000000000000e+00
3.864360248267818747e+02,2.051915389751732164e+02,5.000000000000000000e+00,1.759501000000000080e-06,1.000000000000000000e+00
3.868515723974873026e+02,2.051911234276025198e+02,5.000000000000000000e+00,1.841166999999999985e-06,1.000000000000000000e+00
3.872649072881679331e+02,2.051907100927118393e+02,5.000000000000000000e+00,1.829728999999999986e-06,1.000000000000000000e+00
3.876717220775954047e+02,2.051903032779223963e+02,5.000000000000000000e+00,1.866879999999999946e-06,1.000000000000000000e+00
3.881023997865972888e+02,2.051898726002133913e+02,5.000000000000000000e+00,1.834428999999999915e-06,1.000000000000000000e+00
3.885361362589756595e+02,2.051894388637410316e+02,5.000000000000000000e+00,1.815612999999999967e-06,0.000000000000000000e+00
3.889407946582234672e+02,2.051890342053417839e+02,5.000000000000000000e+00,1.760098000000000042e-06,0.000000000000000000e+00
3.893583652987904884e+02,2.051886166347012193e+02,5.000000000000000000e+00,1.880106999999999989e-06,0.000000000000000000e+00
3.897859537774007777e+02,2.051881890462225897e+02,5.000000000000000000e+00,1.832594999999999900e-06,0.000000000000000000e+00
3.901927886720737888e+02,2.051877822113279422e+02,5.000000000000000000e+00,1.791312000000000020e-06,0.000000000000000000e+00
3.906180369342876020e+02,2.051873569630657244e+02,5.000000000000000000e+00,1.770662000000000056e-06,0.000000000000000000e+00
3.910450725006460857e+02,2.051869299274993637e+02,5.000000000000000000e+00,1.833774000000000046e-06,0.000000000000000000e+00
3.914478661224056850e+02,2.051865271338776040e+02,5.000000000000000000e+00,1.759079000000000078e-06,0.000000000000000000e+00
3.918634070665571016e+02,2.051861115929334574e+02,5.000000000000000000e+00,1.810637000000000042e-06,0.000000000000000000e+00
3.922506268741220197e+02,2.051857243731258791e+02,5.000000000000000000e+00,1.746156999999999984e-06,0.000000000000000000e+00
3.926816431879594802e+02,2.051852933568120534e+02,5.000000000000000000e+00,1.789492999999999995e-06,0.000000000000000000e+00
3.931235478645037915e+02,2.051848514521354900e+02,5.000000000000000000e+00,1.794017999999999965e-06,0.000000000000000000e+00
3.935204883797791808e+02,2.051844545116202312e+02,5.000000000000000000e+00,1.736595999999999915e-06,0.000000000000000000e+00
3.939403111066345673e+02,2.051840346888933766e+02,5.000000000000000000e+00,1.667241999999999995e-06,0.000000000000000000e+00
3.943593389932988202e+02,2.051836156610067121e+02,5.000000000000000000e+00,1.637351999999999930e-06,0.000000000000000000e+00
3.947687652854314138e+02,2.051832062347145609e+02,5.000000000000000000e+00,1.612309000000000041e-06,0.000000000000000000e+00
3.951930084439036932e+02,2.051827819915561122e+02,5.000000000000000000e+00,1.648207999999999958e-06,0.000000000000000000e+00
3.956181237754453264e+02,2.051823568762245600e+02,5.000000000000000000e+00,1.639592999999999957e-06,0.000000000000000000e+00
3.960368073960660240e+02,2.051819381926039227e+02,5.000000000000000000e+00,1.631357000000000041e-06,0.000000000000000000e+00
3.964605346049248737e+02,2.051815144653950824e+02,5.000000000000000000e+00,1.589287000000000035e-06,0.000000000000000000e+00
3.968632294778024630e+02,2.051811117705221932e+02,5.000000000000000000e+00,1.602966000000000061e-06,0.000000000000000000e+00
3.972635732944576148e+02,2.051807114267055567e+02,5.000000000000000000e+00,1.583728999999999927e-06,0.000000000000000000e+00
3.976915534549240192e+02,2.051802834465450758e+02,5.000000000000000000e+00,1.528358999999999981e-06,0.000000000000000000e+00
3.981122536789789592e+02,2.051798627463210209e+02,5.000000000000000000e+00,1.527631000000000003e-06,0.000000000000000000e+00
3.985334497137404810e+02,2.051794415502862705e+02,5.000000000000000000e+00,1.536099999999999997e-06,0.000000000000000000e+00
3.989571874195472105e+02,2.051790178125804687e+02,5.000000000000000000e+00,1.563340999999999996e-06,0.000000000000000000e+00
3.993954784870251729e+02,2.051785795215129724e+02,5.000000000000000000e+00,1.543753999999999941e-06,0.000000000000000000e+00
3.998110194311765895e+02,2.051781639805688258e+02,5.000000000000000000e+00,1.516498999999999979e-06,0.000000000000000000e+00
4.002310550419639981e+02,2.051777439449580243e+02,5.000000000000000000e+00,1.539302000000000081e-06,0.000000000000000000e+00
4.006392331867273811e+02,2.051773357668132860e+02,5.000000000000000000e+00,1.563238999999999933e-06,0.000000000000000000e+00
4.010769005171756021e+02,2.051768980994828269e+02,5.000000000000000000e+00,1.508510000000000106e-06,0.000000000000000000e+00
4.015007461211832265e+02,2.051764742538788084e+02,5.000000000000000000e+00,1.497202999999999910e-06,0.000000000000000000e+00
4.018882014090704047e+02,2.051760867985909442e+02,5.000000000000000000e+00,1.554929999999999908e-06,0.000000000000000000e+00
4.023162491865281822e+02,2.051756587508134828e+02,5.000000000000000000e+00,1.524648000000000035e-06,0.000000000000000000e+00
4.027216218254687874e+02,2.051752533781745456e+02,5.000000000000000000e+00,1.465349000000000054e-06,0.000000000000000000e+00
4.031453628780000145e+02,2.051748296371220022e+02,5.000000000000000000e+00,1.459600999999999995e-06,0.000000000000000000e+00
4.035443518290035172e+02,2.051744306481710112e+02,5.000000000000000000e+00,1.443011999999999899e-06,0.000000000000000000e+00
4.039925995949957951e+02,2.051739824004050092e+02,5.000000000000000000e+00,1.419612000000000046e-06,0.000000000000000000e+00
4.044081469695443047e+02,2.051735668530304508e+02,5.000000000000000000e+00,1.371867000000000091e-06,0.000000000000000000e+00
4.047953667771092228e+02,2.051731796332229010e+02,5.000000000000000000e+00,1.440741000000000103e-06,0.000000000000000000e+00
4.052177935815748810e+02,2.051727572064184244e+02,5.000000000000000000e+00,1.438384000000000051e-06,0.000000000000000000e+00
4.056486910507254038e+02,2.051723263089492661e+02,5.000000000000000000e+00,1.462859999999999958e-06,0.000000000000000000e+00
4.060568661759667179e+02,2.051719181338240219e+02,5.000000000000000000e+00,1.373468000000000027e-06,0.000000000000000000e+00
4.064850510096217135e+02,2.051714899489903701e+02,5.000000000000000000e+00,1.418127999999999952e-06,0.000000000000000000e+00
4.069102904997972132e+02,2.051710647095002003e+02,5.000000000000000000e+00,1.414955000000000033e-06,0.000000000000000000e+00
4.073436467272775303e+02,2.051706313532727108e+02,5.000000000000000000e+00,1.436346999999999938e-06,0.000000000000000000e+00
4.077360619303024123e+02,2.051702389380697014e+02,5.000000000000000000e+00,1.423657999999999923e-06,0.000000000000000000e+00
4.081572635133588278e+02,2.051698177364866353e+02,5.000000000000000000e+00,1.446126000000000094e-06,0.000000000000000000e+00
4.085963677630065831e+02,2.051693786322369988e+02,5.000000000000000000e+00,1.438922000000000078e-06,0.000000000000000000e+00
4.090249985511510431e+02,2.051689500014488488e+02,5.000000000000000000e+00,1.507374999999999904e-06,0.000000000000000000e+00
4.094208241772688552e+02,2.051685541758227203e+02,5.000000000000000000e+00,1.516672999999999912e-06,0.000000000000000000e+00
4.098363739864291801e+02,2.051681386260135866e+02,5.000000000000000000e+00,1.580527000000000055e-06,0.000000000000000000e+00
4.102742963926178277e+02,2.051677007036073803e+02,5.000000000000000000e+00,1.601597999999999993e-06,0.000000000000000000e+00
4.106595198091520160e+02,2.051673154801908368e+02,5.000000000000000000e+00,1.594176999999999916e-06,0.000000000000000000e+00
4.110992076396775019e+02,2.051668757923603152e+02,5.000000000000000000e+00,1.587831999999999894e-06,0.000000000000000000e+00
4.114983669631974976e+02,2.051664766330368082e+02,5.000000000000000000e+00,1.572087000000000014e-06,0.000000000000000000e+00
4.119216922881680034e+02,2.051660533077118203e+02,5.000000000000000000e+00,1.603272000000000038e-06,0.000000000000000000e+00
4.123004815819328996e+02,2.051656745184180579e+02,5.000000000000000000e+00,1.616936000000000073e-06,0.000000000000000000e+00
4.127444258435114648e+02,2.051652305741564817e+02,5.000000000000000000e+00,1.642780000000000050e-06,0.000000000000000000e+00
4.131760665868574733e+02,2.051647989334131523e+02,5.000000000000000000e+00,1.551627000000000001e-06,0.000000000000000000e+00
4.135837866932685642e+02,2.051643912133067431e+02,5.000000000000000000e+00,1.549502000000000000e-06,0.000000000000000000e+00
4.140144585769122045e+02,2.051639605414230800e+02,5.000000000000000000e+00,1.671171000000000029e-06,0.000000000000000000e+00
4.144332192498740710e+02,2.051635417807501369e+02,5.000000000000000000e+00,1.710825000000000048e-06,0.000000000000000000e+00
4.148209949330719155e+02,2.051631540050669287e+02,5.000000000000000000e+00,1.773412999999999973e-06,0.000000000000000000e+00
4.152392167769078810e+02,2.051627357832230985e+02,5.000000000000000000e+00,1.798674999999999978e-06,0.000000000000000000e+00
4.156868759331090928e+02,2.051622881240668903e+02,5.000000000000000000e+00,1.806867999999999977e-06,0.000000000000000000e+00
4.160782893712997179e+02,2.051618967106286959e+02,5.000000000000000000e+00,1.780412000000000048e-06,0.000000000000000000e+00
4.165096052596674667e+02,2.051614653947403326e+02,5.000000000000000000e+00,1.774621000000000072e-06,0.000000000000000000e+00
4.169166833728040729e+02,2.051610583166271908e+02,5.000000000000000000e+00,1.784923000000000054e-06,0.000000000000000000e+00
4.173320963706195244e+02,2.051606429036293946e+02,5.000000000000000000e+00,1.804146000000000014e-06,0.000000000000000000e+00
4.177567658227312108e+02,2.051602182341772789e+02,5.000000000000000000e+00,1.887311000000000005e-06,0.000000000000000000e+00
4.181864332623451901e+02,2.051597885667376602e+02,5.000000000000000000e+00,1.904045000000000080e-06,0.000000000000000000e+00
4.186168813480514928e+02,2.051593581186519373e+02,5.000000000000000000e+00,1.899709000000000034e-06,0.000000000000000000e+00
4.190252838758647158e+02,2.051589497161241411e+02,5.000000000000000000e+00,1.833715999999999927e-06,0.000000000000000000e+00
4.194461722967636206e+02,2.051585288277032362e+02,5.000000000000000000e+00,1.869790000000000016e-06,0.000000000000000000e+00
4.198753995901502094e+02,2.051580996004098552e+02,5.000000000000000000e+00,1.807493000000000077e-06,0.000000000000000000e+00
4.203044886323156106e+02,2.051576705113676837e+02,5.000000000000000000e+00,1.880093000000000026e-06,0.000000000000000000e+00
4.207064812150367743e+02,2.051572685187849743e+02,5.000000000000000000e+00,1.913504000000000086e-06,0.000000000000000000e+00
4.211334306605942288e+02,2.051568415693394059e+02,5.000000000000000000e+00,1.980718999999999831e-06,0.000000000000000000e+00
4.215638812743163157e+02,2.051564111187256856e+02,5.000000000000000000e+00,1.917404000000000167e-06,0.000000000000000000e+00
4.219692619728523937e+02,2.051560057380271473e+02,5.000000000000000000e+00,1.941603999999999868e-06,0.000000000000000000e+00
4.223811095523100789e+02,2.051555938904477046e+02,5.000000000000000000e+00,1.979890000000000029e-06,0.000000000000000000e+00
4.227688786089537984e+02,2.051552061213910463e+02,5.000000000000000000e+00,1.961293000000000197e-06,0.000000000000000000e+00
4.231961258017784075e+02,2.051547788741982288e+02,5.000000000000000000e+00,1.978317999999999835e-06,0.000000000000000000e+00
4.236040692711066526e+02,2.051543709307289021e+02,5.000000000000000000e+00,2.065076999999999930e-06,0.000000000000000000e+00
4.240382193182089736e+02,2.051539367806817893e+02,5.000000000000000000e+00,2.090470000000000163e-06,0.000000000000000000e+00
4.244619621899377080e+02,2.051535130378100575e+02,5.000000000000000000e+00,2.136381000000000103e-06,0.000000000000000000e+00
4.248452201468444969e+02,2.051531297798531455e+02,5.000000000000000000e+00,2.040280000000000056e-06,0.000000000000000000e+00
4.252880670713716995e+02,2.051526869329286171e+02,5.000000000000000000e+00,2.097076999999999793e-06,0.000000000000000000e+00
4.257122185838520068e+02,2.051522627814161410e+02,5.000000000000000000e+00,2.200642000000000046e-06,0.000000000000000000e+00
4.261069299332060609e+02,2.051518680700667971e+02,5.000000000000000000e+00,2.162007000000000203e-06,0.000000000000000000e+00
4.265506089705276622e+02,2.051514243910294795e+02,5.000000000000000000e+00,2.199246000000000051e-06,0.000000000000000000e+00
4.269768474015957054e+02,2.051509981525984188e+02,5.000000000000000000e+00,2.128100999999999820e-06,0.000000000000000000e+00
4.273643451469769730e+02,2.051506106548530113e+02,5.000000000000000000e+00,2.137924000000000133e-06,0.000000000000000000e+00
4.277795705307743219e+02,2.051501954294692212e+02,5.000000000000000000e+00,2.176457000000000124e-06,0.000000000000000000e+00
4.282256129540732559e+02,2.051497493870459152e+02,5.000000000000000000e+00,2.198400999999999808e-06,0.000000000000000000e+00
4.286585308807008801e+02,2.051493164691192987e+02,5.000000000000000000e+00,2.171814999999999890e-06,0.000000000000000000e+00
4.290481248778626195e+02,2.051489268751221289e+02,5.000000000000000000e+00,2.206113999999999898e-06,0.000000000000000000e+00
4.294970708998860687e+02,2.051484779291001246e+02,5.000000000000000000e+00,2.214029999999999875e-06,0.000000000000000000e+00
4.298963621994799951e+02,2.051480786378005234e+02,5.000000000000000000e+00,2.171073000000000160e-06,0.000000000000000000e+00
4.303001148876166440e+02,2.051476748851123943e+02,5.000000000000000000e+00,2.265339999999999981e-06,0.000000000000000000e+00
4.307215602979516120e+02,2.051472534397020411e+02,5.000000000000000000e+00,2.196452000000000007e-06,0.000000000000000000e+00
4.311298519869876600e+02,2.051468451480130284e+02,5.000000000000000000e+00,2.181434000000000077e-06,0.000000000000000000e+00
4.315668333767504237e+02,2.051464081666232460e+02,5.000000000000000000e+00,1.874840000000000078e-06,0.000000000000000000e+00
4.319689278608605036e+02,2.051460060721391301e+02,5.000000000000000000e+00,1.850086999999999936e-06,0.000000000000000000e+00
4.323961239384460669e+02,2.051455788760615633e+02,5.000000000000000000e+00,2.162152999999999998e-06,0.000000000000000000e+00
4.327999536332840194e+02,2.051451750463667167e+02,5.000000000000000000e+00,2.186440000000000195e-06,0.000000000000000000e+00
4.332033643564441832e+02,2.051447716356435649e+02,5.000000000000000000e+00,2.100626999999999954e-06,0.000000000000000000e+00
4.336472764504337079e+02,2.051443277235495657e+02,5.000000000000000000e+00,2.098692000000000116e-06,0.000000000000000000e+00
4.340595257634733457e+02,2.051439154742365361e+02,5.000000000000000000e+00,2.059357999999999825e-06,0.000000000000000000e+00
4.344668593293927188e+02,2.051435081406706047e+02,5.000000000000000000e+00,2.163505999999999865e-06,0.000000000000000000e+00
4.349101854141596277e+02,2.051430648145858413e+02,5.000000000000000000e+00,2.198096000000000071e-06,0.000000000000000000e+00
4.353115123351839202e+02,2.051426634876648052e+02,5.000000000000000000e+00,2.189058999999999856e-06,0.000000000000000000e+00
4.357164014943105030e+02,2.051422585985056912e+02,5.000000000000000000e+00,2.181084999999999972e-06,0.000000000000000000e+00
4.361504687888703984e+02,2.051418245312111424e+02,5.000000000000000000e+00,2.153829000000000195e-06,0.000000000000000000e+00
4.365585285645507270e+02,2.051414164714354627e+02,5.000000000000000000e+00,2.139596999999999939e-06,0.000000000000000000e+00
4.369870828276831958e+02,2.051409879171723105e+02,5.000000000000000000e+00,2.154382000000000001e-06,0.000000000000000000e+00
4.374029109096691741e+02,2.051405720890903410e+02,5.000000000000000000e+00,2.118452999999999892e-06,0.000000000000000000e+00
4.378287422957645845e+02,2.051401462577042309e+02,5.000000000000000000e+00,2.102082000000000095e-06,0.000000000000000000e+00
4.382139576127689224e+02,2.051397610423872209e+02,5.000000000000000000e+00,2.295696000000000204e-06,0.000000000000000000e+00
4.386588457529999232e+02,2.051393161542470125e+02,5.000000000000000000e+00,2.167479000000000055e-06,0.000000000000000000e+00
4.390978102919106050e+02,2.051388771897080971e+02,5.000000000000000000e+00,2.147512999999999915e-06,0.000000000000000000e+00
4.395284836589967767e+02,2.051384465163409914e+02,5.000000000000000000e+00,2.202985000000000135e-06,0.000000000000000000e+00
4.399300743681862400e+02,2.051380449256318173e+02,5.000000000000000000e+00,2.139713999999999992e-06,0.000000000000000000e+00
4.403372963426724027e+02,2.051376377036573331e+02,5.000000000000000000e+00,2.128276000000000204e-06,0.000000000000000000e+00
4.407525593490072993e+02,2.051372224406509872e+02,5.000000000000000000e+00,2.085100000000000162e-06,0.000000000000000000e+00
4.412012970194900277e+02,2.051367737029805198e+02,5.000000000000000000e+00,2.096378000000000192e-06,0.000000000000000000e+00
4.416002954020850098e+02,2.051363747045979267e+02,5.000000000000000000e+00,2.064494999999999959e-06,0.000000000000000000e+00
4.420198233632189044e+02,2.051359551766367701e+02,5.000000000000000000e+00,2.062093999999999962e-06,0.000000000000000000e+00
4.424139181000848566e+02,2.051355610818999082e+02,5.000000000000000000e+00,2.034691999999999966e-06,0.000000000000000000e+00
4.428462673136286867e+02,2.051351287326863826e+02,5.000000000000000000e+00,2.086671999999999933e-06,0.000000000000000000e+00
4.432252205224443742e+02,2.051347497794775450e+02,5.000000000000000000e+00,1.904191000000000087e-06,0.000000000000000000e+00
4.436690026040697603e+02,2.051343059973959271e+02,5.000000000000000000e+00,2.053784999999999937e-06,0.000000000000000000e+00
4.440985382406615827e+02,2.051338764617593426e+02,5.000000000000000000e+00,2.083964999999999960e-06,0.000000000000000000e+00
4.445156715820521072e+02,2.051334593284179562e+02,5.000000000000000000e+00,2.063926999999999950e-06,0.000000000000000000e+00
4.449344189927904836e+02,2.051330405810072079e+02,5.000000000000000000e+00,2.046218000000000066e-06,0.000000000000000000e+00
4.453399740680836771e+02,2.051326350259319327e+02,5.000000000000000000e+00,2.078624999999999940e-06,0.000000000000000000e+00
4.457395147500596977e+02,2.051322354852499359e+02,5.000000000000000000e+00,2.076267000000000072e-06,0.000000000000000000e+00
4.461699554641857617e+02,2.051318050445358097e+02,5.000000000000000000e+00,1.887164999999999998e-06,0.000000000000000000e+00
4.465924551124188042e+02,2.051313825448875718e+02,5.000000000000000000e+00,2.013126999999999945e-06,0.000000000000000000e+00
4.470096890824945035e+02,2.051309653109175031e+02,5.000000000000000000e+00,2.048589999999999897e-06,0.000000000000000000e+00
4.474334376869676930e+02,2.051305415623130273e+02,5.000000000000000000e+00,2.040208000000000186e-06,0.000000000000000000e+00
4.478693611365865763e+02,2.051301056388634265e+02,5.000000000000000000e+00,2.023618000000000062e-06,0.000000000000000000e+00
4.482809174665425758e+02,2.051296940825334616e+02,5.000000000000000000e+00,2.083353999999999823e-06,0.000000000000000000e+00
4.486860544494807073e+02,2.051292889455505133e+02,5.000000000000000000e+00,2.130137999999999933e-06,0.000000000000000000e+00
4.491165000086745067e+02,2.051288584999913382e+02,5.000000000000000000e+00,2.160129999999999848e-06,0.000000000000000000e+00
4.495521413617062194e+02,2.051284228586382881e+02,5.000000000000000000e+00,2.048502000000000009e-06,0.000000000000000000e+00
4.499553531487064220e+02,2.051280196468512997e+02,5.000000000000000000e+00,2.076019999999999819e-06,0.000000000000000000e+00
4.503604201314673787e+02,2.051276145798685491e+02,5.000000000000000000e+00,2.065585999999999793e-06,0.000000000000000000e+00
4.507939709379541000e+02,2.051271810290620579e+02,5.000000000000000000e+00,2.059386999999999990e-06,0.000000000000000000e+00
4.511976106987285107e+02,2.051267773893012816e+02,5.000000000000000000e+00,2.019412999999999820e-06,0.000000000000000000e+00
4.516218598210836035e+02,2.051263531401789066e+02,5.000000000000000000e+00,1.998690999999999987e-06,0.000000000000000000e+00
4.520208462759130157e+02,2.051259541537240807e+02,5.000000000000000000e+00,2.000321000000000088e-06,0.000000000000000000e+00
4.524445891476419206e+02,2.051255304108523490e+02,5.000000000000000000e+00,1.966997000000000100e-06,0.000000000000000000e+00
4.528812024322103298e+02,2.051250937975677857e+02,5.000000000000000000e+00,1.926367999999999849e-06,0.000000000000000000e+00
4.532686869244838022e+02,2.051247063130755066e+02,5.000000000000000000e+00,2.051441999999999848e-06,0.000000000000000000e+00
4.536957415588809113e+02,2.051242792584411347e+02,5.000000000000000000e+00,1.928041000000000079e-06,0.000000000000000000e+00
4.541160916144166322e+02,2.051238589083855857e+02,5.000000000000000000e+00,1.935798000000000113e-06,0.000000000000000000e+00
4.545348199965300751e+02,2.051234401800034846e+02,5.000000000000000000e+00,1.878405000000000017e-06,0.000000000000000000e+00
4.549580998457337842e+02,2.051230169001542549e+02,5.000000000000000000e+00,1.964159000000000112e-06,0.000000000000000000e+00
4.553736686254608799e+02,2.051226013313745398e+02,5.000000000000000000e+00,1.922846000000000038e-06,0.000000000000000000e+00
4.557608669359626674e+02,2.051222141330640341e+02,5.000000000000000000e+00,1.962952000000000040e-06,0.000000000000000000e+00
4.562085179799136654e+02,2.051217664820200923e+02,5.000000000000000000e+00,1.888693000000000037e-06,0.000000000000000000e+00
4.566308422336639978e+02,2.051213441577663446e+02,5.000000000000000000e+00,1.847860000000000084e-06,0.000000000000000000e+00
4.570310031269830233e+02,2.051209439968730237e+02,5.000000000000000000e+00,1.792941000000000093e-06,0.000000000000000000e+00
4.574772121967769181e+02,2.051204977878032309e+02,5.000000000000000000e+00,1.755136000000000080e-06,0.000000000000000000e+00
4.578665804081455235e+02,2.051201084195918440e+02,5.000000000000000000e+00,1.763546999999999956e-06,0.000000000000000000e+00
4.582802569088451037e+02,2.051196947430911450e+02,5.000000000000000000e+00,1.694192000000000008e-06,0.000000000000000000e+00
4.587056539642608755e+02,2.051192693460357361e+02,5.000000000000000000e+00,1.660955999999999908e-06,0.000000000000000000e+00
4.591367832959596740e+02,2.051188382167040345e+02,5.000000000000000000e+00,1.693013000000000074e-06,0.000000000000000000e+00
4.595742048235883317e+02,2.051184007951764272e+02,5.000000000000000000e+00,1.779815999999999901e-06,0.000000000000000000e+00
4.600208575210912727e+02,2.051179541424789079e+02,5.000000000000000000e+00,1.739638000000000030e-06,0.000000000000000000e+00
4.604060840319223189e+02,2.051175689159680928e+02,5.000000000000000000e+00,1.793654999999999897e-06,0.000000000000000000e+00
4.608288147968298745e+02,2.051171461852031825e+02,5.000000000000000000e+00,1.614259000000000082e-06,0.000000000000000000e+00
4.612451600112771075e+02,2.051167298399887216e+02,5.000000000000000000e+00,1.553868000000000028e-06,0.000000000000000000e+00
4.616533330401214812e+02,2.051163216669598910e+02,5.000000000000000000e+00,1.623687999999999895e-06,0.000000000000000000e+00
4.620840106247966332e+02,2.051158909893752025e+02,5.000000000000000000e+00,1.729466000000000036e-06,0.000000000000000000e+00
4.624914043064004545e+02,2.051154835956936040e+02,5.000000000000000000e+00,1.732144000000000055e-06,0.000000000000000000e+00
4.629057188369072264e+02,2.051150692811631018e+02,5.000000000000000000e+00,1.811903000000000048e-06,0.000000000000000000e+00
4.633305743893129716e+02,2.051146444256106918e+02,5.000000000000000000e+00,1.767111999999999896e-06,0.000000000000000000e+00
4.637376317350955901e+02,2.051142373682648952e+02,5.000000000000000000e+00,1.643667999999999998e-06,0.000000000000000000e+00
4.641611212099236923e+02,2.051138138787900687e+02,5.000000000000000000e+00,1.794061999999999909e-06,0.000000000000000000e+00
4.645598613650134325e+02,2.051134151386349913e+02,5.000000000000000000e+00,1.702588999999999921e-06,0.000000000000000000e+00
4.650078225586085523e+02,2.051129671774413907e+02,5.000000000000000000e+00,1.542314000000000003e-06,0.000000000000000000e+00
4.653930425156686965e+02,2.051125819574843376e+02,5.000000000000000000e+00,1.549531999999999982e-06,0.000000000000000000e+00
4.658125996405756837e+02,2.051121624003594377e+02,5.000000000000000000e+00,1.538065000000000028e-06,0.000000000000000000e+00
4.662321205317604154e+02,2.051117428794682382e+02,5.000000000000000000e+00,1.545268000000000017e-06,0.000000000000000000e+00
4.666632508251826721e+02,2.051113117491748312e+02,5.000000000000000000e+00,1.505627999999999961e-06,0.000000000000000000e+00
4.670711931261521386e+02,2.051109038068738641e+02,5.000000000000000000e+00,1.513573999999999919e-06,0.000000000000000000e+00
4.675023056237029095e+02,2.051104726943763126e+02,5.000000000000000000e+00,1.577151000000000038e-06,0.000000000000000000e+00
4.679258025459229771e+02,2.051100491974540887e+02,5.000000000000000000e+00,1.664054999999999901e-06,0.000000000000000000e+00
4.683407246496498146e+02,2.051096342753503450e+02,5.000000000000000000e+00,1.560692999999999958e-06,0.000000000000000000e+00
4.687487838148854848e+02,2.051092262161851068e+02,5.000000000000000000e+00,1.628620999999999903e-06,0.000000000000000000e+00
4.691795698414695153e+02,2.051087954301585228e+02,5.000000000000000000e+00,1.550535999999999955e-06,0.000000000000000000e+00
4.696102453297477837e+02,2.051083647546702480e+02,5.000000000000000000e+00,1.487016999999999954e-06,0.000000000000000000e+00
4.700181980794587275e+02,2.051079568019205510e+02,5.000000000000000000e+00,1.441600000000000097e-06,0.000000000000000000e+00
4.704380615686378064e+02,2.051075369384313660e+02,5.000000000000000000e+00,1.541019000000000043e-06,0.000000000000000000e+00
4.708533312015268280e+02,2.051071216687984702e+02,5.000000000000000000e+00,1.461724999999999968e-06,0.000000000000000000e+00
4.712431167858775325e+02,2.051067318832141382e+02,5.000000000000000000e+00,1.450506000000000085e-06,0.000000000000000000e+00
4.716907277578186495e+02,2.051062842722421919e+02,5.000000000000000000e+00,1.460823000000000057e-06,0.000000000000000000e+00
4.720815690416603729e+02,2.051058934309583321e+02,5.000000000000000000e+00,1.560751000000000077e-06,0.000000000000000000e+00
4.725137191555141953e+02,2.051054612808444801e+02,5.000000000000000000e+00,1.523133999999999959e-06,0.000000000000000000e+00
4.729374575553435420e+02,2.051050375424446486e+02,5.000000000000000000e+00,1.487307999999999940e-06,0.000000000000000000e+00
4.733364484820725124e+02,2.051046385515179225e+02,5.000000000000000000e+00,1.563122999999999908e-06,0.000000000000000000e+00
4.737618793172180176e+02,2.051042131206827719e+02,5.000000000000000000e+00,1.549967999999999947e-06,0.000000000000000000e+00
4.741745270629398874e+02,2.051038004729370527e+02,5.000000000000000000e+00,1.528053000000000005e-06,0.000000000000000000e+00
4.745983428630912044e+02,2.051033766571369199e+02,5.000000000000000000e+00,1.519147000000000017e-06,0.000000000000000000e+00
4.750290177220679766e+02,2.051029459822779302e+02,5.000000000000000000e+00,1.436274000000000040e-06,0.000000000000000000e+00
4.754309110262893796e+02,2.051025440889737013e+02,5.000000000000000000e+00,1.551874000000000043e-06,0.000000000000000000e+00
4.758384991078008284e+02,2.051021365008922146e+02,5.000000000000000000e+00,1.450913000000000096e-06,0.000000000000000000e+00
4.762538981082564078e+02,2.051017211018917408e+02,5.000000000000000000e+00,1.426611999999999937e-06,0.000000000000000000e+00
4.766614914497625364e+02,2.051013135085502483e+02,5.000000000000000000e+00,1.372318000000000047e-06,0.000000000000000000e+00
4.771016280312031199e+02,2.051008733719687882e+02,5.000000000000000000e+00,1.376698000000000037e-06,0.000000000000000000e+00
4.775457921728004180e+02,2.051004292078272044e+02,5.000000000000000000e+00,1.482912999999999959e-06,0.000000000000000000e+00
4.779310160555194216e+02,2.051000439839444880e+02,5.000000000000000000e+00,1.490364000000000017e-06,0.000000000000000000e+00
4.783590109075487931e+02,2.050996159890924559e+02,5.000000000000000000e+00,1.476918000000000070e-06,0.000000000000000000e+00
4.787745547411668099e+02,2.050992004452588446e+02,5.000000000000000000e+00,1.441148999999999930e-06,0.000000000000000000e+00
4.792007656342303790e+02,2.050987742343657771e+02,5.000000000000000000e+00,1.409934999999999952e-06,0.000000000000000000e+00
4.796448322366412071e+02,2.050983301677633506e+02,5.000000000000000000e+00,1.373220999999999985e-06,0.000000000000000000e+00
4.800781858052204143e+02,2.050978968141947689e+02,5.000000000000000000e+00,1.335967999999999963e-06,0.000000000000000000e+00
4.804678255543096839e+02,2.050975071744456955e+02,5.000000000000000000e+00,1.283740999999999954e-06,0.000000000000000000e+00
4.809075716850001072e+02,2.050970674283150004e+02,5.000000000000000000e+00,1.299121999999999951e-06,0.000000000000000000e+00
4.813158011918224020e+02,2.050966591988081689e+02,5.000000000000000000e+00,1.295542000000000021e-06,0.000000000000000000e+00
4.817179942608054262e+02,2.050962570057392043e+02,5.000000000000000000e+00,1.354536000000000053e-06,0.000000000000000000e+00
4.821360719050554167e+02,2.050958389280949348e+02,5.000000000000000000e+00,1.308711999999999973e-06,0.000000000000000000e+00
4.825566174717528725e+02,2.050954183825282371e+02,5.000000000000000000e+00,1.309148999999999966e-06,0.000000000000000000e+00
4.829844690985236184e+02,2.050949905309014696e+02,5.000000000000000000e+00,1.335298000000000103e-06,0.000000000000000000e+00
4.833719602173508747e+02,2.050946030397826405e+02,5.000000000000000000e+00,1.245381999999999895e-06,0.000000000000000000e+00
4.837875011615024050e+02,2.050941874988384939e+02,5.000000000000000000e+00,1.228996999999999924e-06,0.000000000000000000e+00
4.841937484346546512e+02,2.050937812515653604e+02,5.000000000000000000e+00,1.172112999999999903e-06,0.000000000000000000e+00
4.846193112532801592e+02,2.050933556887467262e+02,5.000000000000000000e+00,1.136402999999999909e-06,0.000000000000000000e+00
4.850552343606871091e+02,2.050929197656393228e+02,5.000000000000000000e+00,1.127059999999999929e-06,0.000000000000000000e+00
4.854581564450999167e+02,2.050925168435549040e+02,5.000000000000000000e+00,1.158535999999999939e-06,0.000000000000000000e+00
4.858919057778249453e+02,2.050920830942221755e+02,5.000000000000000000e+00,1.200328999999999922e-06,0.000000000000000000e+00
4.863042029424413499e+02,2.050916707970575601e+02,5.000000000000000000e+00,1.198525000000000100e-06,0.000000000000000000e+00
4.867256719705841874e+02,2.050912493280294200e+02,5.000000000000000000e+00,1.198845000000000039e-06,0.000000000000000000e+00
4.871344754475070999e+02,2.050908405245525046e+02,5.000000000000000000e+00,1.258275000000000036e-06,0.000000000000000000e+00
4.875651523487313170e+02,2.050904098476512729e+02,5.000000000000000000e+00,1.244407000000000087e-06,0.000000000000000000e+00
4.879946211429177083e+02,2.050899803788570921e+02,5.000000000000000000e+00,1.136999000000000055e-06,0.000000000000000000e+00
4.884040036311589574e+02,2.050895709963688489e+02,5.000000000000000000e+00,1.179141999999999958e-06,0.000000000000000000e+00
4.888183944903265683e+02,2.050891566055096860e+02,5.000000000000000000e+00,1.188454999999999957e-06,0.000000000000000000e+00
4.892423875054271321e+02,2.050887326124945673e+02,5.000000000000000000e+00,1.222419000000000035e-06,0.000000000000000000e+00
4.896739770345470788e+02,2.050883010229654531e+02,5.000000000000000000e+00,1.226725999999999916e-06,0.000000000000000000e+00
4.900819301789160818e+02,2.050878930698210922e+02,5.000000000000000000e+00,1.218155000000000071e-06,0.000000000000000000e+00
4.905128327914642909e+02,2.050874621672085425e+02,5.000000000000000000e+00,1.143023999999999926e-06,0.000000000000000000e+00
4.909131028621865767e+02,2.050870618971378292e+02,5.000000000000000000e+00,1.105712999999999996e-06,0.000000000000000000e+00
4.913187170016169034e+02,2.050866562829983764e+02,5.000000000000000000e+00,1.133318000000000090e-06,0.000000000000000000e+00
4.917369033563218181e+02,2.050862380966436831e+02,5.000000000000000000e+00,1.106032999999999935e-06,0.000000000000000000e+00
4.921450756193615348e+02,2.050858299243806471e+02,5.000000000000000000e+00,1.105669000000000052e-06,0.000000000000000000e+00
4.925833238960853464e+02,2.050853916761039102e+02,5.000000000000000000e+00,1.063278999999999896e-06,0.000000000000000000e+00
4.929836965548350349e+02,2.050849913034451788e+02,5.000000000000000000e+00,1.137217999999999960e-06,0.000000000000000000e+00
4.934058053263358943e+02,2.050845691946736622e+02,5.000000000000000000e+00,1.185223999999999920e-06,0.000000000000000000e+00
4.938220885048796163e+02,2.050841529114951243e+02,5.000000000000000000e+00,1.131819000000000005e-06,0.000000000000000000e+00
4.942280440468522897e+02,2.050837469559531598e+02,5.000000000000000000e+00,1.091539000000000071e-06,0.000000000000000000e+00
4.946609429767300981e+02,2.050833140570232729e+02,5.000000000000000000e+00,1.029417000000000092e-06,0.000000000000000000e+00
4.950916130433084845e+02,2.050828833869566949e+02,5.000000000000000000e+00,1.088440000000000077e-06,0.000000000000000000e+00
4.954997669848993951e+02,2.050824752330151171e+02,5.000000000000000000e+00,1.027351000000000025e-06,0.000000000000000000e+00
4.959152952909057035e+02,2.050820597047091098e+02,5.000000000000000000e+00,1.029532999999999906e-06,0.000000000000000000e+00
4.963227524187122981e+02,2.050816522475813031e+02,5.000000000000000000e+00,1.056162999999999979e-06,0.000000000000000000e+00
4.967243135442736275e+02,2.050812506864557179e+02,5.000000000000000000e+00,1.041306000000000047e-06,0.000000000000000000e+00
4.971702381621699374e+02,2.050808047618378396e+02,5.000000000000000000e+00,1.040825999999999926e-06,0.000000000000000000e+00
4.975942289293893168e+02,2.050803807710706224e+02,5.000000000000000000e+00,9.754293999999999346e-07,0.000000000000000000e+00
4.979936121049664166e+02,2.050799813878950317e+02,5.000000000000000000e+00,1.051113999999999945e-06,0.000000000000000000e+00
4.984349629135631972e+02,2.050795400370864456e+02,5.000000000000000000e+00,1.090607999999999994e-06,0.000000000000000000e+00
4.988505104842685682e+02,2.050791244895157206e+02,5.000000000000000000e+00,1.020452999999999986e-06,0.000000000000000000e+00
4.992657734906035216e+02,2.050787092265094032e+02,5.000000000000000000e+00,9.792129000000000822e-07,0.000000000000000000e+00
4.997130220175438922e+02,2.050782619779824643e+02,5.000000000000000000e+00,1.091233999999999910e-06,0.000000000000000000e+00
5.001121854217556688e+02,2.050778628145782534e+02,5.000000000000000000e+00,1.101755000000000008e-06,0.000000000000000000e+00
5.005356799751908738e+02,2.050774393200248085e+02,5.000000000000000000e+00,1.121253999999999963e-06,0.000000000000000000e+00
5.009829649259150983e+02,2.050769920350740847e+02,5.000000000000000000e+00,1.120512000000000022e-06,0.000000000000000000e+00
5.013701815479220159e+02,2.050766048184520685e+02,5.000000000000000000e+00,1.118940000000000039e-06,0.000000000000000000e+00
5.017854468002544195e+02,2.050761895531997538e+02,5.000000000000000000e+00,1.133332000000000053e-06,0.000000000000000000e+00
5.021924118341219128e+02,2.050757825881658789e+02,5.000000000000000000e+00,1.111125999999999914e-06,0.000000000000000000e+00
5.026178914818112844e+02,2.050753571085182045e+02,5.000000000000000000e+00,1.142848999999999966e-06,0.000000000000000000e+00
5.030262551283831272e+02,2.050749487448716195e+02,5.000000000000000000e+00,1.151115000000000074e-06,0.000000000000000000e+00
5.034476313960823859e+02,2.050745273686039241e+02,5.000000000000000000e+00,1.141816000000000038e-06,0.000000000000000000e+00
5.038516130807767013e+02,2.050741233869192115e+02,5.000000000000000000e+00,1.156542999999999982e-06,0.000000000000000000e+00
5.042503987743526181e+02,2.050737246012256492e+02,5.000000000000000000e+00,1.155115999999999979e-06,0.000000000000000000e+00
5.046990976145037848e+02,2.050732759023854896e+02,5.000000000000000000e+00,1.161825000000000095e-06,0.000000000000000000e+00
5.051021572009621536e+02,2.050728728427990291e+02,5.000000000000000000e+00,1.147650999999999958e-06,0.000000000000000000e+00
5.055215815472697045e+02,2.050724534184527386e+02,5.000000000000000000e+00,1.087507999999999973e-06,0.000000000000000000e+00
5.059670219550466754e+02,2.050720079780449510e+02,5.000000000000000000e+00,1.163468999999999948e-06,0.000000000000000000e+00
5.063584701593979958e+02,2.050716165298406111e+02,5.000000000000000000e+00,1.123626000000000006e-06,0.000000000000000000e+00
5.067703443348265182e+02,2.050712046556651842e+02,5.000000000000000000e+00,1.128602999999999958e-06,0.000000000000000000e+00
5.071975481754896009e+02,2.050707774518245117e+02,5.000000000000000000e+00,1.119856999999999941e-06,0.000000000000000000e+00
5.076284482807078007e+02,2.050703465517192967e+02,5.000000000000000000e+00,1.166029999999999913e-06,0.000000000000000000e+00
5.080652835306185580e+02,2.050699097164693967e+02,5.000000000000000000e+00,1.117820000000000040e-06,0.000000000000000000e+00
5.084673009707221922e+02,2.050695076990292876e+02,5.000000000000000000e+00,1.121036000000000086e-06,0.000000000000000000e+00
5.088880188210595747e+02,2.050690869811789412e+02,5.000000000000000000e+00,1.137712000000000043e-06,0.000000000000000000e+00
5.093189022228112890e+02,2.050686560977771933e+02,5.000000000000000000e+00,1.150256000000000079e-06,0.000000000000000000e+00
5.097172952229489056e+02,2.050682577047770394e+02,5.000000000000000000e+00,1.129520000000000072e-06,0.000000000000000000e+00
5.101450006297984032e+02,2.050678299993701899e+02,5.000000000000000000e+00,1.089837000000000099e-06,0.000000000000000000e+00
5.105761240078073797e+02,2.050673988759921826e+02,5.000000000000000000e+00,1.041612000000000023e-06,0.000000000000000000e+00
5.109824830134306808e+02,2.050669925169865735e+02,5.000000000000000000e+00,1.083258999999999999e-06,0.000000000000000000e+00
5.113963582591179033e+02,2.050665786417408754e+02,5.000000000000000000e+00,1.134351000000000017e-06,0.000000000000000000e+00
5.117835686929784629e+02,2.050661914313070326e+02,5.000000000000000000e+00,1.033331999999999952e-06,0.000000000000000000e+00
5.122081451641726062e+02,2.050657668548358288e+02,5.000000000000000000e+00,9.443902000000000387e-07,0.000000000000000000e+00
5.126274613188079456e+02,2.050653475386811806e+02,5.000000000000000000e+00,1.001986999999999958e-06,0.000000000000000000e+00
5.130516952328243860e+02,2.050649233047671771e+02,5.000000000000000000e+00,1.065068999999999967e-06,0.000000000000000000e+00
5.134751886025096610e+02,2.050644998113974964e+02,5.000000000000000000e+00,1.058375000000000052e-06,0.000000000000000000e+00
5.138601947952395221e+02,2.050641148052047527e+02,5.000000000000000000e+00,1.154010999999999970e-06,0.000000000000000000e+00
5.143032495687438086e+02,2.050636717504312685e+02,5.000000000000000000e+00,1.159700000000000094e-06,0.000000000000000000e+00
5.147244656419153443e+02,2.050632505343580760e+02,5.000000000000000000e+00,1.147171000000000049e-06,0.000000000000000000e+00
5.151321854082539176e+02,2.050628428145917610e+02,5.000000000000000000e+00,1.178370000000000036e-06,0.000000000000000000e+00
5.155626334939602202e+02,2.050624123665060381e+02,5.000000000000000000e+00,1.208755000000000000e-06,0.000000000000000000e+00
5.159920935708227034e+02,2.050619829064291935e+02,5.000000000000000000e+00,1.205772000000000032e-06,0.000000000000000000e+00
5.163790245747535437e+02,2.050615959754252628e+02,5.000000000000000000e+00,1.126215999999999925e-06,0.000000000000000000e+00
5.167948649876751688e+02,2.050611801350123358e+02,5.000000000000000000e+00,1.128907999999999907e-06,0.000000000000000000e+00
5.172393622061595124e+02,2.050607356377938402e+02,5.000000000000000000e+00,1.180989999999999936e-06,0.000000000000000000e+00
5.176386047682435674e+02,2.050603363952317579e+02,5.000000000000000000e+00,1.191262999999999965e-06,0.000000000000000000e+00
5.180625962900762715e+02,2.050599124037099159e+02,5.000000000000000000e+00,1.152191999999999945e-06,0.000000000000000000e+00
5.185105324155281323e+02,2.050594644675844620e+02,5.000000000000000000e+00,1.192121999999999959e-06,0.000000000000000000e+00
5.189281489946192778e+02,2.050590468510053768e+02,5.000000000000000000e+00,1.229359999999999992e-06,0.000000000000000000e+00
5.193436965653245352e+02,2.050586313034346801e+02,5.000000000000000000e+00,1.170410999999999931e-06,0.000000000000000000e+00
5.197798356609993107e+02,2.050581951643389971e+02,5.000000000000000000e+00,1.233463999999999986e-06,0.000000000000000000e+00
5.201818064648488189e+02,2.050577931935351614e+02,5.000000000000000000e+00,1.230990000000000093e-06,0.000000000000000000e+00
5.206058020039124585e+02,2.050573691979960813e+02,5.000000000000000000e+00,1.219653999999999944e-06,0.000000000000000000e+00
5.210047978625443648e+02,2.050569702021374496e+02,5.000000000000000000e+00,1.284016999999999950e-06,0.000000000000000000e+00
5.214483738613231480e+02,2.050565266261386910e+02,5.000000000000000000e+00,1.248700000000000005e-06,0.000000000000000000e+00
5.218429794730107005e+02,2.050561320205270022e+02,5.000000000000000000e+00,1.317195999999999958e-06,0.000000000000000000e+00
5.222508553068095125e+02,2.050557241446931869e+02,5.000000000000000000e+00,1.287145999999999924e-06,0.000000000000000000e+00
5.226813752813861811e+02,2.050552936247186153e+02,5.000000000000000000e+00,1.322885999999999899e-06,0.000000000000000000e+00
5.230895504066274952e+02,2.050548854495933710e+02,5.000000000000000000e+00,1.303501999999999942e-06,0.000000000000000000e+00
5.235204532974778431e+02,2.050544545467025159e+02,5.000000000000000000e+00,1.194741000000000044e-06,0.000000000000000000e+00
5.239212368664121868e+02,2.050540537631335951e+02,5.000000000000000000e+00,1.407853999999999896e-06,0.000000000000000000e+00
5.243280306581493733e+02,2.050536469693418553e+02,5.000000000000000000e+00,1.411040999999999989e-06,0.000000000000000000e+00
5.247447511567988840e+02,2.050532302488431924e+02,5.000000000000000000e+00,1.412831000000000060e-06,0.000000000000000000e+00
5.251529230794586738e+02,2.050528220769205348e+02,5.000000000000000000e+00,1.358144999999999937e-06,0.000000000000000000e+00
5.255922064514898011e+02,2.050523827935485031e+02,5.000000000000000000e+00,1.357374000000000042e-06,0.000000000000000000e+00
5.260164496099620237e+02,2.050519585503900544e+02,5.000000000000000000e+00,1.416323000000000102e-06,0.000000000000000000e+00
5.264231330383864815e+02,2.050515518669616029e+02,5.000000000000000000e+00,1.303938999999999934e-06,0.000000000000000000e+00
5.268490945964427965e+02,2.050511259054035520e+02,5.000000000000000000e+00,1.386696000000000098e-06,0.000000000000000000e+00
5.272643642293318180e+02,2.050507106357706846e+02,5.000000000000000000e+00,1.416992999999999962e-06,0.000000000000000000e+00
5.276922005803387492e+02,2.050502827994196764e+02,5.000000000000000000e+00,1.381384000000000003e-06,0.000000000000000000e+00
5.281003735287994232e+02,2.050498746264711940e+02,5.000000000000000000e+00,1.353793999999999900e-06,0.000000000000000000e+00
5.285344005668074487e+02,2.050494405994331828e+02,5.000000000000000000e+00,1.386375999999999946e-06,0.000000000000000000e+00
5.289583985533661235e+02,2.050490166014466240e+02,5.000000000000000000e+00,1.323103999999999987e-06,0.000000000000000000e+00
5.293703566125219595e+02,2.050486046433874776e+02,5.000000000000000000e+00,1.321458999999999895e-06,0.000000000000000000e+00
5.297848656654384740e+02,2.050481901343345612e+02,5.000000000000000000e+00,1.284105000000000049e-06,0.000000000000000000e+00
5.302092018043416601e+02,2.050477657981956554e+02,5.000000000000000000e+00,1.317167000000000005e-06,0.000000000000000000e+00
5.306284316249850690e+02,2.050473465683750192e+02,5.000000000000000000e+00,1.235952000000000055e-06,0.000000000000000000e+00
5.310480480381695543e+02,2.050469269519618365e+02,5.000000000000000000e+00,1.352934999999999905e-06,0.000000000000000000e+00
5.314516000496195147e+02,2.050465233999503880e+02,5.000000000000000000e+00,1.405685999999999978e-06,0.000000000000000000e+00
5.318617697055159397e+02,2.050461132302944804e+02,5.000000000000000000e+00,1.422115000000000105e-06,0.000000000000000000e+00
5.322743293761778887e+02,2.050457006706238303e+02,5.000000000000000000e+00,1.363020000000000038e-06,0.000000000000000000e+00
5.326802966020385384e+02,2.050452947033979569e+02,5.000000000000000000e+00,1.265580000000000087e-06,0.000000000000000000e+00
5.331223213702617159e+02,2.050448526786297521e+02,5.000000000000000000e+00,1.293315999999999985e-06,0.000000000000000000e+00
5.335385944004452767e+02,2.050444364055995550e+02,5.000000000000000000e+00,1.324050000000000054e-06,0.000000000000000000e+00
5.339392229946722637e+02,2.050440357770053197e+02,5.000000000000000000e+00,1.378125000000000040e-06,0.000000000000000000e+00
5.343822711416227094e+02,2.050435927288583855e+02,5.000000000000000000e+00,1.296619000000000104e-06,0.000000000000000000e+00
5.347891250609411600e+02,2.050431858749390699e+02,5.000000000000000000e+00,1.382446000000000096e-06,0.000000000000000000e+00
5.351920305286259918e+02,2.050427829694713751e+02,5.000000000000000000e+00,1.411055999999999980e-06,0.000000000000000000e+00
5.356279748259635198e+02,2.050423470251740525e+02,5.000000000000000000e+00,1.347042000000000079e-06,0.000000000000000000e+00
5.360539711428741612e+02,2.050419210288571321e+02,5.000000000000000000e+00,1.369510000000000039e-06,0.000000000000000000e+00
5.364597254983036692e+02,2.050415152745017053e+02,5.000000000000000000e+00,1.364955000000000088e-06,0.000000000000000000e+00
5.368752786280382452e+02,2.050410997213719781e+02,5.000000000000000000e+00,1.373074999999999978e-06,0.000000000000000000e+00
5.372864933381044921e+02,2.050406885066618941e+02,5.000000000000000000e+00,1.371896000000000044e-06,0.000000000000000000e+00
5.376911234126347381e+02,2.050402838765873810e+02,5.000000000000000000e+00,1.321153999999999946e-06,0.000000000000000000e+00
5.381342232610510337e+02,2.050398407767389415e+02,5.000000000000000000e+00,1.352061999999999948e-06,0.000000000000000000e+00
5.385754241356726197e+02,2.050393995758643371e+02,5.000000000000000000e+00,1.313150000000000082e-06,0.000000000000000000e+00
5.390060997562351304e+02,2.050389689002437592e+02,5.000000000000000000e+00,1.265464000000000061e-06,0.000000000000000000e+00
5.394054541316794484e+02,2.050385695458683131e+02,5.000000000000000000e+00,1.268766999999999968e-06,0.000000000000000000e+00
5.398104922179812775e+02,2.050381645077820281e+02,5.000000000000000000e+00,1.325708999999999897e-06,0.000000000000000000e+00
5.402301697644762726e+02,2.050377448302355390e+02,5.000000000000000000e+00,1.343826000000000032e-06,0.000000000000000000e+00
5.406771807781674397e+02,2.050372978192218341e+02,5.000000000000000000e+00,1.200576999999999991e-06,0.000000000000000000e+00
5.410690168831056326e+02,2.050369059831168954e+02,5.000000000000000000e+00,1.289095999999999965e-06,0.000000000000000000e+00
5.414999067426510919e+02,2.050364750932573372e+02,5.000000000000000000e+00,1.230728000000000060e-06,0.000000000000000000e+00
5.419076440189976438e+02,2.050360673559810039e+02,5.000000000000000000e+00,1.270876999999999979e-06,0.000000000000000000e+00
5.423223952517951147e+02,2.050356526047482078e+02,5.000000000000000000e+00,1.228749000000000066e-06,0.000000000000000000e+00
5.427463823893129984e+02,2.050352286176106986e+02,5.000000000000000000e+00,1.230990000000000093e-06,0.000000000000000000e+00
5.431453866494906606e+02,2.050348296133505244e+02,5.000000000000000000e+00,1.308740999999999927e-06,0.000000000000000000e+00
5.435857981904927101e+02,2.050343892018095175e+02,5.000000000000000000e+00,1.329025999999999979e-06,0.000000000000000000e+00
5.439710145865411732e+02,2.050340039854134488e+02,5.000000000000000000e+00,1.310137999999999949e-06,0.000000000000000000e+00
5.444078992975852316e+02,2.050335671007024132e+02,5.000000000000000000e+00,1.326828999999999896e-06,0.000000000000000000e+00
5.448228890606446839e+02,2.050331521109393691e+02,5.000000000000000000e+00,1.340857000000000027e-06,0.000000000000000000e+00
5.452204946459385155e+02,2.050327545053540632e+02,5.000000000000000000e+00,1.455293000000000086e-06,0.000000000000000000e+00
5.456484884110082021e+02,2.050323265115889910e+02,5.000000000000000000e+00,1.408231999999999954e-06,0.000000000000000000e+00
5.460870804780648768e+02,2.050318879195219495e+02,5.000000000000000000e+00,1.422085999999999940e-06,0.000000000000000000e+00
5.464871064798751377e+02,2.050314878935201364e+02,5.000000000000000000e+00,1.563880000000000052e-06,0.000000000000000000e+00
5.468995104683648378e+02,2.050310754895316450e+02,5.000000000000000000e+00,1.497276000000000020e-06,0.000000000000000000e+00
5.473422824119377310e+02,2.050306327175880767e+02,5.000000000000000000e+00,1.469423000000000068e-06,0.000000000000000000e+00
5.477561774969095723e+02,2.050302188225030875e+02,5.000000000000000000e+00,1.381661000000000026e-06,0.000000000000000000e+00
5.481557876800495706e+02,2.050298192123199499e+02,5.000000000000000000e+00,1.428256000000000001e-06,0.000000000000000000e+00
5.485950281104292117e+02,2.050293799718895684e+02,5.000000000000000000e+00,1.467210999999999995e-06,0.000000000000000000e+00
5.490282680560127346e+02,2.050289467319439893e+02,5.000000000000000000e+00,1.449748999999999941e-06,0.000000000000000000e+00
5.494336498824550290e+02,2.050285413501175356e+02,5.000000000000000000e+00,1.414941000000000070e-06,0.000000000000000000e+00
5.498344543504651938e+02,2.050281405456495349e+02,5.000000000000000000e+00,1.366598999999999941e-06,0.000000000000000000e+00
5.502749969578701439e+02,2.050277000030421277e+02,5.000000000000000000e+00,1.440916000000000063e-06,0.000000000000000000e+00
5.506809005395558643e+02,2.050272940994604483e+02,5.000000000000000000e+00,1.455322000000000040e-06,0.000000000000000000e+00
5.510974815086237868e+02,2.050268775184913750e+02,5.000000000000000000e+00,1.465756000000000066e-06,0.000000000000000000e+00
5.515385214265834293e+02,2.050264364785734301e+02,5.000000000000000000e+00,1.461958000000000047e-06,0.000000000000000000e+00
5.519391318914333624e+02,2.050260358681085791e+02,5.000000000000000000e+00,1.487569999999999972e-06,0.000000000000000000e+00
5.523546778487556139e+02,2.050256203221512408e+02,5.000000000000000000e+00,1.491338000000000010e-06,0.000000000000000000e+00
5.527441267646064489e+02,2.050252308732353868e+02,5.000000000000000000e+00,1.573803999999999975e-06,0.000000000000000000e+00
5.531742628891154254e+02,2.050248007371108940e+02,5.000000000000000000e+00,1.531210999999999933e-06,0.000000000000000000e+00
5.536049437990934621e+02,2.050243700562009224e+02,5.000000000000000000e+00,1.515130999999999911e-06,0.000000000000000000e+00
5.540128915217627537e+02,2.050239621084782300e+02,5.000000000000000000e+00,1.565349999999999971e-06,0.000000000000000000e+00
5.544312991454622761e+02,2.050235437008545318e+02,5.000000000000000000e+00,1.596651000000000021e-06,0.000000000000000000e+00
5.548519641161544769e+02,2.050231230358838559e+02,5.000000000000000000e+00,1.600594000000000019e-06,0.000000000000000000e+00
5.552374166245933793e+02,2.050227375833754024e+02,5.000000000000000000e+00,1.549211000000000015e-06,0.000000000000000000e+00
5.556757854534732814e+02,2.050222992145465355e+02,5.000000000000000000e+00,1.562177000000000053e-06,0.000000000000000000e+00
5.560874359037974273e+02,2.050218875640962040e+02,5.000000000000000000e+00,1.464140999999999955e-06,0.000000000000000000e+00
5.565178839895036162e+02,2.050214571160105095e+02,5.000000000000000000e+00,1.442037000000000090e-06,0.000000000000000000e+00
5.569374009181509564e+02,2.050210375990818648e+02,5.000000000000000000e+00,1.425170999999999971e-06,0.000000000000000000e+00
5.573569596859819057e+02,2.050206180403140195e+02,5.000000000000000000e+00,1.458916999999999961e-06,0.000000000000000000e+00
5.577666453132305833e+02,2.050202083546867584e+02,5.000000000000000000e+00,1.398716000000000069e-06,0.000000000000000000e+00
5.581906438951310747e+02,2.050197843561048785e+02,5.000000000000000000e+00,1.357256999999999989e-06,0.000000000000000000e+00
5.586269374908373493e+02,2.050193480625091524e+02,5.000000000000000000e+00,1.437511000000000093e-06,0.000000000000000000e+00
5.590578403816876971e+02,2.050189171596183257e+02,5.000000000000000000e+00,1.401815000000000062e-06,0.000000000000000000e+00
5.594626169765500663e+02,2.050185123830234488e+02,5.000000000000000000e+00,1.418403999999999947e-06,0.000000000000000000e+00
5.598734482656983573e+02,2.050181015517343042e+02,5.000000000000000000e+00,1.426248000000000054e-06,0.000000000000000000e+00
5.603098480404598831e+02,2.050176651519595339e+02,5.000000000000000000e+00,1.505060999999999980e-06,0.000000000000000000e+00
5.607335954483646674e+02,2.050172414045516405e+02,5.000000000000000000e+00,1.468157000000000062e-06,0.000000000000000000e+00
5.611325847041985071e+02,2.050168424152957982e+02,5.000000000000000000e+00,1.430438999999999909e-06,0.000000000000000000e+00
5.615739319954024040e+02,2.050164010680045976e+02,5.000000000000000000e+00,1.497449999999999952e-06,0.000000000000000000e+00
5.619591519524625483e+02,2.050160158480475445e+02,5.000000000000000000e+00,1.503155000000000095e-06,0.000000000000000000e+00
5.623934070792801094e+02,2.050155815929207108e+02,5.000000000000000000e+00,1.449094000000000072e-06,0.000000000000000000e+00
5.628028029370930199e+02,2.050151721970628955e+02,5.000000000000000000e+00,1.443971999999999928e-06,0.000000000000000000e+00
5.632061776912232745e+02,2.050147688223087812e+02,5.000000000000000000e+00,1.490611000000000059e-06,0.000000000000000000e+00
5.636370805820737360e+02,2.050143379194179261e+02,5.000000000000000000e+00,1.408756000000000018e-06,0.000000000000000000e+00
5.640450238594664825e+02,2.050139299761405312e+02,5.000000000000000000e+00,1.476074000000000066e-06,0.000000000000000000e+00
5.644703044928036206e+02,2.050135046955072085e+02,5.000000000000000000e+00,1.427847999999999962e-06,0.000000000000000000e+00
5.648838789182624396e+02,2.050130911210817430e+02,5.000000000000000000e+00,1.424792999999999913e-06,0.000000000000000000e+00
5.652733365557822935e+02,2.050127016634442327e+02,5.000000000000000000e+00,1.495747999999999981e-06,0.000000000000000000e+00
5.657199964560223862e+02,2.050122550035439701e+02,5.000000000000000000e+00,1.448060999999999933e-06,0.000000000000000000e+00
5.661309020741704217e+02,2.050118440979258310e+02,5.000000000000000000e+00,1.393099000000000026e-06,0.000000000000000000e+00
5.665427377103461595e+02,2.050114322622896452e+02,5.000000000000000000e+00,1.356253000000000015e-06,0.000000000000000000e+00
5.669905282421543689e+02,2.050109844717578369e+02,5.000000000000000000e+00,1.406224000000000006e-06,0.000000000000000000e+00
5.674055196861663717e+02,2.050105694803138476e+02,5.000000000000000000e+00,1.528197999999999984e-06,0.000000000000000000e+00
5.678142105050216060e+02,2.050101607894949893e+02,5.000000000000000000e+00,1.514271999999999916e-06,0.000000000000000000e+00
5.682163160912560897e+02,2.050097586839087569e+02,5.000000000000000000e+00,1.602514999999999894e-06,0.000000000000000000e+00
5.686617902528538480e+02,2.050093132097471482e+02,5.000000000000000000e+00,1.482462000000000004e-06,0.000000000000000000e+00
5.690856892635797522e+02,2.050088893107364356e+02,5.000000000000000000e+00,1.391672000000000022e-06,0.000000000000000000e+00
5.694858468842576258e+02,2.050084891531157325e+02,5.000000000000000000e+00,1.497785000000000094e-06,0.000000000000000000e+00
5.699257431844567918e+02,2.050080492568155535e+02,5.000000000000000000e+00,1.470966000000000097e-06,0.000000000000000000e+00
5.703415686929785124e+02,2.050076334313070276e+02,5.000000000000000000e+00,1.407358999999999996e-06,0.000000000000000000e+00
5.707345080768160415e+02,2.050072404919231985e+02,5.000000000000000000e+00,1.402790000000000083e-06,0.000000000000000000e+00
5.711637755138686998e+02,2.050068112244861425e+02,5.000000000000000000e+00,1.391672000000000022e-06,0.000000000000000000e+00
5.715715668987671734e+02,2.050064034331012408e+02,5.000000000000000000e+00,1.433392999999999923e-06,0.000000000000000000e+00
5.720021659005443553e+02,2.050059728340994525e+02,5.000000000000000000e+00,1.460154000000000013e-06,0.000000000000000000e+00
5.724179124067005660e+02,2.050055570875933029e+02,5.000000000000000000e+00,1.426465999999999930e-06,0.000000000000000000e+00
5.728054079762504216e+02,2.050051695920237478e+02,5.000000000000000000e+00,1.452164999999999928e-06,0.000000000000000000e+00
5.732488606579355519e+02,2.050047261393420683e+02,5.000000000000000000e+00,1.414620999999999919e-06,0.000000000000000000e+00
5.736438307329582358e+02,2.050043311692670329e+02,5.000000000000000000e+00,1.388718000000000008e-06,0.000000000000000000e+00
5.740712845858658966e+02,2.050039037154141397e+02,5.000000000000000000e+00,1.372521999999999960e-06,0.000000000000000000e+00
5.745182579102147429e+02,2.050034567420897815e+02,5.000000000000000000e+00,1.272055999999999913e-06,0.000000000000000000e+00
5.749034828930190315e+02,2.050030715171069744e+02,5.000000000000000000e+00,1.336243999999999958e-06,0.000000000000000000e+00
5.753250755989079153e+02,2.050026499244010836e+02,5.000000000000000000e+00,1.463602999999999927e-06,0.000000000000000000e+00
5.757423280848387321e+02,2.050022326719151522e+02,5.000000000000000000e+00,1.489636000000000039e-06,0.000000000000000000e+00
5.761505032100800463e+02,2.050018244967899363e+02,5.000000000000000000e+00,1.566323999999999964e-06,0.000000000000000000e+00
5.765814078664063800e+02,2.050013935921336099e+02,5.000000000000000000e+00,1.432287000000000099e-06,0.000000000000000000e+00
5.770108661020991576e+02,2.050009641338978952e+02,5.000000000000000000e+00,1.530089999999999906e-06,0.000000000000000000e+00
5.774022549859513447e+02,2.050005727450140398e+02,5.000000000000000000e+00,1.585460000000000063e-06,0.000000000000000000e+00
5.778175254198473567e+02,2.050001574745801634e+02,5.000000000000000000e+00,1.572406999999999953e-06,0.000000000000000000e+00
5.782611246057200560e+02,2.049997138753942920e+02,5.000000000000000000e+00,1.430292999999999902e-06,0.000000000000000000e+00
5.786900089178052440e+02,2.049992849910821917e+02,5.000000000000000000e+00,1.325039000000000037e-06,0.000000000000000000e+00
5.791104199129276822e+02,2.049988645800870870e+02,5.000000000000000000e+00,1.414111000000000029e-06,0.000000000000000000e+00
5.795284006054954489e+02,2.049984465993944980e+02,5.000000000000000000e+00,1.502150999999999909e-06,0.000000000000000000e+00
5.799499816513372252e+02,2.049980250183486703e+02,5.000000000000000000e+00,1.470907999999999978e-06,0.000000000000000000e+00
5.803789766206255081e+02,2.049975960233793728e+02,5.000000000000000000e+00,1.423235999999999921e-06,0.000000000000000000e+00
5.807532982786864295e+02,2.049972217017213154e+02,5.000000000000000000e+00,1.464636000000000066e-06,0.000000000000000000e+00
5.812014617676948092e+02,2.049967735382323042e+02,5.000000000000000000e+00,1.460502999999999906e-06,0.000000000000000000e+00
5.816365499182406893e+02,2.049963384500817654e+02,5.000000000000000000e+00,1.391774000000000085e-06,0.000000000000000000e+00
5.820241964809159754e+02,2.049959508035190936e+02,5.000000000000000000e+00,1.305204999999999940e-06,0.000000000000000000e+00
5.824702051496276454e+02,2.049955047948503761e+02,5.000000000000000000e+00,1.302104999999999919e-06,0.000000000000000000e+00
5.828579808328253193e+02,2.049951170191671679e+02,5.000000000000000000e+00,1.341438999999999999e-06,0.000000000000000000e+00
5.832735224004665042e+02,2.049947014775995342e+02,5.000000000000000000e+00,1.282736999999999980e-06,0.000000000000000000e+00
5.836832614408397149e+02,2.049942917385591556e+02,5.000000000000000000e+00,1.187785999999999913e-06,0.000000000000000000e+00
5.841078682084535103e+02,2.049938671317915464e+02,5.000000000000000000e+00,1.243738000000000043e-06,0.000000000000000000e+00
5.845387719401431923e+02,2.049934362280598634e+02,5.000000000000000000e+00,1.290274999999999899e-06,0.000000000000000000e+00
5.849418922500000235e+02,2.049930331077499943e+02,5.000000000000000000e+00,1.216248999999999974e-06,0.000000000000000000e+00
5.853509816926869007e+02,2.049926240183073105e+02,5.000000000000000000e+00,1.218984999999999900e-06,0.000000000000000000e+00
5.857864790457808795e+02,2.049921885209542154e+02,5.000000000000000000e+00,1.335996999999999916e-06,0.000000000000000000e+00
5.861888693127220904e+02,2.049917861306872737e+02,5.000000000000000000e+00,1.309744999999999900e-06,0.000000000000000000e+00
5.866123560771965231e+02,2.049913626439227983e+02,5.000000000000000000e+00,1.179811000000000002e-06,0.000000000000000000e+00
5.870555461253524072e+02,2.049909194538746533e+02,5.000000000000000000e+00,1.179868999999999909e-06,0.000000000000000000e+00
5.874598427786260118e+02,2.049905151572213811e+02,5.000000000000000000e+00,1.249179999999999914e-06,0.000000000000000000e+00
5.878709272531608576e+02,2.049901040727468455e+02,5.000000000000000000e+00,1.384295000000000101e-06,0.000000000000000000e+00
5.882859189482334159e+02,2.049896890810517789e+02,5.000000000000000000e+00,1.296051999999999911e-06,0.000000000000000000e+00
5.887308202924688203e+02,2.049892441797075264e+02,5.000000000000000000e+00,1.128283000000000019e-06,0.000000000000000000e+00
5.891496338769831027e+02,2.049888253661230237e+02,5.000000000000000000e+00,1.261723999999999950e-06,0.000000000000000000e+00
5.895533054395381214e+02,2.049884216945604578e+02,5.000000000000000000e+00,1.179679999999999986e-06,0.000000000000000000e+00
5.900017074162575454e+02,2.049879732925837459e+02,5.000000000000000000e+00,1.070948000000000042e-06,0.000000000000000000e+00
5.903897676889230297e+02,2.049875852323110905e+02,5.000000000000000000e+00,1.084408999999999980e-06,0.000000000000000000e+00
5.908053086330744463e+02,2.049871696913669155e+02,5.000000000000000000e+00,1.066452000000000026e-06,0.000000000000000000e+00
5.912257052804163777e+02,2.049867492947195728e+02,5.000000000000000000e+00,1.097941999999999999e-06,0.000000000000000000e+00
5.916341083351044290e+02,2.049863408916648950e+02,5.000000000000000000e+00,1.083986999999999977e-06,0.000000000000000000e+00
5.920595885462099659e+02,2.049859154114537887e+02,5.000000000000000000e+00,1.026070000000000029e-06,0.000000000000000000e+00
5.924674989158957032e+02,2.049855075010841006e+02,5.000000000000000000e+00,1.016306000000000074e-06,0.000000000000000000e+00
5.928827685487847248e+02,2.049850922314512047e+02,5.000000000000000000e+00,1.037260999999999986e-06,0.000000000000000000e+00
5.933120356193614953e+02,2.049846629643806466e+02,5.000000000000000000e+00,1.065317000000000036e-06,0.000000000000000000e+00
5.936972515000759358e+02,2.049842777484999203e+02,5.000000000000000000e+00,1.213134999999999990e-06,0.000000000000000000e+00
5.941409701357379163e+02,2.049838340298642549e+02,5.000000000000000000e+00,1.189560999999999994e-06,0.000000000000000000e+00
5.945399616011450235e+02,2.049834350383988522e+02,5.000000000000000000e+00,1.170220999999999981e-06,0.000000000000000000e+00
5.949639547096712704e+02,2.049830110452903398e+02,5.000000000000000000e+00,1.167732999999999912e-06,0.000000000000000000e+00
5.954032766114453352e+02,2.049825717233885598e+02,5.000000000000000000e+00,1.185675999999999903e-06,0.000000000000000000e+00
5.958116914563802311e+02,2.049821633085436190e+02,5.000000000000000000e+00,1.160151000000000050e-06,0.000000000000000000e+00
5.962137987040249527e+02,2.049817612012959671e+02,5.000000000000000000e+00,1.119508000000000048e-06,0.000000000000000000e+00
5.966442460046409906e+02,2.049813307539953655e+02,5.000000000000000000e+00,1.085471000000000072e-06,0.000000000000000000e+00
5.970521948592496528e+02,2.049809228051407501e+02,5.000000000000000000e+00,1.199369000000000104e-06,0.000000000000000000e+00
5.974793407591179175e+02,2.049804956592408871e+02,5.000000000000000000e+00,1.214750000000000101e-06,0.000000000000000000e+00
5.978943319065921287e+02,2.049800806680934215e+02,5.000000000000000000e+00,1.181964999999999957e-06,0.000000000000000000e+00
5.982818230254194987e+02,2.049796931769745925e+02,5.000000000000000000e+00,1.237145999999999979e-06,0.000000000000000000e+00
5.987271339717073033e+02,2.049792478660282882e+02,5.000000000000000000e+00,1.283493000000000097e-06,0.000000000000000000e+00
5.991508744787442993e+02,2.049788241255212711e+02,5.000000000000000000e+00,1.288892000000000051e-06,0.000000000000000000e+00
5.995910185283337341e+02,2.049783839814716657e+02,5.000000000000000000e+00,1.218256999999999922e-06,0.000000000000000000e+00
6.000216940166120594e+02,2.049779533059833909e+02,5.000000000000000000e+00,1.176493000000000105e-06,0.000000000000000000e+00
6.004228517652671826e+02,2.049775521482347358e+02,5.000000000000000000e+00,1.208928999999999933e-06,0.000000000000000000e+00
6.008298250377713430e+02,2.049771451749622315e+02,5.000000000000000000e+00,1.309162999999999929e-06,0.000000000000000000e+00
6.012705853206107349e+02,2.049767044146794035e+02,5.000000000000000000e+00,1.279505999999999943e-06,0.000000000000000000e+00
6.016623550872728856e+02,2.049763126449127242e+02,5.000000000000000000e+00,1.182109999999999936e-06,0.000000000000000000e+00
6.020938213888690598e+02,2.049758811786111323e+02,5.000000000000000000e+00,1.109060000000000059e-06,0.000000000000000000e+00
6.024932397093969030e+02,2.049754817602905916e+02,5.000000000000000000e+00,1.233026999999999994e-06,0.000000000000000000e+00
6.029163045393387392e+02,2.049750586954606604e+02,5.000000000000000000e+00,1.079606999999999987e-06,0.000000000000000000e+00
6.033320866814140118e+02,2.049746429133185757e+02,5.000000000000000000e+00,1.264445000000000097e-06,0.000000000000000000e+00
6.037390418263794345e+02,2.049742359581736366e+02,5.000000000000000000e+00,1.220164000000000046e-06,0.000000000000000000e+00
6.041709372293546494e+02,2.049738040627706539e+02,5.000000000000000000e+00,1.241599000000000079e-06,0.000000000000000000e+00
6.045933548171119583e+02,2.049733816451828829e+02,5.000000000000000000e+00,1.325010000000000084e-06,0.000000000000000000e+00
6.050097863404901091e+02,2.049729652136595064e+02,5.000000000000000000e+00,1.188192999999999925e-06,0.000000000000000000e+00
6.054275150783258823e+02,2.049725474849216766e+02,5.000000000000000000e+00,1.243373999999999947e-06,0.000000000000000000e+00
6.058149995705992978e+02,2.049721600004293975e+02,5.000000000000000000e+00,1.177846999999999999e-06,0.000000000000000000e+00
6.062338566988354387e+02,2.049717411433011591e+02,5.000000000000000000e+00,1.207445000000000050e-06,0.000000000000000000e+00
6.066817362284405135e+02,2.049712932637715710e+02,5.000000000000000000e+00,1.192849999999999938e-06,0.000000000000000000e+00
6.071188450512893269e+02,2.049708561549487058e+02,5.000000000000000000e+00,1.233070999999999938e-06,0.000000000000000000e+00
6.075047216622533597e+02,2.049704702783377570e+02,5.000000000000000000e+00,1.218256999999999922e-06,0.000000000000000000e+00
6.079485723900654648e+02,2.049700264276099233e+02,5.000000000000000000e+00,1.090710000000000057e-06,0.000000000000000000e+00
6.083638390055132277e+02,2.049696111609944751e+02,5.000000000000000000e+00,1.183215999999999972e-06,0.000000000000000000e+00
6.087788270914729765e+02,2.049691961729085392e+02,5.000000000000000000e+00,1.176086000000000093e-06,0.000000000000000000e+00
6.091872390736139096e+02,2.049687877609263751e+02,5.000000000000000000e+00,1.120584999999999919e-06,0.000000000000000000e+00
6.096234330015745400e+02,2.049683515669984217e+02,5.000000000000000000e+00,1.187159999999999997e-06,0.000000000000000000e+00
6.100471729287435210e+02,2.049679278270712643e+02,5.000000000000000000e+00,1.143299999999999921e-06,0.000000000000000000e+00
6.104508321103423896e+02,2.049675241678896498e+02,5.000000000000000000e+00,1.138571000000000038e-06,0.000000000000000000e+00
6.108832317077955167e+02,2.049670917682922209e+02,5.000000000000000000e+00,9.860668999999999661e-07,0.000000000000000000e+00
6.112688946740141773e+02,2.049667061053259829e+02,5.000000000000000000e+00,1.147026000000000070e-06,0.000000000000000000e+00
6.116928922906627122e+02,2.049662821077093326e+02,5.000000000000000000e+00,1.153602999999999931e-06,0.000000000000000000e+00
6.121180304649822119e+02,2.049658569695350252e+02,5.000000000000000000e+00,9.611686000000000270e-07,0.000000000000000000e+00
6.125367084626227552e+02,2.049654382915373674e+02,5.000000000000000000e+00,1.056658000000000091e-06,0.000000000000000000e+00
6.129604081085666394e+02,2.049650145918914461e+02,5.000000000000000000e+00,1.085908000000000065e-06,0.000000000000000000e+00
6.133481761157790970e+02,2.049646268238842310e+02,5.000000000000000000e+00,9.677606000000000903e-07,0.000000000000000000e+00
6.137634520186599048e+02,2.049642115479813356e+02,5.000000000000000000e+00,1.065097999999999920e-06,0.000000000000000000e+00
6.142115950399580697e+02,2.049637634049600479e+02,5.000000000000000000e+00,1.089195999999999981e-06,0.000000000000000000e+00
6.146108376020420110e+02,2.049633641623979656e+02,5.000000000000000000e+00,1.049921000000000048e-06,0.000000000000000000e+00
6.150348306171425747e+02,2.049629401693828470e+02,5.000000000000000000e+00,1.003965999999999952e-06,0.000000000000000000e+00
6.154396159635653021e+02,2.049625353840364426e+02,5.000000000000000000e+00,8.927162999999999878e-07,0.000000000000000000e+00
6.158573157642119895e+02,2.049621176842357784e+02,5.000000000000000000e+00,8.889619000000000505e-07,0.000000000000000000e+00
6.162847876247780050e+02,2.049616902123752311e+02,5.000000000000000000e+00,1.098247999999999975e-06,0.000000000000000000e+00
6.167089060201249140e+02,2.049612660939798729e+02,5.000000000000000000e+00,1.242617000000000016e-06,0.000000000000000000e+00
6.171168528515971730e+02,2.049608581471484001e+02,5.000000000000000000e+00,1.138716000000000017e-06,0.000000000000000000e+00
6.175475293706354023e+02,2.049604274706293552e+02,5.000000000000000000e+00,1.306324999999999940e-06,0.000000000000000000e+00
6.179512796698394368e+02,2.049600237203301560e+02,5.000000000000000000e+00,1.262801000000000033e-06,0.000000000000000000e+00
6.183608549130618712e+02,2.049596141450869311e+02,5.000000000000000000e+00,1.010338999999999899e-06,0.000000000000000000e+00
6.187987594494144332e+02,2.049591762405505904e+02,5.000000000000000000e+00,1.200605999999999945e-06,0.000000000000000000e+00
6.192225023211431107e+02,2.049587524976788586e+02,5.000000000000000000e+00,1.224179999999999941e-06,0.000000000000000000e+00
6.196556742765441186e+02,2.049583193257234655e+02,5.000000000000000000e+00,1.124120999999999905e-06,0.000000000000000000e+00
6.200865769993494041e+02,2.049578884230006395e+02,5.000000000000000000e+00,1.209133000000000058e-06,0.000000000000000000e+00
6.204942312230730295e+02,2.049574807687769180e+02,5.000000000000000000e+00,1.037595000000000100e-06,0.000000000000000000e+00
6.209088598637580390e+02,2.049570661401362486e+02,5.000000000000000000e+00,1.106323999999999921e-06,0.000000000000000000e+00
6.213333734579601924e+02,2.049566416265420514e+02,5.000000000000000000e+00,1.195788999999999962e-06,0.000000000000000000e+00
6.217185981557145169e+02,2.049562564018442856e+02,5.000000000000000000e+00,1.092252000000000058e-06,0.000000000000000000e+00
6.221647024003434581e+02,2.049558102975996690e+02,5.000000000000000000e+00,1.216235000000000011e-06,0.000000000000000000e+00
6.225636888551730408e+02,2.049554113111448430e+02,5.000000000000000000e+00,1.179927000000000028e-06,0.000000000000000000e+00
6.230103602282169959e+02,2.049549646397717879e+02,5.000000000000000000e+00,1.186680000000000088e-06,0.000000000000000000e+00
6.233859238588706830e+02,2.049545890761411329e+02,5.000000000000000000e+00,1.030085999999999924e-06,0.000000000000000000e+00
6.238160119786889481e+02,2.049541589880213053e+02,5.000000000000000000e+00,1.148072999999999960e-06,0.000000000000000000e+00
0.000000000000000000e+00,2.055779750000000092e+02,1.000000000000000000e+01,2.247191000000000149e-05,0.000000000000000000e+00
0.000000000000000000e+00,2.055779750000000092e+02,1.000000000000000000e+01,-1.999534999999999991e-06,0.000000000000000000e+00
0.000000000000000000e+00,2.055779750000000092e+02,1.000000000000000000e+01,-1.031134000000000053e-06,0.000000000000000000e+00
4.776781294891450230e-02,2.055779272321870508e+02,1.000000000000000000e+01,-4.289176999999999736e-07,0.000000000000000000e+00
1.992183084210883970e-01,2.055777757816915710e+02,1.000000000000000000e+01,2.325396000000000145e-08,0.000000000000000000e+00
3.983160773151531164e-01,2.055775766839227003e+02,1.000000000000000000e+01,3.681051999999999841e-07,0.000000000000000000e+00
6.315793536378373485e-01,2.055773434206463719e+02,1.000000000000000000e+01,6.317568000000000260e-07,0.000000000000000000e+00
8.944285028913132596e-01,2.055770805714971061e+02,1.000000000000000000e+01,7.186172000000000194e-07,0.000000000000000000e+00
1.204525638990017633e+00,2.055767704743610125e+02,1.000000000000000000e+01,7.643829999999999963e-07,0.000000000000000000e+00
1.533244966860823677e+00,2.055764417550331302e+02,1.000000000000000000e+01,6.884075000000000450e-07,0.000000000000000000e+00
1.931612361057067906e+00,2.055760433876389470e+02,1.000000000000000000e+01,8.927600000000000083e-07,0.000000000000000000e+00
2.362144131148166348e+00,2.055756128558688545e+02,1.000000000000000000e+01,1.070788000000000072e-06,0.000000000000000000e+00
2.738346616877721296e+00,2.055752366533831150e+02,1.000000000000000000e+01,1.097054000000000051e-06,0.000000000000000000e+00
3.175669518874262298e+00,2.055747993304811416e+02,1.000000000000000000e+01,1.087114999999999925e-06,0.000000000000000000e+00
3.595656007137574939e+00,2.055743793439928595e+02,1.000000000000000000e+01,1.182968999999999930e-06,0.000000000000000000e+00
4.017476124378131175e+00,2.055739575238756345e+02,1.000000000000000000e+01,1.185514999999999906e-06,0.000000000000000000e+00
4.436584973350652383e+00,2.055735384150266611e+02,1.000000000000000000e+01,1.290333000000000017e-06,0.000000000000000000e+00
4.841955606498245857e+00,2.055731330443935008e+02,1.000000000000000000e+01,1.349922999999999984e-06,0.000000000000000000e+00
5.241428259726740535e+00,2.055727335717402866e+02,1.000000000000000000e+01,1.417371000000000020e-06,0.000000000000000000e+00
5.672060727409945713e+00,2.055723029392725891e+02,1.000000000000000000e+01,1.308217000000000074e-06,0.000000000000000000e+00
6.099936460239986147e+00,2.055718750635397498e+02,1.000000000000000000e+01,1.313907000000000014e-06,0.000000000000000000e+00
6.544169287508674770e+00,2.055714308307125009e+02,1.000000000000000000e+01,1.290492999999999987e-06,0.000000000000000000e+00
6.929325656090737695e+00,2.055710456743439067e+02,1.000000000000000000e+01,1.321067000000000086e-06,0.000000000000000000e+00
7.356869857138312874e+00,2.055706181301428614e+02,1.000000000000000000e+01,1.335967999999999963e-06,0.000000000000000000e+00
7.772633522220161240e+00,2.055702023664777869e+02,1.000000000000000000e+01,1.307430999999999976e-06,0.000000000000000000e+00
8.199289244475288285e+00,2.055697757107555219e+02,1.000000000000000000e+01,1.351262000000000099e-06,0.000000000000000000e+00
8.636410168430607825e+00,2.055693385898315739e+02,1.000000000000000000e+01,1.305611999999999952e-06,0.000000000000000000e+00
9.063290239878016408e+00,2.055689117097601297e+02,1.000000000000000000e+01,1.317326999999999974e-06,0.000000000000000000e+00
9.461281830158771555e+00,2.055685137181698394e+02,1.000000000000000000e+01,1.239851999999999924e-06,0.000000000000000000e+00
9.890283849423489926e+00,2.055680847161505653e+02,1.000000000000000000e+01,1.325461000000000039e-06,0.000000000000000000e+00
1.029529701401804331e+01,2.055676797029859983e+02,1.000000000000000000e+01,1.301480000000000031e-06,0.000000000000000000e+00
1.069889914961592048e+01,2.055672761008503926e+02,1.000000000000000000e+01,1.308770000000000092e-06,0.000000000000000000e+00
1.113418954234781211e+01,2.055668408104576486e+02,1.000000000000000000e+01,1.301115999999999936e-06,0.000000000000000000e+00
1.154868605905810774e+01,2.055664263139409513e+02,1.000000000000000000e+01,1.133492000000000023e-06,0.000000000000000000e+00
1.195242575004638397e+01,2.055660225742499563e+02,1.000000000000000000e+01,1.168766000000000051e-06,0.000000000000000000e+00
1.238117067305343610e+01,2.055655938293269571e+02,1.000000000000000000e+01,1.203675999999999985e-06,0.000000000000000000e+00
1.280008808320971525e+01,2.055651749119167846e+02,1.000000000000000000e+01,1.185981000000000063e-06,0.000000000000000000e+00
1.318551703803430719e+01,2.055647894829619702e+02,1.000000000000000000e+01,1.235836000000000029e-06,0.000000000000000000e+00
1.362779608650969543e+01,2.055643472039134849e+02,1.000000000000000000e+01,1.284934000000000063e-06,0.000000000000000000e+00
1.404492564154681666e+01,2.055639300743584670e+02,1.000000000000000000e+01,1.277264999999999917e-06,0.000000000000000000e+00
1.445845794920349014e+01,2.055635165420507917e+02,1.000000000000000000e+01,1.336825999999999930e-06,0.000000000000000000e+00
1.487419451762398381e+01,2.055631008054823781e+02,1.000000000000000000e+01,1.444931999999999958e-06,0.000000000000000000e+00
1.530511651755112723e+01,2.055626698834824424e+02,1.000000000000000000e+01,1.417283999999999948e-06,0.000000000000000000e+00
1.569078900572965374e+01,2.055622842109942781e+02,1.000000000000000000e+01,1.310719999999999921e-06,0.000000000000000000e+00
1.613381134786612137e+01,2.055618411886521244e+02,1.000000000000000000e+01,1.284904999999999898e-06,0.000000000000000000e+00
1.653265540297709890e+01,2.055614423445970260e+02,1.000000000000000000e+01,1.398876000000000039e-06,0.000000000000000000e+00
1.696666538829128967e+01,2.055610083346116994e+02,1.000000000000000000e+01,1.342166999999999977e-06,0.000000000000000000e+00
1.738004269612744324e+01,2.055605949573038629e+02,1.000000000000000000e+01,1.236475999999999908e-06,0.000000000000000000e+00
1.776768343265479189e+01,2.055602073165673573e+02,1.000000000000000000e+01,1.293287000000000032e-06,0.000000000000000000e+00
1.821462795894940356e+01,2.055597603720410405e+02,1.000000000000000000e+01,1.379579999999999970e-06,0.000000000000000000e+00
1.863827577619695219e+01,2.055593367242238116e+02,1.000000000000000000e+01,1.315595000000000022e-06,0.000000000000000000e+00
1.907900677485198671e+01,2.055588959932251498e+02,1.000000000000000000e+01,1.354943000000000065e-06,0.000000000000000000e+00
1.951004048558295523e+01,2.055584649595144242e+02,1.000000000000000000e+01,1.331587999999999972e-06,0.000000000000000000e+00
1.990562059919759008e+01,2.055580693794007914e+02,1.000000000000000000e+01,1.366147999999999985e-06,0.000000000000000000e+00
2.032794513408434511e+01,2.055576470548659245e+02,1.000000000000000000e+01,1.382315999999999896e-06,0.000000000000000000e+00
2.074442800622844985e+01,2.055572305719937845e+02,1.000000000000000000e+01,1.383189000000000065e-06,0.000000000000000000e+00
2.116068843073375660e+01,2.055568143115692692e+02,1.000000000000000000e+01,1.352032999999999994e-06,0.000000000000000000e+00
2.158318538469345427e+01,2.055563918146152957e+02,1.000000000000000000e+01,1.367240000000000059e-06,0.000000000000000000e+00
2.199007629945370823e+01,2.055559849237005494e+02,1.000000000000000000e+01,1.389008999999999994e-06,0.000000000000000000e+00
2.241359785156950934e+01,2.055555614021484416e+02,1.000000000000000000e+01,1.368084000000000063e-06,0.000000000000000000e+00
2.283380565557823516e+01,2.055551411943444293e+02,1.000000000000000000e+01,1.279534999999999897e-06,0.000000000000000000e+00
2.322857240553435076e+01,2.055547464275944662e+02,1.000000000000000000e+01,1.229825999999999938e-06,0.000000000000000000e+00
2.365739038476719713e+01,2.055543176096152251e+02,1.000000000000000000e+01,1.263120999999999972e-06,0.000000000000000000e+00
2.408077195896946776e+01,2.055538942280410311e+02,1.000000000000000000e+01,1.334658000000000012e-06,0.000000000000000000e+00
2.449526667352294140e+01,2.055534797333264692e+02,1.000000000000000000e+01,1.352542000000000068e-06,0.000000000000000000e+00
2.491050851263020860e+01,2.055530644914873619e+02,1.000000000000000000e+01,1.299281999999999921e-06,0.000000000000000000e+00
2.531146350147109914e+01,2.055526635364985282e+02,1.000000000000000000e+01,1.361767999999999995e-06,0.000000000000000000e+00
2.573105452633861745e+01,2.055522439454736627e+02,1.000000000000000000e+01,1.337990000000000085e-06,0.000000000000000000e+00
2.616202563796057134e+01,2.055518129743620364e+02,1.000000000000000000e+01,1.381980999999999966e-06,0.000000000000000000e+00
2.656995062037258037e+01,2.055514050493796390e+02,1.000000000000000000e+01,1.385022000000000052e-06,0.000000000000000000e+00
2.700069432942247971e+01,2.055509743056705929e+02,1.000000000000000000e+01,1.354128000000000014e-06,0.000000000000000000e+00
2.741622943695496417e+01,2.055505587705630433e+02,1.000000000000000000e+01,1.447071999999999949e-06,0.000000000000000000e+00
2.785326259851673569e+01,2.055501217374014971e+02,1.000000000000000000e+01,1.458086999999999919e-06,0.000000000000000000e+00
2.823671708576199535e+01,2.055497382829142339e+02,1.000000000000000000e+01,1.420528999999999948e-06,0.000000000000000000e+00
2.866607159697252527e+01,2.055493089284030361e+02,1.000000000000000000e+01,1.437074000000000100e-06,0.000000000000000000e+00
2.910659116104869071e+01,2.055488684088389562e+02,1.000000000000000000e+01,1.455744000000000042e-06,0.000000000000000000e+00
2.952780373620177556e+01,2.055484471962637940e+02,1.000000000000000000e+01,1.400811000000000089e-06,0.000000000000000000e+00
2.992972668088456345e+01,2.055480452733191044e+02,1.000000000000000000e+01,1.493157000000000034e-06,0.000000000000000000e+00
3.036526557934636017e+01,2.055476097344206607e+02,1.000000000000000000e+01,1.477586999999999902e-06,0.000000000000000000e+00
3.074211375944493341e+01,2.055472328862405504e+02,1.000000000000000000e+01,1.448046999999999970e-06,0.000000000000000000e+00
3.117174683669486157e+01,2.055468032531633185e+02,1.000000000000000000e+01,1.441906000000000074e-06,0.000000000000000000e+00
3.161256124081009844e+01,2.055463624387591892e+02,1.000000000000000000e+01,1.467240999999999976e-06,0.000000000000000000e+00
3.201158404427586390e+01,2.055459634159557254e+02,1.000000000000000000e+01,1.448220999999999902e-06,0.000000000000000000e+00
3.243514739885495857e+01,2.055455398526011379e+02,1.000000000000000000e+01,1.381863999999999912e-06,0.000000000000000000e+00
3.284896679369347794e+01,2.055451260332063157e+02,1.000000000000000000e+01,1.370601000000000085e-06,0.000000000000000000e+00
3.325815296599764537e+01,2.055447168470340102e+02,1.000000000000000000e+01,1.359381999999999989e-06,0.000000000000000000e+00
3.367608364095335105e+01,2.055442989163590539e+02,1.000000000000000000e+01,1.312669999999999961e-06,0.000000000000000000e+00
3.409796463676844525e+01,2.055438770353632378e+02,1.000000000000000000e+01,1.282721999999999990e-06,0.000000000000000000e+00
3.451629667997805484e+01,2.055434587033200273e+02,1.000000000000000000e+01,1.316963000000000091e-06,0.000000000000000000e+00
3.494001453736969154e+01,2.055430349854626400e+02,1.000000000000000000e+01,1.306354999999999921e-06,0.000000000000000000e+00
3.532065249821083341e+01,2.055426543475017809e+02,1.000000000000000000e+01,1.215841999999999963e-06,0.000000000000000000e+00
3.576363843104407891e+01,2.055422113615689454e+02,1.000000000000000000e+01,1.315420000000000062e-06,0.000000000000000000e+00
3.618338255728465214e+01,2.055417916174427262e+02,1.000000000000000000e+01,1.341570000000000015e-06,0.000000000000000000e+00
3.658820237022901267e+01,2.055413867976297695e+02,1.000000000000000000e+01,1.261737999999999913e-06,0.000000000000000000e+00
3.702118707335576175e+01,2.055409538129266593e+02,1.000000000000000000e+01,1.277104999999999947e-06,0.000000000000000000e+00
3.742766346182040138e+01,2.055405473365381681e+02,1.000000000000000000e+01,1.310749000000000086e-06,0.000000000000000000e+00
3.785870279421396134e+01,2.055401162972057989e+02,1.000000000000000000e+01,1.305655999999999896e-06,0.000000000000000000e+00
3.827056645352134723e+01,2.055397044335464898e+02,1.000000000000000000e+01,1.257328999999999969e-06,0.000000000000000000e+00
3.869777967781392647e+01,2.055392772203221909e+02,1.000000000000000000e+01,1.344581999999999936e-06,0.000000000000000000e+00
3.912866286177776232e+01,2.055388463371382386e+02,1.000000000000000000e+01,1.289751000000000046e-06,0.000000000000000000e+00
3.952740737786260183e+01,2.055384475926221342e+02,1.000000000000000000e+01,1.247390000000000054e-06,0.000000000000000000e+00
3.997388408259337211e+01,2.055380011159174103e+02,1.000000000000000000e+01,1.267675999999999923e-06,0.000000000000000000e+00
4.038934827195377153e+01,2.055375856517280511e+02,1.000000000000000000e+01,1.300387999999999958e-06,0.000000000000000000e+00
4.080494626008588455e+01,2.055371700537399136e+02,1.000000000000000000e+01,1.287364000000000013e-06,0.000000000000000000e+00
4.120666543625628719e+01,2.055367683345637602e+02,1.000000000000000000e+01,1.330160999999999969e-06,0.000000000000000000e+00
4.163933439746261911e+01,2.055363356656025360e+02,1.000000000000000000e+01,1.356369000000000040e-06,0.000000000000000000e+00
4.203064225474352611e+01,2.055359443577452510e+02,1.000000000000000000e+01,1.268810999999999912e-06,0.000000000000000000e+00
4.246481343971161238e+01,2.055355101865602876e+02,1.000000000000000000e+01,1.132589999999999900e-06,0.000000000000000000e+00
4.289212589717776325e+01,2.055350828741028124e+02,1.000000000000000000e+01,1.127598999999999984e-06,0.000000000000000000e+00
4.326763593808311725e+01,2.055347073640619158e+02,1.000000000000000000e+01,1.154577999999999951e-06,0.000000000000000000e+00
4.371446014112932232e+01,2.055342605398588773e+02,1.000000000000000000e+01,1.165622999999999902e-06,0.000000000000000000e+00
4.413612753815875323e+01,2.055338388724618426e+02,1.000000000000000000e+01,1.130800000000000041e-06,0.000000000000000000e+00
4.454515042085402854e+01,2.055334298495791359e+02,1.000000000000000000e+01,1.138090999999999917e-06,0.000000000000000000e+00
4.497053128244274944e+01,2.055330044687175644e+02,1.000000000000000000e+01,1.146036000000000059e-06,0.000000000000000000e+00
4.538418295643121780e+01,2.055325908170435696e+02,1.000000000000000000e+01,1.105829000000000022e-06,0.000000000000000000e+00
4.579661900522435758e+01,2.055321783809947647e+02,1.000000000000000000e+01,1.214328000000000099e-06,0.000000000000000000e+00
4.622058174389313479e+01,2.055317544182560994e+02,1.000000000000000000e+01,1.160907999999999982e-06,0.000000000000000000e+00
4.665418118193056074e+01,2.055313208188180738e+02,1.000000000000000000e+01,1.123291000000000076e-06,0.000000000000000000e+00
4.706235765950987116e+01,2.055309126423404962e+02,1.000000000000000000e+01,1.237509000000000047e-06,0.000000000000000000e+00
4.749148349024597593e+01,2.055304835165097472e+02,1.000000000000000000e+01,1.125939999999999930e-06,0.000000000000000000e+00
4.789519046631877330e+01,2.055300798095336745e+02,1.000000000000000000e+01,1.181077000000000008e-06,0.000000000000000000e+00
4.833188240896966192e+01,2.055296431175910357e+02,1.000000000000000000e+01,1.205713000000000098e-06,0.000000000000000000e+00
4.871735250885905799e+01,2.055292576474911357e+02,1.000000000000000000e+01,1.260836000000000002e-06,0.000000000000000000e+00
4.916290022910852286e+01,2.055288120997709029e+02,1.000000000000000000e+01,1.189982999999999996e-06,0.000000000000000000e+00
4.959285028348772784e+01,2.055283821497165206e+02,1.000000000000000000e+01,1.256980000000000076e-06,0.000000000000000000e+00
4.998534131138624304e+01,2.055279896586886252e+02,1.000000000000000000e+01,1.298613000000000089e-06,0.000000000000000000e+00
5.042708563812755784e+01,2.055275479143618611e+02,1.000000000000000000e+01,1.146502000000000005e-06,0.000000000000000000e+00
5.083292114830984332e+01,2.055271420788516821e+02,1.000000000000000000e+01,1.212290999999999986e-06,0.000000000000000000e+00
5.123322177783560960e+01,2.055267417782221742e+02,1.000000000000000000e+01,1.281674000000000072e-06,0.000000000000000000e+00
5.166418969257460247e+01,2.055263108103074217e+02,1.000000000000000000e+01,1.242734000000000069e-06,0.000000000000000000e+00
5.208699957648649104e+01,2.055258880004235209e+02,1.000000000000000000e+01,1.242529999999999943e-06,0.000000000000000000e+00
5.250297022437163008e+01,2.055254720297756421e+02,1.000000000000000000e+01,1.290420000000000090e-06,0.000000000000000000e+00
5.291948359403080104e+01,2.055250555164059847e+02,1.000000000000000000e+01,1.235748999999999957e-06,0.000000000000000000e+00
5.330708588798473357e+01,2.055246679141120296e+02,1.000000000000000000e+01,1.304885000000000001e-06,0.000000000000000000e+00
5.372763204163865680e+01,2.055242473679583668e+02,1.000000000000000000e+01,1.350054000000000000e-06,0.000000000000000000e+00
5.414494821191578922e+01,2.055238300517880816e+02,1.000000000000000000e+01,1.185574000000000052e-06,0.000000000000000000e+00
5.457287497201745907e+01,2.055234021250279852e+02,1.000000000000000000e+01,1.262786000000000042e-06,0.000000000000000000e+00
5.499671790109496783e+01,2.055229782820989044e+02,1.000000000000000000e+01,1.209570000000000051e-06,0.000000000000000000e+00
5.543923459803323794e+01,2.055225357654019831e+02,1.000000000000000000e+01,1.310443999999999925e-06,0.000000000000000000e+00
5.582689706785411232e+01,2.055221481029321353e+02,1.000000000000000000e+01,1.241525999999999970e-06,0.000000000000000000e+00
5.624345077226691814e+01,2.055217315492277237e+02,1.000000000000000000e+01,1.313922000000000005e-06,0.000000000000000000e+00
5.665978221195555165e+01,2.055213152177880431e+02,1.000000000000000000e+01,1.337758000000000034e-06,0.000000000000000000e+00
5.708227686120748956e+01,2.055208927231387861e+02,1.000000000000000000e+01,1.297332000000000092e-06,0.000000000000000000e+00
5.751313091893298690e+01,2.055204618690810605e+02,1.000000000000000000e+01,1.243141000000000080e-06,0.000000000000000000e+00
5.791334205415204650e+01,2.055200616579458597e+02,1.000000000000000000e+01,1.314707000000000074e-06,0.000000000000000000e+00
5.831876042091870715e+01,2.055196562395790920e+02,1.000000000000000000e+01,1.303356999999999963e-06,0.000000000000000000e+00
5.876072177637825433e+01,2.055192142782236147e+02,1.000000000000000000e+01,1.211229000000000105e-06,0.000000000000000000e+00
5.918476482015316265e+01,2.055187902351798357e+02,1.000000000000000000e+01,1.341089999999999894e-06,0.000000000000000000e+00
5.962166653128321059e+01,2.055183533334687240e+02,1.000000000000000000e+01,1.338034000000000029e-06,0.000000000000000000e+00
6.005263764290516093e+01,2.055179223623570977e+02,1.000000000000000000e+01,1.334526999999999996e-06,0.000000000000000000e+00
6.045706905183806867e+01,2.055175179309481734e+02,1.000000000000000000e+01,1.310981999999999953e-06,0.000000000000000000e+00
6.086779080319134749e+01,2.055171072091968085e+02,1.000000000000000000e+01,1.503838999999999918e-06,0.000000000000000000e+00
6.129956699893734395e+01,2.055166754330010690e+02,1.000000000000000000e+01,1.433727000000000037e-06,0.000000000000000000e+00
6.168501837102580510e+01,2.055162899816289723e+02,1.000000000000000000e+01,1.328603999999999977e-06,0.000000000000000000e+00
6.212716501405090952e+01,2.055158478349859479e+02,1.000000000000000000e+01,1.272753999999999910e-06,0.000000000000000000e+00
6.252375617730743329e+01,2.055154512438226959e+02,1.000000000000000000e+01,1.394858999999999904e-06,0.000000000000000000e+00
6.294429910377183290e+01,2.055150307008962329e+02,1.000000000000000000e+01,1.411637999999999951e-06,0.000000000000000000e+00
6.336262706710041925e+01,2.055146123729329020e+02,1.000000000000000000e+01,1.380306999999999920e-06,0.000000000000000000e+00
6.377268562360742976e+01,2.055142023143764050e+02,1.000000000000000000e+01,1.338222999999999952e-06,0.000000000000000000e+00
6.419619868587786016e+01,2.055137788013141176e+02,1.000000000000000000e+01,1.353356999999999907e-06,0.000000000000000000e+00
6.459501472077100459e+01,2.055133799852792436e+02,1.000000000000000000e+01,1.429347000000000047e-06,0.000000000000000000e+00
6.503964364390274966e+01,2.055129353563561097e+02,1.000000000000000000e+01,1.328240999999999909e-06,0.000000000000000000e+00
6.546405106064460711e+01,2.055125109489393651e+02,1.000000000000000000e+01,1.494641999999999945e-06,0.000000000000000000e+00
6.585174240962705028e+01,2.055121232575903889e+02,1.000000000000000000e+01,1.468069999999999990e-06,0.000000000000000000e+00
6.626698424873433169e+01,2.055117080157512817e+02,1.000000000000000000e+01,1.358232000000000009e-06,0.000000000000000000e+00
6.671379902213740820e+01,2.055112612009778559e+02,1.000000000000000000e+01,1.340900999999999971e-06,0.000000000000000000e+00
6.713786889160306259e+01,2.055108371311083886e+02,1.000000000000000000e+01,1.468419000000000094e-06,0.000000000000000000e+00
6.753685951467150517e+01,2.055104381404853200e+02,1.000000000000000000e+01,1.342007000000000008e-06,0.000000000000000000e+00
6.798462038455217282e+01,2.055099903796154592e+02,1.000000000000000000e+01,1.358771000000000064e-06,0.000000000000000000e+00
6.839999854190743633e+01,2.055095750014581029e+02,1.000000000000000000e+01,1.341729999999999985e-06,0.000000000000000000e+00
6.880903779536726006e+01,2.055091659622046336e+02,1.000000000000000000e+01,1.423119000000000079e-06,0.000000000000000000e+00
6.921168655010734483e+01,2.055087633134498901e+02,1.000000000000000000e+01,1.390012999999999968e-06,0.000000000000000000e+00
6.964247882958143521e+01,2.055083325211704164e+02,1.000000000000000000e+01,1.314736000000000028e-06,0.000000000000000000e+00
7.006711407101109046e+01,2.055079078859290007e+02,1.000000000000000000e+01,1.347187000000000058e-06,0.000000000000000000e+00
7.047723213147082788e+01,2.055074977678685286e+02,1.000000000000000000e+01,1.480570000000000082e-06,0.000000000000000000e+00
7.090317314732824627e+01,2.055070718268526662e+02,1.000000000000000000e+01,1.458392999999999896e-06,0.000000000000000000e+00
7.128023559923663299e+01,2.055066947644007769e+02,1.000000000000000000e+01,1.335720000000000105e-06,0.000000000000000000e+00
7.172603062779712957e+01,2.055062489693721943e+02,1.000000000000000000e+01,1.304274000000000076e-06,0.000000000000000000e+00
7.214560328696101976e+01,2.055058293967130396e+02,1.000000000000000000e+01,1.518958000000000094e-06,0.000000000000000000e+00
7.254874627671755150e+01,2.055054262537232717e+02,1.000000000000000000e+01,1.433785999999999972e-06,0.000000000000000000e+00
7.299703872303655317e+01,2.055049779612769782e+02,1.000000000000000000e+01,1.426436999999999977e-06,0.000000000000000000e+00
7.339595206145185102e+01,2.055045790479385630e+02,1.000000000000000000e+01,1.326261999999999915e-06,0.000000000000000000e+00
7.379979284819890495e+01,2.055041752071518033e+02,1.000000000000000000e+01,1.392094000000000025e-06,0.000000000000000000e+00
7.422144243764910243e+01,2.055037535575623622e+02,1.000000000000000000e+01,1.323990999999999908e-06,0.000000000000000000e+00
7.463969189018547468e+01,2.055033353081098255e+02,1.000000000000000000e+01,1.084627000000000068e-06,0.000000000000000000e+00
7.506079395614929695e+01,2.055029142060438403e+02,1.000000000000000000e+01,1.300054000000000055e-06,0.000000000000000000e+00
7.548987308863443957e+01,2.055024851269113810e+02,1.000000000000000000e+01,1.352571000000000022e-06,0.000000000000000000e+00
7.589975609698547032e+01,2.055020752439030218e+02,1.000000000000000000e+01,1.288063000000000038e-06,0.000000000000000000e+00
7.629263906827820563e+01,2.055016823609317100e+02,1.000000000000000000e+01,1.306615999999999926e-06,0.000000000000000000e+00
7.673713859548176686e+01,2.055012378614045190e+02,1.000000000000000000e+01,1.429288999999999928e-06,0.000000000000000000e+00
7.715488025859292520e+01,2.055008201197414053e+02,1.000000000000000000e+01,1.418884000000000068e-06,0.000000000000000000e+00
7.755952368520240725e+01,2.055004154763147994e+02,1.000000000000000000e+01,1.426131000000000000e-06,0.000000000000000000e+00
7.800744209655172767e+01,2.054999675579034601e+02,1.000000000000000000e+01,1.676176999999999935e-06,0.000000000000000000e+00
7.840700942866003231e+01,2.054995679905713359e+02,1.000000000000000000e+01,1.659588000000000051e-06,0.000000000000000000e+00
7.883092740074906146e+01,2.054991440725992504e+02,1.000000000000000000e+01,1.500390000000000004e-06,0.000000000000000000e+00
7.923183126335878512e+01,2.054987431687366382e+02,1.000000000000000000e+01,1.398074999999999951e-06,0.000000000000000000e+00
7.967903253875331870e+01,2.054982959674612459e+02,1.000000000000000000e+01,1.496445999999999979e-06,0.000000000000000000e+00
8.011636441664678898e+01,2.054978586355833556e+02,1.000000000000000000e+01,1.455715000000000088e-06,0.000000000000000000e+00
8.050202388816794041e+01,2.054974729761118226e+02,1.000000000000000000e+01,1.339226999999999926e-06,0.000000000000000000e+00
8.094523475707052285e+01,2.054970297652429281e+02,1.000000000000000000e+01,1.429696999999999968e-06,0.000000000000000000e+00
8.136061556508600745e+01,2.054966143844349062e+02,1.000000000000000000e+01,1.417182000000000097e-06,0.000000000000000000e+00
8.174862171274079969e+01,2.054962263782872753e+02,1.000000000000000000e+01,1.429419999999999945e-06,0.000000000000000000e+00
8.217946752280367662e+01,2.054957955324771888e+02,1.000000000000000000e+01,1.259512000000000088e-06,0.000000000000000000e+00
8.258775634933095944e+01,2.054953872436506686e+02,1.000000000000000000e+01,1.423556000000000072e-06,0.000000000000000000e+00
8.302072532340942246e+01,2.054949542746765871e+02,1.000000000000000000e+01,1.487569999999999972e-06,0.000000000000000000e+00
8.342698970888272925e+01,2.054945480102911120e+02,1.000000000000000000e+01,1.350185000000000016e-06,0.000000000000000000e+00
8.382592129223102972e+01,2.054941490787077782e+02,1.000000000000000000e+01,1.258303999999999989e-06,0.000000000000000000e+00
8.426690331353323415e+01,2.054937080966864755e+02,1.000000000000000000e+01,1.251479000000000059e-06,0.000000000000000000e+00
8.465910048657137565e+01,2.054933158995134193e+02,1.000000000000000000e+01,1.248365000000000075e-06,0.000000000000000000e+00
8.508973269744029722e+01,2.054928852673025688e+02,1.000000000000000000e+01,1.143605999999999897e-06,0.000000000000000000e+00
8.553525113955454628e+01,2.054924397488604484e+02,1.000000000000000000e+01,1.019682000000000091e-06,0.000000000000000000e+00
8.592052027516807300e+01,2.054920544797248283e+02,1.000000000000000000e+01,1.031149000000000044e-06,0.000000000000000000e+00
8.634579009791396231e+01,2.054916292099021007e+02,1.000000000000000000e+01,8.388305999999999542e-07,0.000000000000000000e+00
8.676105973080287015e+01,2.054912139402692048e+02,1.000000000000000000e+01,7.384369000000000179e-07,0.000000000000000000e+00
8.718976979584047626e+01,2.054907852302041533e+02,1.000000000000000000e+01,9.043724000000000150e-07,0.000000000000000000e+00
8.759769265961138274e+01,2.054903773073403954e+02,1.000000000000000000e+01,9.439391000000000380e-07,0.000000000000000000e+00
8.803135148300293622e+01,2.054899436485169986e+02,1.000000000000000000e+01,8.647621000000000167e-07,0.000000000000000000e+00
8.845502420268142885e+01,2.054895199757973216e+02,1.000000000000000000e+01,7.851339999999999947e-07,0.000000000000000000e+00
8.889299271715218254e+01,2.054890820072828603e+02,1.000000000000000000e+01,7.941417000000000152e-07,0.000000000000000000e+00
8.928105507543868669e+01,2.054886939449245631e+02,1.000000000000000000e+01,7.517373999999999721e-07,0.000000000000000000e+00
8.970617977315608016e+01,2.054882688202268355e+02,1.000000000000000000e+01,5.585462000000000149e-07,0.000000000000000000e+00
9.013724184580685517e+01,2.054878377581541997e+02,1.000000000000000000e+01,6.324698999999999531e-07,0.000000000000000000e+00
9.054543527495120259e+01,2.054874295647250619e+02,1.000000000000000000e+01,1.031235999999999904e-06,0.000000000000000000e+00
9.097097408815967867e+01,2.054870040259118298e+02,1.000000000000000000e+01,7.844645999999999821e-07,0.000000000000000000e+00
9.138415388328164113e+01,2.054865908461167123e+02,1.000000000000000000e+01,7.171766000000000217e-07,0.000000000000000000e+00
9.177353965945715686e+01,2.054862014603405385e+02,1.000000000000000000e+01,1.081804000000000070e-06,0.000000000000000000e+00
9.222019886085068663e+01,2.054857548011391657e+02,1.000000000000000000e+01,1.123218999999999994e-06,0.000000000000000000e+00
9.261892208573678431e+01,2.054853560779142754e+02,1.000000000000000000e+01,8.529022999999999994e-07,0.000000000000000000e+00
9.305651168511450066e+01,2.054849184883148894e+02,1.000000000000000000e+01,6.041081999999999567e-07,0.000000000000000000e+00
9.344162639795796110e+01,2.054845333736020336e+02,1.000000000000000000e+01,8.882488999999999567e-07,0.000000000000000000e+00
9.387849074300254415e+01,2.054840965092570002e+02,1.000000000000000000e+01,9.303620999999999688e-07,0.000000000000000000e+00
9.428933820888401840e+01,2.054836856617911280e+02,1.000000000000000000e+01,7.404596999999999716e-07,0.000000000000000000e+00
9.469371002081888378e+01,2.054832812899791747e+02,1.000000000000000000e+01,5.849578999999999708e-07,0.000000000000000000e+00
9.512427058706165894e+01,2.054828507294129452e+02,1.000000000000000000e+01,8.353963000000000013e-07,0.000000000000000000e+00
9.555026291871260469e+01,2.054824247370812884e+02,1.000000000000000000e+01,7.995404000000000462e-07,0.000000000000000000e+00
9.595448099408912412e+01,2.054820205190059141e+02,1.000000000000000000e+01,6.563787000000000011e-07,0.000000000000000000e+00
9.638264483942842276e+01,2.054815923551605863e+02,1.000000000000000000e+01,5.925685000000000297e-07,0.000000000000000000e+00
9.675746409605852705e+01,2.054812175359039372e+02,1.000000000000000000e+01,6.667688000000000221e-07,0.000000000000000000e+00
9.720563623712395440e+01,2.054807693637628745e+02,1.000000000000000000e+01,7.333291999999999727e-07,0.000000000000000000e+00
9.764068056437726284e+01,2.054803343194356273e+02,1.000000000000000000e+01,4.755419999999999843e-07,0.000000000000000000e+00
9.802839057801949707e+01,2.054799466094219724e+02,1.000000000000000000e+01,3.853492999999999948e-07,0.000000000000000000e+00
9.847481566750602155e+01,2.054795001843324940e+02,1.000000000000000000e+01,4.557804999999999830e-07,0.000000000000000000e+00
9.889008821374045510e+01,2.054790849117862592e+02,1.000000000000000000e+01,4.510947999999999929e-07,0.000000000000000000e+00
9.930513555893334399e+01,2.054786698644410592e+02,1.000000000000000000e+01,4.050088999999999785e-07,0.000000000000000000e+00
9.974826111061766198e+01,2.054782267388893899e+02,1.000000000000000000e+01,3.569438999999999779e-07,0.000000000000000000e+00
1.001640427417302845e+02,2.054778109572582707e+02,1.000000000000000000e+01,3.444728999999999982e-07,0.000000000000000000e+00
1.005707684897180201e+02,2.054774042315102918e+02,1.000000000000000000e+01,4.075264000000000141e-07,0.000000000000000000e+00
1.010175828101754405e+02,2.054769574171898228e+02,1.000000000000000000e+01,4.892062999999999963e-07,0.000000000000000000e+00
1.014179293164121987e+02,2.054765570706835831e+02,1.000000000000000000e+01,4.551694000000000127e-07,0.000000000000000000e+00
1.018239385984573175e+02,2.054761510614015378e+02,1.000000000000000000e+01,3.621243999999999892e-07,0.000000000000000000e+00
1.022408843200416015e+02,2.054757341156799555e+02,1.000000000000000000e+01,3.657914999999999837e-07,0.000000000000000000e+00
1.026488484812838777e+02,2.054753261515187148e+02,1.000000000000000000e+01,3.445310999999999953e-07,0.000000000000000000e+00
1.030873518137404403e+02,2.054748876481862681e+02,1.000000000000000000e+01,3.443419999999999741e-07,0.000000000000000000e+00
1.034877413472707133e+02,2.054744872586527435e+02,1.000000000000000000e+01,3.663880999999999772e-07,0.000000000000000000e+00
1.039004257318101168e+02,2.054740745742682009e+02,1.000000000000000000e+01,3.334426000000000082e-07,0.000000000000000000e+00
1.043268366819197155e+02,2.054736481633180745e+02,1.000000000000000000e+01,2.985906999999999739e-07,0.000000000000000000e+00
1.047330932689536809e+02,2.054732419067310616e+02,1.000000000000000000e+01,5.213806000000000332e-07,0.000000000000000000e+00
1.051566791308915612e+02,2.054728183208691235e+02,1.000000000000000000e+01,6.476765999999999883e-07,0.000000000000000000e+00
1.055558776583969660e+02,2.054724191223415914e+02,1.000000000000000000e+01,4.053290000000000159e-07,0.000000000000000000e+00
1.059798910569431598e+02,2.054719951089430481e+02,1.000000000000000000e+01,3.251043000000000003e-07,0.000000000000000000e+00
1.064205936425371846e+02,2.054715544063574555e+02,1.000000000000000000e+01,3.156456000000000243e-07,0.000000000000000000e+00
1.068358375577407173e+02,2.054711391624422561e+02,1.000000000000000000e+01,3.368768000000000219e-07,0.000000000000000000e+00
1.072300363764462787e+02,2.054707449636235594e+02,1.000000000000000000e+01,3.455643000000000128e-07,0.000000000000000000e+00
1.076590985954198345e+02,2.054703159014045752e+02,1.000000000000000000e+01,3.324966999999999865e-07,0.000000000000000000e+00
1.080988555589589595e+02,2.054698761444410309e+02,1.000000000000000000e+01,2.971646999999999981e-07,0.000000000000000000e+00
1.085225174237935022e+02,2.054694524825762016e+02,1.000000000000000000e+01,2.960296000000000159e-07,0.000000000000000000e+00
1.089283537106918374e+02,2.054690466462893141e+02,1.000000000000000000e+01,3.977328999999999867e-07,0.000000000000000000e+00
1.093553429681660418e+02,2.054686196570318373e+02,1.000000000000000000e+01,6.246845999999999635e-07,0.000000000000000000e+00
1.097709117060990849e+02,2.054682040882939020e+02,1.000000000000000000e+01,7.089984000000000286e-07,0.000000000000000000e+00
1.101813859547144432e+02,2.054677936140452914e+02,1.000000000000000000e+01,4.671747000000000229e-07,0.000000000000000000e+00
1.106058691477521592e+02,2.054673691308522621e+02,1.000000000000000000e+01,3.687019000000000227e-07,1.000000000000000000e+00
1.110369767009173643e+02,2.054669380232990932e+02,1.000000000000000000e+01,4.502363000000000120e-07,1.000000000000000000e+00
1.114397669352799625e+02,2.054665352330647181e+02,1.000000000000000000e+01,8.506030999999999757e-07,1.000000000000000000e+00
1.118488719098788806e+02,2.054661261280901101e+02,1.000000000000000000e+01,7.501221000000000436e-07,1.000000000000000000e+00
1.122397723393038405e+02,2.054657352276607014e+02,1.000000000000000000e+01,6.296177000000000171e-07,1.000000000000000000e+00
1.126695353386393776e+02,2.054653054646613555e+02,1.000000000000000000e+01,5.687180000000000240e-07,1.000000000000000000e+00
1.131103098231785822e+02,2.054648646901768245e+02,1.000000000000000000e+01,7.435591999999999790e-07,1.000000000000000000e+00
1.135093055742741939e+02,2.054644656944257406e+02,1.000000000000000000e+01,1.348322000000000048e-06,1.000000000000000000e+00
1.139332942167938825e+02,2.054640417057832167e+02,1.000000000000000000e+01,1.239387000000000006e-06,1.000000000000000000e+00
1.143475549292793545e+02,2.054636274450707276e+02,1.000000000000000000e+01,1.275024000000000102e-06,1.000000000000000000e+00
1.147566699083415216e+02,2.054632183300916495e+02,1.000000000000000000e+01,9.047071000000000213e-07,1.000000000000000000e+00
1.151861099194552196e+02,2.054627888900805601e+02,1.000000000000000000e+01,1.036809000000000003e-06,1.000000000000000000e+00
1.156168308882479181e+02,2.054623581691117522e+02,1.000000000000000000e+01,1.498920000000000084e-06,1.000000000000000000e+00
1.160236934836515843e+02,2.054619513065163403e+02,1.000000000000000000e+01,1.374006000000000055e-06,1.000000000000000000e+00
1.164454435726137831e+02,2.054615295564273936e+02,1.000000000000000000e+01,1.205145999999999905e-06,1.000000000000000000e+00
1.168498357716548810e+02,2.054611251642283491e+02,1.000000000000000000e+01,6.646441999999999900e-07,1.000000000000000000e+00
1.172488036750379621e+02,2.054607261963249698e+02,1.000000000000000000e+01,1.341716000000000022e-06,1.000000000000000000e+00
1.176976526653784845e+02,2.054602773473346247e+02,1.000000000000000000e+01,1.391265000000000011e-06,1.000000000000000000e+00
1.181215677374046038e+02,2.054598534322626051e+02,1.000000000000000000e+01,1.523498000000000054e-06,1.000000000000000000e+00
1.185204424050156007e+02,2.054594545575949951e+02,1.000000000000000000e+01,1.340566000000000041e-06,1.000000000000000000e+00
1.189659179071013568e+02,2.054590090820929049e+02,1.000000000000000000e+01,8.387287000000000424e-07,1.000000000000000000e+00
1.193814436184165260e+02,2.054585935563815724e+02,1.000000000000000000e+01,1.308086000000000057e-06,1.000000000000000000e+00
1.197968509783715234e+02,2.054581781490216201e+02,1.000000000000000000e+01,1.597029000000000079e-06,1.000000000000000000e+00
1.202409794336696933e+02,2.054577340205663347e+02,1.000000000000000000e+01,1.484614999999999930e-06,1.000000000000000000e+00
1.206269939656488646e+02,2.054573480060343513e+02,1.000000000000000000e+01,1.261694999999999996e-06,1.000000000000000000e+00
1.210637337745652360e+02,2.054569112662254327e+02,1.000000000000000000e+01,9.642680999999999285e-07,1.000000000000000000e+00
1.214658465925829631e+02,2.054565091534074099e+02,1.000000000000000000e+01,1.531457999999999975e-06,1.000000000000000000e+00
1.218865000432262207e+02,2.054560884999567634e+02,1.000000000000000000e+01,1.530250000000000087e-06,1.000000000000000000e+00
1.223047889078093959e+02,2.054556702110921833e+02,1.000000000000000000e+01,1.415057000000000096e-06,1.000000000000000000e+00
1.227093053835877754e+02,2.054552656946164007e+02,1.000000000000000000e+01,1.415988999999999988e-06,1.000000000000000000e+00
1.231438646221644007e+02,2.054548311353778445e+02,1.000000000000000000e+01,1.157415999999999940e-06,1.000000000000000000e+00
1.235321397605858778e+02,2.054544428602394248e+02,1.000000000000000000e+01,1.446780999999999964e-06,1.000000000000000000e+00
1.239786817668451562e+02,2.054539963182331519e+02,1.000000000000000000e+01,1.483306000000000008e-06,1.000000000000000000e+00
1.243941954822805940e+02,2.054535808045177134e+02,1.000000000000000000e+01,1.468084999999999980e-06,1.000000000000000000e+00
1.247818811575794342e+02,2.054531931188424210e+02,1.000000000000000000e+01,1.452164999999999928e-06,1.000000000000000000e+00
1.252069463561049645e+02,2.054527680536438936e+02,1.000000000000000000e+01,9.896320999999999960e-07,1.000000000000000000e+00
1.256150942530849619e+02,2.054523599057469312e+02,1.000000000000000000e+01,1.300155000000000090e-06,1.000000000000000000e+00
1.260506469967317997e+02,2.054519243530032782e+02,1.000000000000000000e+01,1.420471000000000041e-06,1.000000000000000000e+00
1.264749348179389159e+02,2.054515000651820742e+02,1.000000000000000000e+01,1.353430000000000017e-06,1.000000000000000000e+00
1.269155307318366397e+02,2.054510594692681593e+02,1.000000000000000000e+01,1.340100000000000095e-06,1.000000000000000000e+00
1.273232221689965940e+02,2.054506517778310126e+02,1.000000000000000000e+01,1.192805999999999994e-06,1.000000000000000000e+00
1.277247216825486333e+02,2.054502502783174407e+02,1.000000000000000000e+01,1.334047000000000087e-06,1.000000000000000000e+00
1.281552553075838716e+02,2.054498197446924053e+02,1.000000000000000000e+01,1.281704000000000053e-06,1.000000000000000000e+00
1.285947492094754239e+02,2.054493802507905400e+02,1.000000000000000000e+01,1.030567000000000072e-06,1.000000000000000000e+00
1.289942598056904899e+02,2.054489807401943153e+02,1.000000000000000000e+01,7.254274999999999887e-07,1.000000000000000000e+00
1.294085037979166088e+02,2.054485664962020905e+02,1.000000000000000000e+01,3.895838999999999843e-07,1.000000000000000000e+00
1.298413524433311466e+02,2.054481336475566593e+02,1.000000000000000000e+01,2.135929999999999989e-07,1.000000000000000000e+00
1.302211411814007249e+02,2.054477538588186007e+02,1.000000000000000000e+01,1.591397000000000046e-07,1.000000000000000000e+00
1.306640588057251762e+02,2.054473109411942744e+02,1.000000000000000000e+01,9.767246000000000374e-08,1.000000000000000000e+00
1.311027955783218601e+02,2.054468722044216804e+02,1.000000000000000000e+01,1.125736000000000043e-07,1.000000000000000000e+00
1.314878615120364316e+02,2.054464871384879530e+02,1.000000000000000000e+01,1.176521999999999979e-07,1.000000000000000000e+00
1.319285440988178095e+02,2.054460464559011825e+02,1.000000000000000000e+01,7.857452000000000101e-07,1.000000000000000000e+00
1.323160582788983959e+02,2.054456589417210921e+02,1.000000000000000000e+01,1.379347000000000102e-06,1.000000000000000000e+00
1.327345409884842979e+02,2.054452404590115293e+02,1.000000000000000000e+01,1.558713999999999964e-06,0.000000000000000000e+00
1.331655557492951800e+02,2.054448094442506942e+02,1.000000000000000000e+01,1.516411000000000091e-06,0.000000000000000000e+00
1.335733877718499230e+02,2.054444016122281482e+02,1.000000000000000000e+01,1.531646999999999898e-06,0.000000000000000000e+00
1.340041580513109807e+02,2.054439708419486976e+02,1.000000000000000000e+01,1.519293000000000024e-06,0.000000000000000000e+00
1.344035125942748152e+02,2.054435714874057339e+02,1.000000000000000000e+01,1.440275999999999973e-06,0.000000000000000000e+00
1.348081141501841955e+02,2.054431668858498199e+02,1.000000000000000000e+01,1.666688999999999976e-06,0.000000000000000000e+00
1.352514124411694638e+02,2.054427235875588451e+02,1.000000000000000000e+01,1.678693999999999957e-06,0.000000000000000000e+00
1.356669108374219661e+02,2.054423080891625943e+02,1.000000000000000000e+01,1.639199999999999908e-06,0.000000000000000000e+00
1.360742358061068558e+02,2.054419007641938890e+02,1.000000000000000000e+01,1.569933000000000059e-06,0.000000000000000000e+00
1.365210000935134644e+02,2.054414539999064857e+02,1.000000000000000000e+01,1.577237999999999899e-06,0.000000000000000000e+00
1.369220675573367600e+02,2.054410529324426591e+02,1.000000000000000000e+01,1.562700999999999906e-06,0.000000000000000000e+00
1.373284786975560507e+02,2.054406465213024546e+02,1.000000000000000000e+01,1.631895000000000069e-06,0.000000000000000000e+00
1.377449797030643595e+02,2.054402300202969514e+02,1.000000000000000000e+01,1.775465000000000076e-06,0.000000000000000000e+00
1.381612671101127319e+02,2.054398137328898883e+02,1.000000000000000000e+01,1.590931999999999915e-06,0.000000000000000000e+00
1.385838530568410931e+02,2.054393911469431657e+02,1.000000000000000000e+01,1.497289999999999983e-06,0.000000000000000000e+00
1.390158309706106934e+02,2.054389591690294026e+02,1.000000000000000000e+01,1.492590000000000053e-06,0.000000000000000000e+00
1.394609376855832465e+02,2.054385140623144252e+02,1.000000000000000000e+01,1.657056000000000038e-06,0.000000000000000000e+00
1.398765441980597188e+02,2.054380984558019350e+02,1.000000000000000000e+01,1.662352999999999930e-06,0.000000000000000000e+00
1.402878294440229752e+02,2.054376871705559893e+02,1.000000000000000000e+01,1.471605999999999976e-06,0.000000000000000000e+00
1.406922243504586731e+02,2.054372827756495496e+02,1.000000000000000000e+01,1.515537999999999922e-06,0.000000000000000000e+00
1.411232409425950323e+02,2.054368517590574186e+02,1.000000000000000000e+01,1.543260000000000069e-06,0.000000000000000000e+00
1.415496118986918930e+02,2.054364253881012985e+02,1.000000000000000000e+01,1.558103000000000039e-06,0.000000000000000000e+00
1.419538074274809389e+02,2.054360211925725253e+02,1.000000000000000000e+01,1.547726999999999920e-06,0.000000000000000000e+00
1.423576682550633450e+02,2.054356173317449361e+02,1.000000000000000000e+01,1.449938000000000076e-06,0.000000000000000000e+00
1.427569280903308027e+02,2.054352180719096737e+02,1.000000000000000000e+01,1.563952999999999949e-06,0.000000000000000000e+00
1.431862021855088756e+02,2.054347887978144911e+02,1.000000000000000000e+01,1.626467999999999976e-06,0.000000000000000000e+00
1.435941064685317770e+02,2.054343808935314826e+02,1.000000000000000000e+01,1.592197999999999922e-06,0.000000000000000000e+00
1.440273139592070493e+02,2.054339476860407956e+02,1.000000000000000000e+01,1.595370000000000024e-06,0.000000000000000000e+00
1.444510318165986860e+02,2.054335239681834082e+02,1.000000000000000000e+01,1.588515999999999929e-06,0.000000000000000000e+00
1.448499932570910573e+02,2.054331250067428982e+02,1.000000000000000000e+01,1.509193999999999928e-06,0.000000000000000000e+00
1.452761511961194856e+02,2.054326988488038808e+02,1.000000000000000000e+01,1.576510999999999948e-06,0.000000000000000000e+00
1.457019764770992367e+02,2.054322730235228960e+02,1.000000000000000000e+01,1.640539000000000023e-06,0.000000000000000000e+00
1.460960711898661657e+02,2.054318789288101357e+02,1.000000000000000000e+01,1.584354000000000027e-06,0.000000000000000000e+00
1.465409224318709107e+02,2.054314340775681273e+02,1.000000000000000000e+01,1.246647999999999901e-06,0.000000000000000000e+00
1.469651750044265270e+02,2.054310098249955843e+02,1.000000000000000000e+01,1.608380000000000007e-06,0.000000000000000000e+00
1.473803855937235028e+02,2.054305946144062887e+02,1.000000000000000000e+01,1.633233999999999972e-06,0.000000000000000000e+00
1.478103079783127214e+02,2.054301646920216911e+02,1.000000000000000000e+01,1.635925999999999954e-06,0.000000000000000000e+00
1.481953501271280231e+02,2.054297796498728701e+02,1.000000000000000000e+01,1.617604999999999906e-06,0.000000000000000000e+00
1.486388285922851082e+02,2.054293361714077264e+02,1.000000000000000000e+01,1.543899999999999948e-06,0.000000000000000000e+00
1.490796508501659048e+02,2.054288953491498262e+02,1.000000000000000000e+01,1.524705999999999942e-06,0.000000000000000000e+00
1.494647798461972172e+02,2.054285102201538109e+02,1.000000000000000000e+01,1.413776999999999915e-06,0.000000000000000000e+00
1.499001638672604031e+02,2.054280748361327369e+02,1.000000000000000000e+01,1.432607000000000038e-06,0.000000000000000000e+00
1.503089936336267556e+02,2.054276660063663655e+02,1.000000000000000000e+01,1.434483999999999969e-06,0.000000000000000000e+00
1.507116236629003936e+02,2.054272633763370948e+02,1.000000000000000000e+01,1.373962999999999927e-06,0.000000000000000000e+00
1.511421854498926507e+02,2.054268328145500959e+02,1.000000000000000000e+01,1.483553000000000050e-06,0.000000000000000000e+00
1.515668883287279129e+02,2.054264081116712646e+02,1.000000000000000000e+01,1.432607000000000038e-06,0.000000000000000000e+00
1.519768707045882365e+02,2.054259981292954080e+02,1.000000000000000000e+01,1.468186000000000015e-06,0.000000000000000000e+00
1.523889155653098157e+02,2.054255860844346842e+02,1.000000000000000000e+01,1.415609999999999902e-06,0.000000000000000000e+00
1.527798040555555588e+02,2.054251951959444398e+02,1.000000000000000000e+01,1.392968000000000010e-06,0.000000000000000000e+00
1.532255868084639587e+02,2.054247494131915346e+02,1.000000000000000000e+01,1.447347999999999945e-06,0.000000000000000000e+00
1.536450870461006275e+02,2.054243299129539082e+02,1.000000000000000000e+01,1.439083000000000076e-06,0.000000000000000000e+00
1.540479028190557926e+02,2.054239270971809503e+02,1.000000000000000000e+01,1.418709999999999924e-06,0.000000000000000000e+00
1.544965728384223951e+02,2.054234784271615695e+02,1.000000000000000000e+01,1.296429999999999969e-06,0.000000000000000000e+00
1.548842028353168985e+02,2.054230907971646900e+02,1.000000000000000000e+01,1.415027999999999931e-06,0.000000000000000000e+00
1.552997212943172087e+02,2.054226752787056967e+02,1.000000000000000000e+01,1.307314999999999951e-06,0.000000000000000000e+00
1.557214429688360724e+02,2.054222535570311550e+02,1.000000000000000000e+01,1.304972000000000073e-06,0.000000000000000000e+00
1.561297346088917664e+02,2.054218452653911129e+02,1.000000000000000000e+01,1.280786999999999940e-06,0.000000000000000000e+00
1.565665041486676614e+02,2.054214084958513240e+02,1.000000000000000000e+01,1.331863999999999968e-06,0.000000000000000000e+00
1.569682239864674216e+02,2.054210067760135416e+02,1.000000000000000000e+01,1.358756000000000074e-06,0.000000000000000000e+00
1.573887081741453642e+02,2.054205862918258561e+02,1.000000000000000000e+01,1.422595000000000014e-06,0.000000000000000000e+00
1.578193068535531722e+02,2.054201556931464552e+02,1.000000000000000000e+01,1.419000999999999909e-06,0.000000000000000000e+00
1.582372267853394021e+02,2.054197377732146492e+02,1.000000000000000000e+01,1.388951000000000087e-06,0.000000000000000000e+00
1.586450351981262941e+02,2.054193299648018751e+02,1.000000000000000000e+01,1.415740999999999919e-06,0.000000000000000000e+00
1.590756174490251738e+02,2.054188993825509897e+02,1.000000000000000000e+01,1.390508000000000079e-06,0.000000000000000000e+00
1.595068470396946623e+02,2.054184681529603154e+02,1.000000000000000000e+01,1.335080000000000014e-06,0.000000000000000000e+00
1.599308592685894155e+02,2.054180441407314106e+02,1.000000000000000000e+01,1.323220000000000013e-06,0.000000000000000000e+00
1.603452311554109713e+02,2.054176297688445914e+02,1.000000000000000000e+01,1.395063000000000029e-06,0.000000000000000000e+00
1.607537226538022992e+02,2.054172212773461865e+02,1.000000000000000000e+01,1.344248000000000034e-06,0.000000000000000000e+00
1.611839674344205378e+02,2.054167910325655839e+02,1.000000000000000000e+01,1.389257000000000063e-06,0.000000000000000000e+00
1.615760296774255096e+02,2.054163989703225752e+02,1.000000000000000000e+01,1.270905999999999932e-06,0.000000000000000000e+00
1.620229525596807605e+02,2.054159520474403280e+02,1.000000000000000000e+01,1.314154000000000056e-06,0.000000000000000000e+00
1.624241139546734018e+02,2.054155508860453381e+02,1.000000000000000000e+01,1.298728999999999903e-06,0.000000000000000000e+00
1.628309813864871103e+02,2.054151440186135176e+02,1.000000000000000000e+01,1.362262999999999895e-06,0.000000000000000000e+00
1.632472737708572765e+02,2.054147277262291311e+02,1.000000000000000000e+01,1.353983000000000035e-06,0.000000000000000000e+00
1.636554716363557418e+02,2.054143195283636487e+02,1.000000000000000000e+01,1.323947999999999991e-06,0.000000000000000000e+00
1.640947560787232362e+02,2.054138802439212839e+02,1.000000000000000000e+01,1.384919999999999990e-06,0.000000000000000000e+00
1.645152747842474810e+02,2.054134597252157448e+02,1.000000000000000000e+01,1.333740999999999899e-06,0.000000000000000000e+00
1.649078576327829069e+02,2.054130671423672254e+02,1.000000000000000000e+01,1.286666000000000015e-06,0.000000000000000000e+00
1.653458177536995208e+02,2.054126291822462917e+02,1.000000000000000000e+01,1.212435999999999965e-06,0.000000000000000000e+00
1.657521905480569728e+02,2.054122228094519471e+02,1.000000000000000000e+01,1.277353000000000016e-06,0.000000000000000000e+00
1.661600073464466334e+02,2.054118149926535466e+02,1.000000000000000000e+01,1.309599999999999921e-06,0.000000000000000000e+00
1.665998740236641140e+02,2.054113751259763490e+02,1.000000000000000000e+01,1.250519000000000029e-06,0.000000000000000000e+00
1.670237389520492286e+02,2.054109512610479555e+02,1.000000000000000000e+01,1.286112999999999997e-06,0.000000000000000000e+00
1.674298063313309228e+02,2.054105451936686677e+02,1.000000000000000000e+01,1.287436999999999910e-06,0.000000000000000000e+00
1.678572832655657692e+02,2.054101177167344474e+02,1.000000000000000000e+01,1.381239000000000024e-06,0.000000000000000000e+00
1.682728580241730469e+02,2.054097021419758278e+02,1.000000000000000000e+01,1.324951999999999965e-06,0.000000000000000000e+00
1.686993724919433646e+02,2.054092756275080660e+02,1.000000000000000000e+01,1.322390999999999999e-06,0.000000000000000000e+00
1.691075044680980284e+02,2.054088674955318936e+02,1.000000000000000000e+01,1.319872999999999950e-06,0.000000000000000000e+00
1.695381139993060344e+02,2.054084368860006862e+02,1.000000000000000000e+01,1.336870000000000085e-06,0.000000000000000000e+00
1.699622093371855840e+02,2.054080127906628093e+02,1.000000000000000000e+01,1.336201000000000041e-06,0.000000000000000000e+00
1.703773238618117318e+02,2.054075976761381810e+02,1.000000000000000000e+01,1.293447000000000002e-06,0.000000000000000000e+00
1.707888229152671897e+02,2.054071861770847249e+02,1.000000000000000000e+01,1.319436999999999985e-06,0.000000000000000000e+00
1.712127108352775622e+02,2.054067622891647318e+02,1.000000000000000000e+01,1.336884000000000048e-06,0.000000000000000000e+00
1.716113340028149707e+02,2.054063636659971905e+02,1.000000000000000000e+01,1.326320000000000034e-06,0.000000000000000000e+00
1.720349267885207212e+02,2.054059400732114682e+02,1.000000000000000000e+01,1.371038000000000077e-06,0.000000000000000000e+00
1.724396724260929830e+02,2.054055353275739151e+02,1.000000000000000000e+01,1.436667000000000089e-06,0.000000000000000000e+00
1.728694792537970102e+02,2.054051055207462184e+02,1.000000000000000000e+01,1.514738000000000074e-06,0.000000000000000000e+00
1.732812548646675737e+02,2.054046937451353472e+02,1.000000000000000000e+01,1.443754000000000052e-06,0.000000000000000000e+00
1.736865885769555859e+02,2.054042884114230390e+02,1.000000000000000000e+01,1.417996999999999936e-06,0.000000000000000000e+00
1.741174633058489292e+02,2.054038575366941473e+02,1.000000000000000000e+01,1.493041000000000009e-06,0.000000000000000000e+00
1.745255929505757706e+02,2.054034494070494361e+02,1.000000000000000000e+01,1.307373000000000069e-06,0.000000000000000000e+00
1.749465726399490961e+02,2.054030284273600557e+02,1.000000000000000000e+01,1.440116000000000003e-06,0.000000000000000000e+00
1.753617085143266081e+02,2.054026132914856646e+02,1.000000000000000000e+01,1.358537999999999985e-06,0.000000000000000000e+00
1.757949598705731944e+02,2.054021800401294229e+02,1.000000000000000000e+01,1.212770999999999895e-06,0.000000000000000000e+00
1.761985234266084603e+02,2.054017764765733887e+02,1.000000000000000000e+01,1.298089000000000024e-06,0.000000000000000000e+00
1.766337823221357155e+02,2.054013412176778672e+02,1.000000000000000000e+01,1.461899999999999928e-06,0.000000000000000000e+00
1.770207529614962425e+02,2.054009542470384986e+02,1.000000000000000000e+01,1.390624999999999921e-06,0.000000000000000000e+00
1.774665022435921173e+02,2.054005084977564195e+02,1.000000000000000000e+01,1.300621000000000037e-06,0.000000000000000000e+00
1.778821574864291790e+02,2.054000928425135726e+02,1.000000000000000000e+01,1.448759999999999958e-06,0.000000000000000000e+00
1.782927815403993463e+02,2.053996822184596169e+02,1.000000000000000000e+01,1.458508999999999921e-06,0.000000000000000000e+00
1.786970218698358224e+02,2.053992779781301579e+02,1.000000000000000000e+01,1.457388999999999922e-06,0.000000000000000000e+00
1.791407642125954283e+02,2.053988342357874046e+02,1.000000000000000000e+01,1.394495000000000021e-06,0.000000000000000000e+00
1.795648606430496841e+02,2.053984101393569404e+02,1.000000000000000000e+01,1.371284999999999907e-06,0.000000000000000000e+00
1.800122991261954724e+02,2.053979627008738191e+02,1.000000000000000000e+01,1.506617999999999972e-06,0.000000000000000000e+00
1.804123213721701120e+02,2.053975626786278212e+02,1.000000000000000000e+01,1.484716999999999993e-06,0.000000000000000000e+00
1.808181755759005114e+02,2.053971568244241155e+02,1.000000000000000000e+01,1.496329999999999953e-06,0.000000000000000000e+00
1.812365689373902455e+02,2.053967384310626016e+02,1.000000000000000000e+01,1.400549000000000056e-06,0.000000000000000000e+00
1.816448404453601029e+02,2.053963301595546511e+02,1.000000000000000000e+01,1.439083000000000076e-06,0.000000000000000000e+00
1.820832908492366471e+02,2.053958917091507601e+02,1.000000000000000000e+01,1.403765000000000103e-06,0.000000000000000000e+00
1.824835719358938491e+02,2.053954914280641049e+02,1.000000000000000000e+01,1.404769000000000077e-06,0.000000000000000000e+00
1.828955521102658395e+02,2.053950794478897421e+02,1.000000000000000000e+01,1.251682999999999972e-06,0.000000000000000000e+00
1.833226726922426337e+02,2.053946523273077673e+02,1.000000000000000000e+01,1.393127999999999979e-06,0.000000000000000000e+00
1.837287074245091958e+02,2.053942462925755024e+02,1.000000000000000000e+01,1.356224000000000061e-06,0.000000000000000000e+00
1.841524002675635927e+02,2.053938225997324309e+02,1.000000000000000000e+01,1.301115999999999936e-06,0.000000000000000000e+00
1.845510162541984869e+02,2.053934239837458051e+02,1.000000000000000000e+01,1.426364000000000079e-06,0.000000000000000000e+00
1.850000728742382421e+02,2.053929749271257776e+02,1.000000000000000000e+01,1.386332000000000002e-06,0.000000000000000000e+00
1.853853185061808801e+02,2.053925896814938312e+02,1.000000000000000000e+01,1.344450999999999920e-06,0.000000000000000000e+00
1.858032455601558297e+02,2.053921717544398575e+02,1.000000000000000000e+01,1.325678999999999916e-06,0.000000000000000000e+00
1.862244851020124941e+02,2.053917505148979785e+02,1.000000000000000000e+01,1.301843000000000099e-06,0.000000000000000000e+00
1.866552509979831598e+02,2.053913197490020082e+02,1.000000000000000000e+01,1.336361000000000011e-06,0.000000000000000000e+00
1.870788507516996901e+02,2.053908961492483058e+02,1.000000000000000000e+01,1.304172000000000013e-06,0.000000000000000000e+00
1.874925751000609466e+02,2.053904824248999432e+02,1.000000000000000000e+01,1.302906000000000007e-06,0.000000000000000000e+00
1.879358111769290076e+02,2.053900391888230672e+02,1.000000000000000000e+01,1.321794000000000037e-06,0.000000000000000000e+00
1.883513865414159909e+02,2.053896236134585820e+02,1.000000000000000000e+01,1.314372999999999960e-06,0.000000000000000000e+00
1.887653601347392680e+02,2.053892096398652711e+02,1.000000000000000000e+01,1.294465999999999966e-06,0.000000000000000000e+00
1.891719128115892090e+02,2.053888030871884212e+02,1.000000000000000000e+01,1.316992000000000045e-06,0.000000000000000000e+00
1.896028389794838347e+02,2.053883721610205271e+02,1.000000000000000000e+01,1.332314999999999923e-06,0.000000000000000000e+00
1.900309537625986422e+02,2.053879440462374077e+02,1.000000000000000000e+01,1.271386000000000053e-06,0.000000000000000000e+00
1.904290640610687149e+02,2.053875459359389311e+02,1.000000000000000000e+01,1.234074999999999912e-06,0.000000000000000000e+00
1.908351985793554491e+02,2.053871398014206591e+02,1.000000000000000000e+01,1.285748999999999902e-06,0.000000000000000000e+00
1.912355599904578014e+02,2.053867394400095350e+02,1.000000000000000000e+01,1.296808000000000027e-06,0.000000000000000000e+00
1.916829388302876964e+02,2.053862920611697120e+02,1.000000000000000000e+01,1.268504999999999936e-06,0.000000000000000000e+00
1.920890850349283596e+02,2.053858859149650868e+02,1.000000000000000000e+01,1.260850999999999992e-06,0.000000000000000000e+00
1.925055696992772027e+02,2.053854694303007307e+02,1.000000000000000000e+01,1.263659000000000000e-06,0.000000000000000000e+00
1.929495649537743986e+02,2.053850254350462308e+02,1.000000000000000000e+01,1.334658000000000012e-06,0.000000000000000000e+00
1.933289031344800435e+02,2.053846460968655094e+02,1.000000000000000000e+01,1.296298999999999953e-06,0.000000000000000000e+00
1.937531092210883514e+02,2.053842218907789174e+02,1.000000000000000000e+01,1.236854999999999993e-06,0.000000000000000000e+00
1.941832193841816263e+02,2.053837917806158089e+02,1.000000000000000000e+01,1.209832000000000083e-06,0.000000000000000000e+00
1.945911196502428879e+02,2.053833838803497542e+02,1.000000000000000000e+01,1.220862000000000043e-06,0.000000000000000000e+00
1.950218371734293328e+02,2.053829531628265670e+02,1.000000000000000000e+01,1.264968999999999950e-06,0.000000000000000000e+00
1.954228882898923985e+02,2.053825521117101118e+02,1.000000000000000000e+01,1.286244000000000013e-06,0.000000000000000000e+00
1.958297054168787099e+02,2.053821452945831254e+02,1.000000000000000000e+01,1.263208000000000044e-06,0.000000000000000000e+00
1.962706491910589079e+02,2.053817043508089455e+02,1.000000000000000000e+01,1.309409999999999971e-06,0.000000000000000000e+00
1.966946672204966831e+02,2.053812803327795109e+02,1.000000000000000000e+01,1.317893999999999956e-06,0.000000000000000000e+00
1.970932844241513635e+02,2.053808817155758391e+02,1.000000000000000000e+01,1.354884999999999946e-06,0.000000000000000000e+00
1.975171213893461015e+02,2.053804578786106561e+02,1.000000000000000000e+01,1.322011999999999914e-06,0.000000000000000000e+00
1.979622387260052676e+02,2.053800127612740027e+02,1.000000000000000000e+01,1.259336999999999916e-06,0.000000000000000000e+00
1.983498727930449661e+02,2.053796251272069640e+02,1.000000000000000000e+01,1.191656000000000013e-06,0.000000000000000000e+00
1.987649438901582357e+02,2.053792100561098550e+02,1.000000000000000000e+01,1.165783000000000083e-06,0.000000000000000000e+00
1.991927203265164508e+02,2.053787822796734872e+02,1.000000000000000000e+01,1.237233000000000052e-06,0.000000000000000000e+00
1.996358107336529883e+02,2.053783391892663417e+02,1.000000000000000000e+01,1.256150000000000035e-06,0.000000000000000000e+00
2.000599493010162746e+02,2.053779150506989879e+02,1.000000000000000000e+01,1.332533000000000012e-06,0.000000000000000000e+00
2.004628149347444435e+02,2.053775121850652567e+02,1.000000000000000000e+01,1.309133999999999975e-06,0.000000000000000000e+00
2.008978496588649989e+02,2.053770771503411368e+02,1.000000000000000000e+01,1.292123000000000088e-06,0.000000000000000000e+00
2.013073069451806703e+02,2.053766676930548272e+02,1.000000000000000000e+01,1.271357000000000100e-06,0.000000000000000000e+00
2.017101452400650885e+02,2.053762648547599383e+02,1.000000000000000000e+01,1.298758000000000068e-06,0.000000000000000000e+00
2.021409231208848496e+02,2.053758340768791300e+02,1.000000000000000000e+01,1.341657000000000087e-06,0.000000000000000000e+00
2.025488732090824442e+02,2.053754261267909271e+02,1.000000000000000000e+01,1.311578999999999915e-06,0.000000000000000000e+00
2.029751090513146323e+02,2.053749998909486862e+02,1.000000000000000000e+01,1.159510999999999959e-06,0.000000000000000000e+00
2.033624327476873077e+02,2.053746125672523135e+02,1.000000000000000000e+01,1.140812000000000064e-06,0.000000000000000000e+00
2.037780644436197690e+02,2.053741969355563697e+02,1.000000000000000000e+01,1.392690999999999987e-06,0.000000000000000000e+00
2.042240983734209863e+02,2.053737509016265790e+02,1.000000000000000000e+01,1.371314000000000073e-06,0.000000000000000000e+00
2.046118117117390796e+02,2.053733631882882662e+02,1.000000000000000000e+01,1.343942000000000058e-06,0.000000000000000000e+00
2.050468110643860769e+02,2.053729281889356173e+02,1.000000000000000000e+01,1.357853999999999951e-06,0.000000000000000000e+00
2.054706987572518813e+02,2.053725043012427420e+02,1.000000000000000000e+01,1.332650000000000065e-06,0.000000000000000000e+00
2.058549121522516998e+02,2.053721200878477475e+02,1.000000000000000000e+01,1.399209999999999941e-06,0.000000000000000000e+00
2.062978491240756114e+02,2.053716771508759393e+02,1.000000000000000000e+01,1.388718000000000008e-06,0.000000000000000000e+00
2.067198018426839496e+02,2.053712551981573142e+02,1.000000000000000000e+01,1.331355000000000105e-06,0.000000000000000000e+00
2.071381824765918509e+02,2.053708368175234114e+02,1.000000000000000000e+01,1.314344000000000007e-06,0.000000000000000000e+00
2.075587834760469264e+02,2.053704162165239495e+02,1.000000000000000000e+01,1.384526999999999941e-06,0.000000000000000000e+00
2.079875333565881022e+02,2.053699874666434084e+02,1.000000000000000000e+01,1.355699999999999997e-06,0.000000000000000000e+00
2.084033310713282106e+02,2.053695716689286712e+02,1.000000000000000000e+01,1.366147999999999985e-06,0.000000000000000000e+00
2.088370662529163724e+02,2.053691379337470835e+02,1.000000000000000000e+01,1.422041999999999996e-06,0.000000000000000000e+00
2.092369395082301082e+02,2.053687380604917792e+02,1.000000000000000000e+01,1.294319999999999959e-06,0.000000000000000000e+00
2.096594975664122273e+02,2.053683155024336031e+02,1.000000000000000000e+01,1.391584999999999950e-06,0.000000000000000000e+00
2.100901379606377191e+02,2.053678848620393751e+02,1.000000000000000000e+01,1.349500999999999982e-06,0.000000000000000000e+00
2.105063746489991559e+02,2.053674686253509947e+02,1.000000000000000000e+01,1.334584999999999903e-06,0.000000000000000000e+00
2.109230053205396871e+02,2.053670519946794570e+02,1.000000000000000000e+01,1.299311000000000086e-06,0.000000000000000000e+00
2.113296664126529265e+02,2.053666453335873427e+02,1.000000000000000000e+01,1.360967999999999935e-06,0.000000000000000000e+00
2.117305712390700876e+02,2.053662444287609219e+02,1.000000000000000000e+01,1.362714000000000062e-06,0.000000000000000000e+00
2.121610960395576058e+02,2.053658139039604578e+02,1.000000000000000000e+01,1.299733000000000088e-06,0.000000000000000000e+00
2.125690857490837118e+02,2.053654059142509141e+02,1.000000000000000000e+01,1.195440000000000069e-06,0.000000000000000000e+00
2.129996803838099879e+02,2.053649753196161782e+02,1.000000000000000000e+01,1.261811000000000022e-06,0.000000000000000000e+00
2.134077999210600467e+02,2.053645672000789375e+02,1.000000000000000000e+01,1.200548000000000038e-06,0.000000000000000000e+00
2.138029347970418996e+02,2.053641720652029505e+02,1.000000000000000000e+01,1.228443999999999906e-06,0.000000000000000000e+00
2.142465847738734510e+02,2.053637284152261202e+02,1.000000000000000000e+01,1.246647999999999901e-06,0.000000000000000000e+00
2.146451579127364937e+02,2.053633298420872677e+02,1.000000000000000000e+01,1.199689000000000043e-06,0.000000000000000000e+00
2.150692243194656328e+02,2.053629057756805310e+02,1.000000000000000000e+01,1.225650000000000073e-06,0.000000000000000000e+00
2.155164440977640936e+02,2.053624585559022364e+02,1.000000000000000000e+01,1.156716999999999915e-06,0.000000000000000000e+00
2.159173561231899612e+02,2.053620576438768239e+02,1.000000000000000000e+01,1.289154000000000083e-06,0.000000000000000000e+00
2.163237810559795946e+02,2.053616512189440186e+02,1.000000000000000000e+01,1.245323999999999988e-06,0.000000000000000000e+00
2.167411059150311701e+02,2.053612338940849611e+02,1.000000000000000000e+01,1.238121000000000000e-06,0.000000000000000000e+00
2.171492117693491934e+02,2.053608257882306418e+02,1.000000000000000000e+01,1.191539999999999988e-06,0.000000000000000000e+00
2.175876522001001945e+02,2.053603873477999002e+02,1.000000000000000000e+01,1.178428999999999970e-06,0.000000000000000000e+00
2.180095792362284897e+02,2.053599654207637855e+02,1.000000000000000000e+01,1.154155999999999949e-06,0.000000000000000000e+00
2.184003468997800042e+02,2.053595746531002249e+02,1.000000000000000000e+01,1.027422999999999895e-06,0.000000000000000000e+00
2.188432004902589654e+02,2.053591317995097540e+02,1.000000000000000000e+01,1.303270000000000102e-06,0.000000000000000000e+00
2.192583587264630864e+02,2.053587166412735314e+02,1.000000000000000000e+01,1.195919999999999978e-06,0.000000000000000000e+00
2.196876456144520944e+02,2.053582873543855385e+02,1.000000000000000000e+01,1.230903000000000021e-06,0.000000000000000000e+00
2.201300034092415956e+02,2.053578449965907566e+02,1.000000000000000000e+01,1.247841000000000010e-06,0.000000000000000000e+00
2.205259965060940885e+02,2.053574490034939117e+02,1.000000000000000000e+01,1.262145999999999952e-06,0.000000000000000000e+00
2.209468494567429957e+02,2.053570281505432717e+02,1.000000000000000000e+01,1.280117000000000080e-06,0.000000000000000000e+00
2.213647783350610325e+02,2.053566102216649369e+02,1.000000000000000000e+01,1.296241000000000046e-06,0.000000000000000000e+00
2.217777764266440386e+02,2.053561972235733606e+02,1.000000000000000000e+01,1.253137999999999902e-06,0.000000000000000000e+00
2.221864890632951983e+02,2.053557885109367191e+02,1.000000000000000000e+01,1.254331000000000010e-06,0.000000000000000000e+00
2.225979341228560031e+02,2.053553770658771498e+02,1.000000000000000000e+01,1.273583999999999951e-06,0.000000000000000000e+00
2.230427297049293998e+02,2.053549322702950803e+02,1.000000000000000000e+01,1.231019000000000046e-06,0.000000000000000000e+00
2.234462203251032122e+02,2.053545287796748937e+02,1.000000000000000000e+01,1.285894999999999909e-06,0.000000000000000000e+00
2.238555076536167974e+02,2.053541194923463991e+02,1.000000000000000000e+01,1.306267000000000033e-06,0.000000000000000000e+00
2.242686749394532342e+02,2.053537063250605570e+02,1.000000000000000000e+01,1.349195000000000005e-06,0.000000000000000000e+00
2.246748616994643157e+02,2.053533001383005399e+02,1.000000000000000000e+01,1.247667000000000077e-06,0.000000000000000000e+00
2.251053271037280012e+02,2.053528696728962757e+02,1.000000000000000000e+01,1.221327999999999990e-06,0.000000000000000000e+00
2.255396279514301341e+02,2.053524353720485749e+02,1.000000000000000000e+01,1.279404000000000092e-06,0.000000000000000000e+00
2.259442004575047065e+02,2.053520307995424901e+02,1.000000000000000000e+01,1.267951999999999918e-06,0.000000000000000000e+00
2.263472936824193482e+02,2.053516277063175721e+02,1.000000000000000000e+01,1.269901999999999958e-06,0.000000000000000000e+00
2.267862061709487591e+02,2.053511887938290670e+02,1.000000000000000000e+01,1.247753999999999938e-06,0.000000000000000000e+00
2.272099740570147617e+02,2.053507650259429909e+02,1.000000000000000000e+01,1.279419000000000083e-06,0.000000000000000000e+00
2.276085386427481012e+02,2.053503664613572539e+02,1.000000000000000000e+01,1.271124000000000021e-06,0.000000000000000000e+00
2.280522988680358480e+02,2.053499227011319590e+02,1.000000000000000000e+01,1.280569000000000063e-06,0.000000000000000000e+00
2.284790518107456307e+02,2.053494959481892579e+02,1.000000000000000000e+01,1.329943000000000092e-06,0.000000000000000000e+00
2.288941814578706442e+02,2.053490808185421201e+02,1.000000000000000000e+01,1.362058999999999981e-06,0.000000000000000000e+00
2.292814790370821925e+02,2.053486935209629110e+02,1.000000000000000000e+01,1.319393000000000041e-06,0.000000000000000000e+00
2.297066810827784877e+02,2.053482683189172349e+02,1.000000000000000000e+01,1.338251999999999905e-06,0.000000000000000000e+00
2.301515428139030064e+02,2.053478234571861094e+02,1.000000000000000000e+01,1.371706999999999910e-06,0.000000000000000000e+00
2.305460092416993518e+02,2.053474289907583170e+02,1.000000000000000000e+01,1.336272999999999911e-06,0.000000000000000000e+00
2.309717813593447886e+02,2.053470032186406513e+02,1.000000000000000000e+01,1.360836999999999919e-06,0.000000000000000000e+00
2.313847688941901026e+02,2.053465902311058073e+02,1.000000000000000000e+01,1.415538000000000033e-06,0.000000000000000000e+00
2.317970372870229028e+02,2.053461779627129715e+02,1.000000000000000000e+01,1.382927000000000033e-06,0.000000000000000000e+00
2.322207252882940907e+02,2.053457542747117088e+02,1.000000000000000000e+01,1.377935000000000089e-06,0.000000000000000000e+00
2.326194704136647999e+02,2.053453555295863282e+02,1.000000000000000000e+01,1.445615999999999993e-06,0.000000000000000000e+00
2.330621517576283566e+02,2.053449128482423873e+02,1.000000000000000000e+01,1.402266000000000018e-06,0.000000000000000000e+00
2.334472537356002988e+02,2.053445277462643901e+02,1.000000000000000000e+01,1.456689999999999897e-06,0.000000000000000000e+00
2.338787455443581109e+02,2.053440962544556498e+02,1.000000000000000000e+01,1.434338999999999990e-06,0.000000000000000000e+00
2.342943197340966890e+02,2.053436806802659191e+02,1.000000000000000000e+01,1.510750999999999920e-06,0.000000000000000000e+00
2.346990251078684935e+02,2.053432759748921228e+02,1.000000000000000000e+01,1.509223000000000094e-06,0.000000000000000000e+00
2.351252494420854475e+02,2.053428497505579173e+02,1.000000000000000000e+01,1.543171999999999970e-06,0.000000000000000000e+00
2.355616176141606104e+02,2.053424133823858426e+02,1.000000000000000000e+01,1.522057999999999904e-06,0.000000000000000000e+00
2.359641910166337482e+02,2.053420108089833604e+02,1.000000000000000000e+01,1.489359000000000016e-06,0.000000000000000000e+00
2.363842468833703094e+02,2.053415907531166340e+02,1.000000000000000000e+01,1.399500999999999927e-06,0.000000000000000000e+00
2.368027872104098890e+02,2.053411722127895871e+02,1.000000000000000000e+01,1.404260000000000003e-06,0.000000000000000000e+00
2.372072382810658269e+02,2.053407677617189506e+02,1.000000000000000000e+01,1.484222999999999909e-06,0.000000000000000000e+00
2.376422757425398800e+02,2.053403327242574505e+02,1.000000000000000000e+01,1.376741999999999981e-06,0.000000000000000000e+00
2.380730853361670825e+02,2.053399019146638409e+02,1.000000000000000000e+01,1.256484999999999965e-06,0.000000000000000000e+00
2.384793114198334933e+02,2.053394956885801719e+02,1.000000000000000000e+01,1.493229999999999932e-06,0.000000000000000000e+00
2.388924518740457472e+02,2.053390825481259583e+02,1.000000000000000000e+01,1.418432999999999901e-06,0.000000000000000000e+00
2.393267971632911042e+02,2.053386482028367084e+02,1.000000000000000000e+01,1.619192000000000090e-06,0.000000000000000000e+00
2.397506834218463894e+02,2.053382243165781631e+02,1.000000000000000000e+01,1.613239999999999906e-06,0.000000000000000000e+00
2.401812346489124081e+02,2.053377937653510799e+02,1.000000000000000000e+01,1.577601999999999994e-06,0.000000000000000000e+00
2.405892451706534416e+02,2.053373857548293415e+02,1.000000000000000000e+01,1.620312000000000090e-06,0.000000000000000000e+00
2.410199943014031589e+02,2.053369550056985986e+02,1.000000000000000000e+01,1.668551999999999945e-06,0.000000000000000000e+00
2.414398184052800502e+02,2.053365351815947122e+02,1.000000000000000000e+01,1.691659999999999995e-06,0.000000000000000000e+00
2.418276086291515128e+02,2.053361473913708437e+02,1.000000000000000000e+01,1.676729999999999954e-06,0.000000000000000000e+00
2.422441504113118356e+02,2.053357308495886855e+02,1.000000000000000000e+01,1.641936000000000046e-06,0.000000000000000000e+00
2.426519389521805863e+02,2.053353230610478306e+02,1.000000000000000000e+01,1.667635000000000043e-06,0.000000000000000000e+00
2.430910761962832964e+02,2.053348839238037158e+02,1.000000000000000000e+01,1.666253000000000011e-06,0.000000000000000000e+00
2.434907213449285166e+02,2.053344842786550828e+02,1.000000000000000000e+01,1.686800000000000096e-06,0.000000000000000000e+00
2.439038178246878772e+02,2.053340711821753075e+02,1.000000000000000000e+01,1.635184000000000013e-06,0.000000000000000000e+00
2.443373482798730834e+02,2.053336376517201245e+02,1.000000000000000000e+01,1.534965000000000007e-06,0.000000000000000000e+00
2.447376052204463122e+02,2.053332373947795588e+02,1.000000000000000000e+01,1.695022000000000049e-06,0.000000000000000000e+00
2.451603646919058122e+02,2.053328146353080967e+02,1.000000000000000000e+01,1.562308000000000069e-06,0.000000000000000000e+00
2.455989616187027025e+02,2.053323760383813124e+02,1.000000000000000000e+01,1.656866999999999903e-06,0.000000000000000000e+00
2.460069039196721121e+02,2.053319680960803169e+02,1.000000000000000000e+01,1.675799000000000089e-06,0.000000000000000000e+00
2.464234298597820896e+02,2.053315515701402205e+02,1.000000000000000000e+01,1.713749999999999897e-06,0.000000000000000000e+00
2.468386971416454685e+02,2.053311363028583685e+02,1.000000000000000000e+01,1.729509999999999980e-06,0.000000000000000000e+00
2.472539754359926008e+02,2.053307210245640135e+02,1.000000000000000000e+01,1.649473999999999964e-06,0.000000000000000000e+00
2.476685891344280890e+02,2.053303064108655747e+02,1.000000000000000000e+01,1.811903000000000048e-06,0.000000000000000000e+00
2.481008006851635912e+02,2.053298741993148440e+02,1.000000000000000000e+01,1.799592000000000091e-06,0.000000000000000000e+00
2.485247948548390866e+02,2.053294502051451502e+02,1.000000000000000000e+01,1.789914999999999997e-06,0.000000000000000000e+00
2.489705980586848000e+02,2.053290044019413187e+02,1.000000000000000000e+01,1.843727999999999951e-06,0.000000000000000000e+00
2.493722835154349013e+02,2.053286027164845677e+02,1.000000000000000000e+01,1.850479999999999984e-06,0.000000000000000000e+00
2.497733648176420900e+02,2.053282016351823529e+02,1.000000000000000000e+01,1.885214999999999957e-06,0.000000000000000000e+00
2.502000145527097175e+02,2.053277749854472916e+02,1.000000000000000000e+01,1.990977999999999897e-06,0.000000000000000000e+00
2.506081873317140776e+02,2.053273668126682878e+02,1.000000000000000000e+01,1.942796999999999976e-06,0.000000000000000000e+00
2.510388643233864912e+02,2.053269361356766183e+02,1.000000000000000000e+01,1.886670000000000098e-06,0.000000000000000000e+00
2.514417428045231588e+02,2.053265332571954787e+02,1.000000000000000000e+01,1.930631999999999814e-06,0.000000000000000000e+00
2.518510966639276774e+02,2.053261239033360823e+02,1.000000000000000000e+01,1.812557000000000102e-06,0.000000000000000000e+00
2.522861183075621909e+02,2.053256888816924288e+02,1.000000000000000000e+01,1.867636000000000062e-06,0.000000000000000000e+00
2.526715619465648786e+02,2.053253034380534245e+02,1.000000000000000000e+01,1.944951000000000142e-06,0.000000000000000000e+00
2.531122094076671942e+02,2.053248627905923342e+02,1.000000000000000000e+01,1.872861000000000084e-06,0.000000000000000000e+00
2.535112077902621195e+02,2.053244637922097411e+02,1.000000000000000000e+01,1.996697000000000002e-06,0.000000000000000000e+00
2.539557792180666524e+02,2.053240192207819348e+02,1.000000000000000000e+01,1.880777000000000060e-06,0.000000000000000000e+00
2.543492614725336693e+02,2.053236257385274826e+02,1.000000000000000000e+01,1.978478000000000016e-06,0.000000000000000000e+00
2.547590892188618454e+02,2.053232159107811299e+02,1.000000000000000000e+01,1.901629999999999909e-06,0.000000000000000000e+00
2.551883435731944871e+02,2.053227866564268140e+02,1.000000000000000000e+01,1.889187999999999936e-06,0.000000000000000000e+00
2.556190149769035713e+02,2.053223559850231084e+02,1.000000000000000000e+01,1.809633000000000068e-06,0.000000000000000000e+00
2.560267352970006982e+02,2.053219482647029963e+02,1.000000000000000000e+01,1.940832999999999973e-06,0.000000000000000000e+00
2.564479462644790146e+02,2.053215270537355366e+02,1.000000000000000000e+01,1.949360000000000086e-06,0.000000000000000000e+00
2.568655834038862054e+02,2.053211094165961299e+02,1.000000000000000000e+01,1.939027999999999911e-06,0.000000000000000000e+00
2.572761318555274670e+02,2.053206988681444614e+02,1.000000000000000000e+01,1.942854999999999883e-06,0.000000000000000000e+00
2.577001302111214613e+02,2.053202748697888751e+02,1.000000000000000000e+01,1.930849999999999902e-06,0.000000000000000000e+00
2.581240584398855162e+02,2.053198509415601052e+02,1.000000000000000000e+01,1.975320999999999904e-06,0.000000000000000000e+00
2.585435091184315866e+02,2.053194314908815841e+02,1.000000000000000000e+01,1.882420999999999913e-06,0.000000000000000000e+00
2.589687256384021907e+02,2.053190062743616124e+02,1.000000000000000000e+01,1.781168999999999980e-06,0.000000000000000000e+00
2.593839952712912122e+02,2.053185910047287166e+02,1.000000000000000000e+01,1.888896999999999950e-06,0.000000000000000000e+00
2.598198391793696942e+02,2.053181551608206235e+02,1.000000000000000000e+01,1.791603000000000006e-06,0.000000000000000000e+00
2.602438321944702579e+02,2.053177311678055332e+02,1.000000000000000000e+01,1.857827999999999952e-06,0.000000000000000000e+00
2.606425744698108247e+02,2.053173324255301964e+02,1.000000000000000000e+01,1.781111000000000073e-06,0.000000000000000000e+00
2.610832417244968724e+02,2.053168917582755171e+02,1.000000000000000000e+01,1.706998000000000076e-06,0.000000000000000000e+00
2.615129628165878444e+02,2.053164620371834133e+02,1.000000000000000000e+01,1.650448999999999984e-06,0.000000000000000000e+00
2.619047812717682291e+02,2.053160702187282425e+02,1.000000000000000000e+01,1.691397999999999963e-06,0.000000000000000000e+00
2.623132942805344214e+02,2.053156617057194637e+02,1.000000000000000000e+01,1.759340999999999898e-06,0.000000000000000000e+00
2.627154838038645721e+02,2.053152595161961358e+02,1.000000000000000000e+01,1.801178000000000037e-06,0.000000000000000000e+00
2.631459318895708179e+02,2.053148290681104413e+02,1.000000000000000000e+01,1.804480999999999944e-06,0.000000000000000000e+00
2.635538838653712901e+02,2.053144211161346391e+02,1.000000000000000000e+01,1.820663000000000029e-06,0.000000000000000000e+00
2.639814007474752771e+02,2.053139935992525409e+02,1.000000000000000000e+01,1.805704000000000034e-06,0.000000000000000000e+00
2.643929576283316010e+02,2.053135820423716780e+02,1.000000000000000000e+01,1.682506999999999966e-06,0.000000000000000000e+00
2.647841614991915549e+02,2.053131908385008160e+02,1.000000000000000000e+01,1.815410000000000081e-06,0.000000000000000000e+00
2.652297333988549326e+02,2.053127452666011550e+02,1.000000000000000000e+01,1.766645999999999950e-06,0.000000000000000000e+00
2.656485242288576956e+02,2.053123264757711581e+02,1.000000000000000000e+01,1.869077000000000028e-06,0.000000000000000000e+00
2.660519738829647736e+02,2.053119230261170287e+02,1.000000000000000000e+01,1.813793999999999943e-06,0.000000000000000000e+00
2.665008795194308959e+02,2.053114741204805682e+02,1.000000000000000000e+01,1.918276999999999913e-06,0.000000000000000000e+00
2.669168938786545482e+02,2.053110581061213509e+02,1.000000000000000000e+01,1.861277000000000077e-06,0.000000000000000000e+00
2.673046629352983246e+02,2.053106703370646926e+02,1.000000000000000000e+01,1.843610999999999898e-06,0.000000000000000000e+00
2.677254043808284223e+02,2.053102495956191831e+02,1.000000000000000000e+01,1.933091000000000141e-06,0.000000000000000000e+00
2.681714327078412907e+02,2.053098035672921640e+02,1.000000000000000000e+01,1.843931000000000049e-06,0.000000000000000000e+00
2.686094782346945067e+02,2.053093655217653009e+02,1.000000000000000000e+01,1.887514000000000103e-06,0.000000000000000000e+00
2.689949255943267872e+02,2.053089800744056674e+02,1.000000000000000000e+01,1.819935000000000050e-06,0.000000000000000000e+00
2.694371190436810934e+02,2.053085378809563224e+02,1.000000000000000000e+01,1.823049000000000034e-06,0.000000000000000000e+00
2.698526649476502257e+02,2.053081223350523601e+02,1.000000000000000000e+01,1.832654000000000047e-06,0.000000000000000000e+00
2.702424134658660932e+02,2.053077325865341436e+02,1.000000000000000000e+01,1.793872999999999986e-06,0.000000000000000000e+00
2.706723939970939909e+02,2.053073026060029065e+02,1.000000000000000000e+01,1.710038999999999951e-06,0.000000000000000000e+00
2.710944801908435124e+02,2.053068805198091695e+02,1.000000000000000000e+01,1.710112000000000060e-06,0.000000000000000000e+00
2.715112448544784343e+02,2.053064637551455291e+02,1.000000000000000000e+01,1.680236999999999986e-06,0.000000000000000000e+00
2.719287323257971138e+02,2.053060462676742191e+02,1.000000000000000000e+01,1.692372999999999983e-06,0.000000000000000000e+00
2.723162262931057285e+02,2.053056587737069094e+02,1.000000000000000000e+01,1.514097999999999983e-06,0.000000000000000000e+00
2.727580968305541660e+02,2.053052169031694518e+02,1.000000000000000000e+01,1.370921000000000024e-06,0.000000000000000000e+00
2.731513240307734804e+02,2.053048236759692315e+02,1.000000000000000000e+01,1.549779000000000023e-06,0.000000000000000000e+00
2.735808261571125399e+02,2.053043941738428941e+02,1.000000000000000000e+01,1.562570000000000101e-06,0.000000000000000000e+00
2.740273368171763195e+02,2.053039476631828393e+02,1.000000000000000000e+01,1.496576999999999995e-06,0.000000000000000000e+00
2.744130164082322949e+02,2.053035619835917771e+02,1.000000000000000000e+01,1.426946000000000051e-06,0.000000000000000000e+00
2.748370099872773267e+02,2.053031379900127149e+02,1.000000000000000000e+01,1.500316999999999895e-06,0.000000000000000000e+00
2.752525480512417175e+02,2.053027224519487675e+02,1.000000000000000000e+01,1.494744000000000007e-06,0.000000000000000000e+00
2.756602676035567470e+02,2.053023147323964395e+02,1.000000000000000000e+01,1.364940999999999914e-06,0.000000000000000000e+00
2.760909430655794949e+02,2.053018840569344263e+02,1.000000000000000000e+01,1.469961999999999912e-06,0.000000000000000000e+00
2.765198138099120229e+02,2.053014551861900827e+02,1.000000000000000000e+01,1.463412999999999976e-06,0.000000000000000000e+00
2.769141876449227198e+02,2.053010608123550753e+02,1.000000000000000000e+01,1.405961999999999974e-06,0.000000000000000000e+00
2.773294551717557397e+02,2.053006455448282566e+02,1.000000000000000000e+01,1.454318000000000066e-06,0.000000000000000000e+00
2.777684084181305479e+02,2.053002065915818832e+02,1.000000000000000000e+01,1.459557000000000051e-06,0.000000000000000000e+00
2.781692472473102953e+02,2.052998057527526896e+02,1.000000000000000000e+01,1.427309999999999934e-06,0.000000000000000000e+00
2.786070366515581895e+02,2.052993679633484305e+02,1.000000000000000000e+01,1.379958000000000028e-06,0.000000000000000000e+00
2.790374793155646103e+02,2.052989375206844329e+02,1.000000000000000000e+01,1.344334999999999894e-06,0.000000000000000000e+00
2.794610779060089953e+02,2.052985139220940027e+02,1.000000000000000000e+01,1.356777000000000080e-06,0.000000000000000000e+00
2.798884629366158947e+02,2.052980865370633978e+02,1.000000000000000000e+01,1.321007999999999940e-06,0.000000000000000000e+00
2.802638390245454048e+02,2.052977111609754672e+02,1.000000000000000000e+01,1.277075999999999993e-06,0.000000000000000000e+00
2.807111991526717816e+02,2.052972638008473325e+02,1.000000000000000000e+01,1.343417999999999993e-06,0.000000000000000000e+00
2.811454012257378849e+02,2.052968295987742522e+02,1.000000000000000000e+01,1.389052999999999938e-06,0.000000000000000000e+00
2.815341828454198208e+02,2.052964408171545756e+02,1.000000000000000000e+01,1.376945999999999894e-06,0.000000000000000000e+00
2.819815793421157650e+02,2.052959934206578794e+02,1.000000000000000000e+01,1.416120000000000004e-06,0.000000000000000000e+00
2.823693550253134390e+02,2.052956056449746995e+02,1.000000000000000000e+01,1.423496999999999925e-06,0.000000000000000000e+00
2.827846246582023468e+02,2.052951903753418037e+02,1.000000000000000000e+01,1.357707999999999944e-06,0.000000000000000000e+00
2.831915834112596144e+02,2.052947834165887286e+02,1.000000000000000000e+01,1.362132000000000090e-06,0.000000000000000000e+00
2.836167195159506491e+02,2.052943582804840617e+02,1.000000000000000000e+01,1.355190999999999922e-06,0.000000000000000000e+00
2.840476234396008977e+02,2.052939273765603900e+02,1.000000000000000000e+01,1.234045999999999958e-06,0.000000000000000000e+00
2.844513783396946565e+02,2.052935236216603130e+02,1.000000000000000000e+01,1.276625000000000038e-06,0.000000000000000000e+00
2.848615220717258580e+02,2.052931134779282729e+02,1.000000000000000000e+01,1.254199999999999994e-06,0.000000000000000000e+00
2.852946481455618368e+02,2.052926803518544432e+02,1.000000000000000000e+01,1.263354000000000051e-06,0.000000000000000000e+00
2.856978553419690456e+02,2.052922771446580441e+02,1.000000000000000000e+01,1.167209000000000059e-06,0.000000000000000000e+00
2.861213511393129352e+02,2.052918536488606946e+02,1.000000000000000000e+01,1.190724999999999937e-06,0.000000000000000000e+00
2.865584093831381551e+02,2.052914165906168762e+02,1.000000000000000000e+01,1.244100999999999898e-06,0.000000000000000000e+00
2.869656430343512170e+02,2.052910093569656453e+02,1.000000000000000000e+01,1.246270000000000055e-06,0.000000000000000000e+00
2.873809117565669453e+02,2.052905940882434379e+02,1.000000000000000000e+01,1.202934000000000043e-06,0.000000000000000000e+00
2.877964593272722595e+02,2.052901785406727413e+02,1.000000000000000000e+01,1.164241000000000082e-06,0.000000000000000000e+00
2.882403066084592069e+02,2.052897346933915514e+02,1.000000000000000000e+01,1.258740999999999982e-06,0.000000000000000000e+00
2.886325267439802360e+02,2.052893424732560277e+02,1.000000000000000000e+01,1.056221999999999914e-06,0.000000000000000000e+00
2.890686378035132975e+02,2.052889063621964851e+02,1.000000000000000000e+01,1.260079000000000070e-06,0.000000000000000000e+00
2.894997213687809676e+02,2.052884752786312106e+02,1.000000000000000000e+01,1.173189999999999986e-06,0.000000000000000000e+00
2.899077556886435900e+02,2.052880672443113497e+02,1.000000000000000000e+01,1.253720000000000085e-06,0.000000000000000000e+00
2.903224785591259547e+02,2.052876525214408900e+02,1.000000000000000000e+01,1.259687000000000049e-06,0.000000000000000000e+00
2.907464715742264616e+02,2.052872285284257714e+02,1.000000000000000000e+01,1.305495999999999926e-06,0.000000000000000000e+00
2.911452198134497280e+02,2.052868297801865651e+02,1.000000000000000000e+01,1.301071999999999992e-06,0.000000000000000000e+00
2.915856429606818097e+02,2.052863893570393259e+02,1.000000000000000000e+01,1.228515999999999987e-06,0.000000000000000000e+00
2.919931998797681558e+02,2.052859818001202257e+02,1.000000000000000000e+01,1.105640000000000099e-06,0.000000000000000000e+00
2.924075051804007899e+02,2.052855674948195883e+02,1.000000000000000000e+01,1.359629000000000031e-06,0.000000000000000000e+00
2.928159292063264729e+02,2.052851590707936680e+02,1.000000000000000000e+01,1.298496000000000036e-06,0.000000000000000000e+00
2.932178879600954247e+02,2.052847571120398982e+02,1.000000000000000000e+01,1.295454999999999949e-06,0.000000000000000000e+00
2.936485641447810622e+02,2.052843264358552346e+02,1.000000000000000000e+01,1.306529000000000065e-06,0.000000000000000000e+00
2.940728446510148615e+02,2.052839021553489829e+02,1.000000000000000000e+01,1.296532000000000032e-06,0.000000000000000000e+00
2.944846117451229475e+02,2.052834903882548758e+02,1.000000000000000000e+01,1.368535000000000019e-06,0.000000000000000000e+00
2.948998809701274695e+02,2.052830751190298884e+02,1.000000000000000000e+01,1.271968000000000025e-06,0.000000000000000000e+00
2.953261242009766647e+02,2.052826488757990262e+02,1.000000000000000000e+01,1.300402999999999948e-06,0.000000000000000000e+00
2.957323782590233350e+02,2.052822426217409770e+02,1.000000000000000000e+01,1.324763000000000042e-06,0.000000000000000000e+00
2.961566214174956713e+02,2.052818183785824999e+02,1.000000000000000000e+01,1.320193000000000101e-06,0.000000000000000000e+00
2.965556138362078968e+02,2.052814193861638046e+02,1.000000000000000000e+01,1.341279000000000029e-06,0.000000000000000000e+00
2.969796123288324452e+02,2.052809953876711688e+02,1.000000000000000000e+01,1.336753000000000032e-06,0.000000000000000000e+00
2.974206669706046569e+02,2.052805543330293858e+02,1.000000000000000000e+01,1.382505000000000030e-06,0.000000000000000000e+00
2.978270135951574957e+02,2.052801479864048417e+02,1.000000000000000000e+01,1.356806000000000033e-06,0.000000000000000000e+00
2.982282339030584808e+02,2.052797467660969346e+02,1.000000000000000000e+01,1.285690999999999995e-06,0.000000000000000000e+00
2.986589292168897032e+02,2.052793160707831248e+02,1.000000000000000000e+01,1.303270000000000102e-06,0.000000000000000000e+00
2.990985653894415464e+02,2.052788764346105665e+02,1.000000000000000000e+01,1.265215999999999992e-06,0.000000000000000000e+00
2.995430044026111887e+02,2.052784319955974013e+02,1.000000000000000000e+01,1.203835999999999954e-06,0.000000000000000000e+00
2.999284568702290130e+02,2.052780465431297614e+02,1.000000000000000000e+01,1.217849999999999910e-06,0.000000000000000000e+00
3.003556070253936241e+02,2.052776193929746000e+02,1.000000000000000000e+01,1.012318999999999921e-06,0.000000000000000000e+00
3.007687864233402593e+02,2.052772062135766760e+02,1.000000000000000000e+01,1.291686000000000096e-06,0.000000000000000000e+00
3.011747988497321558e+02,2.052768002011502801e+02,1.000000000000000000e+01,1.169465000000000076e-06,0.000000000000000000e+00
3.016054743380104810e+02,2.052763695256620053e+02,1.000000000000000000e+01,1.281630999999999944e-06,0.000000000000000000e+00
3.020331372808778951e+02,2.052759418627191224e+02,1.000000000000000000e+01,1.359789000000000001e-06,0.000000000000000000e+00
3.024316744527791911e+02,2.052755433255472326e+02,1.000000000000000000e+01,1.277775000000000018e-06,0.000000000000000000e+00
3.028520398499273369e+02,2.052751229601500711e+02,1.000000000000000000e+01,1.381224000000000034e-06,0.000000000000000000e+00
3.032612247879004599e+02,2.052747137752120921e+02,1.000000000000000000e+01,1.384760000000000020e-06,0.000000000000000000e+00
3.036853838835925785e+02,2.052742896161164197e+02,1.000000000000000000e+01,1.387364999999999930e-06,0.000000000000000000e+00
3.040847222176101354e+02,2.052738902777823853e+02,1.000000000000000000e+01,1.338077999999999973e-06,0.000000000000000000e+00
3.045087152327106992e+02,2.052734662847672951e+02,1.000000000000000000e+01,1.439445999999999931e-06,0.000000000000000000e+00
3.049524484605597650e+02,2.052730225515394409e+02,1.000000000000000000e+01,1.411753999999999977e-06,0.000000000000000000e+00
3.053405008211626068e+02,2.052726344991788494e+02,1.000000000000000000e+01,1.403488999999999896e-06,0.000000000000000000e+00
3.057554925162350514e+02,2.052722195074837543e+02,1.000000000000000000e+01,1.408362999999999970e-06,0.000000000000000000e+00
3.061852320454151481e+02,2.052717897679546013e+02,1.000000000000000000e+01,1.328575000000000023e-06,0.000000000000000000e+00
3.065935698421235429e+02,2.052713814301578736e+02,1.000000000000000000e+01,1.309046999999999903e-06,0.000000000000000000e+00
3.070242424636738292e+02,2.052709507575363261e+02,1.000000000000000000e+01,1.231266999999999904e-06,0.000000000000000000e+00
3.074451833753014967e+02,2.052705298166247019e+02,1.000000000000000000e+01,1.421984000000000089e-06,0.000000000000000000e+00
3.078879506144303946e+02,2.052700870493855803e+02,1.000000000000000000e+01,1.386913999999999974e-06,0.000000000000000000e+00
3.082937680397301961e+02,2.052696812319602770e+02,1.000000000000000000e+01,1.351960000000000097e-06,0.000000000000000000e+00
3.086968872234547234e+02,2.052692781127765613e+02,1.000000000000000000e+01,1.397479000000000016e-06,0.000000000000000000e+00
3.091323912506776992e+02,2.052688426087493383e+02,1.000000000000000000e+01,1.334817999999999982e-06,0.000000000000000000e+00
3.095630667389560244e+02,2.052684119332610351e+02,1.000000000000000000e+01,1.302717000000000084e-06,0.000000000000000000e+00
3.099683659820129265e+02,2.052680066340179792e+02,1.000000000000000000e+01,1.364387999999999895e-06,0.000000000000000000e+00
3.103803953983990027e+02,2.052675946046016122e+02,1.000000000000000000e+01,1.394888000000000069e-06,0.000000000000000000e+00
3.108105459698126083e+02,2.052671644540301941e+02,1.000000000000000000e+01,1.332416999999999986e-06,0.000000000000000000e+00
3.111962166233653875e+02,2.052667787833766511e+02,1.000000000000000000e+01,1.410502999999999961e-06,0.000000000000000000e+00
3.116400852540674578e+02,2.052663349147459257e+02,1.000000000000000000e+01,1.385792999999999947e-06,0.000000000000000000e+00
3.120388292251908524e+02,2.052659361707748076e+02,1.000000000000000000e+01,1.308523000000000050e-06,0.000000000000000000e+00
3.124625670593287055e+02,2.052655124329406817e+02,1.000000000000000000e+01,1.249572999999999962e-06,0.000000000000000000e+00
3.128736904478324163e+02,2.052651013095521648e+02,1.000000000000000000e+01,1.272914000000000092e-06,0.000000000000000000e+00
3.132889414048666481e+02,2.052646860585951458e+02,1.000000000000000000e+01,1.219858000000000070e-06,0.000000000000000000e+00
3.137127684639240215e+02,2.052642622315360654e+02,1.000000000000000000e+01,1.248335999999999909e-06,0.000000000000000000e+00
3.141075407519084024e+02,2.052638674592481038e+02,1.000000000000000000e+01,1.315754999999999992e-06,0.000000000000000000e+00
3.145513916748714678e+02,2.052634236083251267e+02,1.000000000000000000e+01,1.296969000000000025e-06,0.000000000000000000e+00
3.149783599204812958e+02,2.052629966400795070e+02,1.000000000000000000e+01,1.330423000000000001e-06,0.000000000000000000e+00
3.153658444127548250e+02,2.052626091555872563e+02,1.000000000000000000e+01,1.332955000000000014e-06,0.000000000000000000e+00
3.157816765478304433e+02,2.052621933234521805e+02,1.000000000000000000e+01,1.253458000000000053e-06,0.000000000000000000e+00
3.162272522855984107e+02,2.052617477477143950e+02,1.000000000000000000e+01,1.265244999999999945e-06,0.000000000000000000e+00
3.166143074372708952e+02,2.052613606925627323e+02,1.000000000000000000e+01,1.405075000000000053e-06,0.000000000000000000e+00
3.170497314687850121e+02,2.052609252685312242e+02,1.000000000000000000e+01,1.383842999999999907e-06,0.000000000000000000e+00
3.174983054809552527e+02,2.052604766945190420e+02,1.000000000000000000e+01,1.270774999999999916e-06,0.000000000000000000e+00
3.178719695267175780e+02,2.052601030304732888e+02,1.000000000000000000e+01,1.296051999999999911e-06,0.000000000000000000e+00
3.183013441704879938e+02,2.052596736558295163e+02,1.000000000000000000e+01,1.330802000000000087e-06,0.000000000000000000e+00
3.187229115551604082e+02,2.052592520884448390e+02,1.000000000000000000e+01,1.384571000000000097e-06,0.000000000000000000e+00
3.191535816217388515e+02,2.052588214183782611e+02,1.000000000000000000e+01,1.378125000000000040e-06,0.000000000000000000e+00
3.195926830220186616e+02,2.052583823169779862e+02,1.000000000000000000e+01,1.344088000000000064e-06,0.000000000000000000e+00
3.199924374929516375e+02,2.052579825625070384e+02,1.000000000000000000e+01,1.392909000000000075e-06,0.000000000000000000e+00
3.204154203301526422e+02,2.052575595796698451e+02,1.000000000000000000e+01,1.306586999999999972e-06,0.000000000000000000e+00
3.208490682450234317e+02,2.052571259317549845e+02,1.000000000000000000e+01,1.411375999999999919e-06,0.000000000000000000e+00
3.212399195896865081e+02,2.052567350804103228e+02,1.000000000000000000e+01,1.453284999999999927e-06,0.000000000000000000e+00
3.216696749774462205e+02,2.052563053250225664e+02,1.000000000000000000e+01,1.331078000000000082e-06,0.000000000000000000e+00
3.220919879925252189e+02,2.052558830120074731e+02,1.000000000000000000e+01,1.379462999999999916e-06,0.000000000000000000e+00
3.225085292706729092e+02,2.052554664707293171e+02,1.000000000000000000e+01,1.403415999999999998e-06,0.000000000000000000e+00
3.229083746367995786e+02,2.052550666253632130e+02,1.000000000000000000e+01,1.366105000000000069e-06,0.000000000000000000e+00
3.233131837913485924e+02,2.052546618162086531e+02,1.000000000000000000e+01,1.405075000000000053e-06,0.000000000000000000e+00
3.237323720563869074e+02,2.052542426279436256e+02,1.000000000000000000e+01,1.454595000000000089e-06,0.000000000000000000e+00
3.241403201613497913e+02,2.052538346798386613e+02,1.000000000000000000e+01,1.440595999999999912e-06,0.000000000000000000e+00
3.245778452405830308e+02,2.052533971547594263e+02,1.000000000000000000e+01,1.455089999999999989e-06,0.000000000000000000e+00
3.250013184517821969e+02,2.052529736815482124e+02,1.000000000000000000e+01,1.442283999999999920e-06,0.000000000000000000e+00
3.253898049418188521e+02,2.052525851950581739e+02,1.000000000000000000e+01,1.500084000000000027e-06,0.000000000000000000e+00
3.258331332460441558e+02,2.052521418667539592e+02,1.000000000000000000e+01,1.454377000000000001e-06,0.000000000000000000e+00
3.262486914265886071e+02,2.052517263085734101e+02,1.000000000000000000e+01,1.484979000000000025e-06,0.000000000000000000e+00
3.266475530160548146e+02,2.052513274469839359e+02,1.000000000000000000e+01,1.447318999999999991e-06,0.000000000000000000e+00
3.270877694710590049e+02,2.052508872305289458e+02,1.000000000000000000e+01,1.460663000000000088e-06,0.000000000000000000e+00
3.275184395376374482e+02,2.052504565604623679e+02,1.000000000000000000e+01,1.344014999999999955e-06,0.000000000000000000e+00
3.279380848919872165e+02,2.052500369151080122e+02,1.000000000000000000e+01,1.414329999999999933e-06,0.000000000000000000e+00
3.283572955728567990e+02,2.052496177044271519e+02,1.000000000000000000e+01,1.511725999999999941e-06,0.000000000000000000e+00
3.287427376682858835e+02,2.052492322623317023e+02,1.000000000000000000e+01,1.516396999999999917e-06,0.000000000000000000e+00
3.291910062633588154e+02,2.052487839937366516e+02,1.000000000000000000e+01,1.498177999999999931e-06,0.000000000000000000e+00
3.296270436555268475e+02,2.052483479563444746e+02,1.000000000000000000e+01,1.509427000000000007e-06,0.000000000000000000e+00
3.300134956450381765e+02,2.052479615043549757e+02,1.000000000000000000e+01,1.483408000000000070e-06,0.000000000000000000e+00
3.304577646482532032e+02,2.052475172353517507e+02,1.000000000000000000e+01,1.497960000000000054e-06,0.000000000000000000e+00
3.308609757465588359e+02,2.052471140242534489e+02,1.000000000000000000e+01,1.598702999999999913e-06,0.000000000000000000e+00
3.312607978307312919e+02,2.052467142021692723e+02,1.000000000000000000e+01,1.452731999999999909e-06,0.000000000000000000e+00
3.316897374370540774e+02,2.052462852625629353e+02,1.000000000000000000e+01,1.392953000000000019e-06,0.000000000000000000e+00
3.320979092639340706e+02,2.052458770907360588e+02,1.000000000000000000e+01,1.280218999999999931e-06,0.000000000000000000e+00
3.325314469238293213e+02,2.052454435530761714e+02,1.000000000000000000e+01,1.491818999999999946e-06,0.000000000000000000e+00
3.329369865232476968e+02,2.052450380134767443e+02,1.000000000000000000e+01,1.491731000000000058e-06,0.000000000000000000e+00
3.333382511198876159e+02,2.052446367488801116e+02,1.000000000000000000e+01,1.417386000000000010e-06,0.000000000000000000e+00
3.337758363305139824e+02,2.052441991636694922e+02,1.000000000000000000e+01,1.486608999999999915e-06,0.000000000000000000e+00
3.341776636965648777e+02,2.052437973363034303e+02,1.000000000000000000e+01,1.609106999999999957e-06,0.000000000000000000e+00
3.346011582500000259e+02,2.052433738417500138e+02,1.000000000000000000e+01,1.483437000000000024e-06,0.000000000000000000e+00
3.350415816408564069e+02,2.052429334183591436e+02,1.000000000000000000e+01,1.534805000000000038e-06,0.000000000000000000e+00
3.354432116118429690e+02,2.052425317883881632e+02,1.000000000000000000e+01,1.544787999999999896e-06,0.000000000000000000e+00
3.358587525559943856e+02,2.052421162474440166e+02,1.000000000000000000e+01,1.523279999999999966e-06,0.000000000000000000e+00
3.362716258765714770e+02,2.052417033741234320e+02,1.000000000000000000e+01,1.504769999999999994e-06,0.000000000000000000e+00
3.366778349703976119e+02,2.052412971650296072e+02,1.000000000000000000e+01,1.446896999999999989e-06,0.000000000000000000e+00
3.371087378612478460e+02,2.052408662621387521e+02,1.000000000000000000e+01,1.517707000000000079e-06,0.000000000000000000e+00
3.375433488146186960e+02,2.052404316511853892e+02,1.000000000000000000e+01,1.482766999999999952e-06,0.000000000000000000e+00
3.379475830530676035e+02,2.052400274169469299e+02,1.000000000000000000e+01,1.326902000000000006e-06,0.000000000000000000e+00
3.383660872996183002e+02,2.052396089127003904e+02,1.000000000000000000e+01,1.119172999999999906e-06,0.000000000000000000e+00
3.387942523137275543e+02,2.052391807476862766e+02,1.000000000000000000e+01,1.274224000000000042e-06,0.000000000000000000e+00
3.392166543497212956e+02,2.052387583456502682e+02,1.000000000000000000e+01,1.211912999999999928e-06,0.000000000000000000e+00
3.396473298379996208e+02,2.052383276701619934e+02,1.000000000000000000e+01,1.335268999999999938e-06,0.000000000000000000e+00
3.400552733376708261e+02,2.052379197266623407e+02,1.000000000000000000e+01,1.397144000000000086e-06,1.000000000000000000e+00
3.404831093593447235e+02,2.052374918906406549e+02,1.000000000000000000e+01,1.453139999999999948e-06,1.000000000000000000e+00
3.409085375534351101e+02,2.052370664624465633e+02,1.000000000000000000e+01,1.403256000000000029e-06,1.000000000000000000e+00
3.412861414223236238e+02,2.052366888585776792e+02,1.000000000000000000e+01,1.516367999999999963e-06,1.000000000000000000e+00
3.417315208053627202e+02,2.052362434791946271e+02,1.000000000000000000e+01,1.484469999999999951e-06,1.000000000000000000e+00
3.421502226169933465e+02,2.052358247773830158e+02,1.000000000000000000e+01,1.438777000000000099e-06,1.000000000000000000e+00
3.425540106278626240e+02,2.052354209893721304e+02,1.000000000000000000e+01,1.384906000000000027e-06,1.000000000000000000e+00
3.430022911746814316e+02,2.052349727088253246e+02,1.000000000000000000e+01,1.368491000000000075e-06,1.000000000000000000e+00
3.433905460386460504e+02,2.052345844539613609e+02,1.000000000000000000e+01,1.575520999999999937e-06,1.000000000000000000e+00
3.438007342579737156e+02,2.052341742657420411e+02,1.000000000000000000e+01,1.419467000000000067e-06,1.000000000000000000e+00
3.442040696753485918e+02,2.052337709303246527e+02,1.000000000000000000e+01,1.496780999999999908e-06,1.000000000000000000e+00
3.446349725661989964e+02,2.052333400274337976e+02,1.000000000000000000e+01,1.564287000000000063e-06,1.000000000000000000e+00
3.450603857264974295e+02,2.052329146142735112e+02,1.000000000000000000e+01,1.541614999999999978e-06,1.000000000000000000e+00
3.454677222455470655e+02,2.052325072777544506e+02,1.000000000000000000e+01,1.508625999999999919e-06,1.000000000000000000e+00
3.458829910228748759e+02,2.052320920089771334e+02,1.000000000000000000e+01,1.506385000000000105e-06,1.000000000000000000e+00
3.463124423231403171e+02,2.052316625576768558e+02,1.000000000000000000e+01,1.514693999999999918e-06,1.000000000000000000e+00
3.467171833106705776e+02,2.052312578166893218e+02,1.000000000000000000e+01,1.426539000000000039e-06,1.000000000000000000e+00
3.471406700751448966e+02,2.052308343299248463e+02,1.000000000000000000e+01,1.481967000000000104e-06,1.000000000000000000e+00
3.475817396681919718e+02,2.052303932603318231e+02,1.000000000000000000e+01,1.521956000000000053e-06,1.000000000000000000e+00
3.480115887611323160e+02,2.052299634112388560e+02,1.000000000000000000e+01,1.559862999999999917e-06,1.000000000000000000e+00
3.484032145211652391e+02,2.052295717854788393e+02,1.000000000000000000e+01,1.559805000000000010e-06,1.000000000000000000e+00
3.488187687184245078e+02,2.052291562312815643e+02,1.000000000000000000e+01,1.544962000000000041e-06,1.000000000000000000e+00
3.492594408952310800e+02,2.052287155591047849e+02,1.000000000000000000e+01,1.605017999999999953e-06,0.000000000000000000e+00
3.496593736240458270e+02,2.052283156263759452e+02,1.000000000000000000e+01,1.553752000000000002e-06,0.000000000000000000e+00
3.500833644772060325e+02,2.052278916355228091e+02,1.000000000000000000e+01,1.468186000000000015e-06,0.000000000000000000e+00
3.505267570466382949e+02,2.052274482429533577e+02,1.000000000000000000e+01,1.556124000000000045e-06,0.000000000000000000e+00
3.509234512725633977e+02,2.052270515487274452e+02,1.000000000000000000e+01,1.505963000000000103e-06,0.000000000000000000e+00
3.513384363410820015e+02,2.052266365636589285e+02,1.000000000000000000e+01,1.447784999999999937e-06,0.000000000000000000e+00
3.517319457145696902e+02,2.052262430542854190e+02,1.000000000000000000e+01,1.563399999999999931e-06,0.000000000000000000e+00
3.521612072711500332e+02,2.052258137927288431e+02,1.000000000000000000e+01,1.498789000000000068e-06,0.000000000000000000e+00
3.525693784792886731e+02,2.052254056215207072e+02,1.000000000000000000e+01,1.395063000000000029e-06,0.000000000000000000e+00
3.530000578846696158e+02,2.052249749421153240e+02,1.000000000000000000e+01,1.093197999999999914e-06,0.000000000000000000e+00
3.534153359987277554e+02,2.052245596640012764e+02,1.000000000000000000e+01,6.157933999999999824e-07,0.000000000000000000e+00
3.538028248734328258e+02,2.052241721751265686e+02,1.000000000000000000e+01,3.418681000000000197e-07,0.000000000000000000e+00
3.542465358715618322e+02,2.052237284641284418e+02,1.000000000000000000e+01,5.878245999999999894e-07,0.000000000000000000e+00
3.546777575450011000e+02,2.052232972424550042e+02,1.000000000000000000e+01,1.061053000000000071e-06,0.000000000000000000e+00
3.550697757480916152e+02,2.052229052242519174e+02,1.000000000000000000e+01,1.223394000000000056e-06,0.000000000000000000e+00
3.555172865112446061e+02,2.052224577134887511e+02,1.000000000000000000e+01,1.287421999999999919e-06,0.000000000000000000e+00
3.559180076223192373e+02,2.052220569923776736e+02,1.000000000000000000e+01,1.270076999999999919e-06,0.000000000000000000e+00
3.563241667495428260e+02,2.052216508332504645e+02,1.000000000000000000e+01,1.351596000000000002e-06,0.000000000000000000e+00
3.567415844843964123e+02,2.052212334155155986e+02,1.000000000000000000e+01,1.327643999999999947e-06,0.000000000000000000e+00
3.571892362375056678e+02,2.052207857637625068e+02,1.000000000000000000e+01,1.310211000000000058e-06,0.000000000000000000e+00
3.575799802927717792e+02,2.052203950197072402e+02,1.000000000000000000e+01,1.318680000000000053e-06,0.000000000000000000e+00
3.580117154206922692e+02,2.052199632845793076e+02,1.000000000000000000e+01,1.401159999999999981e-06,0.000000000000000000e+00
3.584557873777400800e+02,2.052195192126222594e+02,1.000000000000000000e+01,1.321197000000000075e-06,0.000000000000000000e+00
3.588713415749992919e+02,2.052191036584250128e+02,1.000000000000000000e+01,1.251785000000000035e-06,0.000000000000000000e+00
3.592593883206106966e+02,2.052187156116793858e+02,1.000000000000000000e+01,1.296357000000000072e-06,0.000000000000000000e+00
3.596883515863893876e+02,2.052182866484136241e+02,1.000000000000000000e+01,1.348861000000000103e-06,0.000000000000000000e+00
3.601187996720955766e+02,2.052178562003279012e+02,1.000000000000000000e+01,1.337218999999999978e-06,0.000000000000000000e+00
3.605546716335877591e+02,2.052174203283664156e+02,1.000000000000000000e+01,1.284381000000000045e-06,1.000000000000000000e+00
3.609578767746692733e+02,2.052170171232253324e+02,1.000000000000000000e+01,1.017949999999999927e-06,1.000000000000000000e+00
3.613774082282496920e+02,2.052165975917717446e+02,1.000000000000000000e+01,1.461536000000000045e-06,1.000000000000000000e+00
3.617964998907008862e+02,2.052161785001092937e+02,1.000000000000000000e+01,1.388616999999999973e-06,1.000000000000000000e+00
3.621998874114364071e+02,2.052157751125885738e+02,1.000000000000000000e+01,1.361186000000000023e-06,1.000000000000000000e+00
3.626353460909543855e+02,2.052153396539090409e+02,1.000000000000000000e+01,1.435211999999999948e-06,1.000000000000000000e+00
3.630228788091318961e+02,2.052149521211908620e+02,1.000000000000000000e+01,1.402950000000000052e-06,1.000000000000000000e+00
3.634687412531807240e+02,2.052145062587468090e+02,1.000000000000000000e+01,1.484716999999999993e-06,1.000000000000000000e+00
3.638703585887067788e+02,2.052141046414112964e+02,1.000000000000000000e+01,1.469292000000000052e-06,1.000000000000000000e+00
3.642712232385294442e+02,2.052137037767614629e+02,1.000000000000000000e+01,1.460241000000000085e-06,1.000000000000000000e+00
3.646980355777238287e+02,2.052132769644222776e+02,1.000000000000000000e+01,1.427469999999999904e-06,1.000000000000000000e+00
3.651062149977228728e+02,2.052128687850022857e+02,1.000000000000000000e+01,1.475578999999999955e-06,1.000000000000000000e+00
3.655405796226054917e+02,2.052124344203774058e+02,1.000000000000000000e+01,1.415289999999999963e-06,1.000000000000000000e+00
3.659448382086703759e+02,2.052120301617913185e+02,1.000000000000000000e+01,1.519772999999999933e-06,1.000000000000000000e+00
3.663481246776929652e+02,2.052116268753223096e+02,1.000000000000000000e+01,1.552020000000000050e-06,1.000000000000000000e+00
3.667914094181828091e+02,2.052111835905818111e+02,1.000000000000000000e+01,1.441644000000000041e-06,1.000000000000000000e+00
3.672145648163904070e+02,2.052107604351836017e+02,1.000000000000000000e+01,1.438399000000000041e-06,1.000000000000000000e+00
3.676454946038905973e+02,2.052103295053961176e+02,1.000000000000000000e+01,1.467953999999999964e-06,1.000000000000000000e+00
3.680532095022879844e+02,2.052099217904977024e+02,1.000000000000000000e+01,1.460356999999999899e-06,1.000000000000000000e+00
3.684803037824369767e+02,2.052094946962175754e+02,1.000000000000000000e+01,1.475985999999999966e-06,1.000000000000000000e+00
3.689062627385495716e+02,2.052090687372614468e+02,1.000000000000000000e+01,1.450549000000000001e-06,1.000000000000000000e+00
3.692833424719696609e+02,2.052086916575280213e+02,1.000000000000000000e+01,1.424516000000000101e-06,1.000000000000000000e+00
3.697282890776490945e+02,2.052082467109223671e+02,1.000000000000000000e+01,1.403284999999999982e-06,1.000000000000000000e+00
3.701611314124612591e+02,2.052078138685875501e+02,1.000000000000000000e+01,1.465872999999999907e-06,1.000000000000000000e+00
3.705509854007633521e+02,2.052074240145992405e+02,1.000000000000000000e+01,1.599750000000000015e-06,1.000000000000000000e+00
3.709996934672780640e+02,2.052069753065327120e+02,1.000000000000000000e+01,1.525826999999999969e-06,1.000000000000000000e+00
3.713987225038765132e+02,2.052065762774961399e+02,1.000000000000000000e+01,1.613093999999999899e-06,1.000000000000000000e+00
3.718024556093939736e+02,2.052061725443905971e+02,1.000000000000000000e+01,1.567298999999999984e-06,1.000000000000000000e+00
3.722049601972009896e+02,2.052057700398028146e+02,1.000000000000000000e+01,1.567168999999999996e-06,1.000000000000000000e+00
3.726316031654612857e+02,2.052053433968345360e+02,1.000000000000000000e+01,1.469700000000000091e-06,1.000000000000000000e+00
3.730626717449576972e+02,2.052049123282550340e+02,1.000000000000000000e+01,1.541221999999999929e-06,1.000000000000000000e+00
3.734676806202289754e+02,2.052045073193797862e+02,1.000000000000000000e+01,1.633568999999999902e-06,0.000000000000000000e+00
3.738793582590717506e+02,2.052040956417409348e+02,1.000000000000000000e+01,1.636130000000000080e-06,0.000000000000000000e+00
3.743154141755725277e+02,2.052036595858244254e+02,1.000000000000000000e+01,1.514229000000000000e-06,0.000000000000000000e+00
3.746992930775500668e+02,2.052032757069224544e+02,1.000000000000000000e+01,1.534965000000000007e-06,0.000000000000000000e+00
3.751377700293156749e+02,2.052028372299706973e+02,1.000000000000000000e+01,1.399049999999999971e-06,0.000000000000000000e+00
3.755787674212227216e+02,2.052023962325787920e+02,1.000000000000000000e+01,1.046123000000000030e-06,0.000000000000000000e+00
3.759851308740458080e+02,2.052019898691259527e+02,1.000000000000000000e+01,5.814800000000000426e-07,0.000000000000000000e+00
3.763987479439127810e+02,2.052015762520560997e+02,1.000000000000000000e+01,2.016894999999999876e-07,0.000000000000000000e+00
3.768081159531477056e+02,2.052011668840468417e+02,1.000000000000000000e+01,7.139170000000000525e-08,0.000000000000000000e+00
3.772112350979159032e+02,2.052007637649020921e+02,1.000000000000000000e+01,3.950845000000000329e-08,0.000000000000000000e+00
3.776419129302568081e+02,2.052003330870697368e+02,1.000000000000000000e+01,1.568696000000000060e-08,0.000000000000000000e+00
3.780667455666659862e+02,2.051999082544333248e+02,1.000000000000000000e+01,2.216256999999999991e-08,0.000000000000000000e+00
3.784767637352559291e+02,2.051994982362647590e+02,1.000000000000000000e+01,3.961031000000000153e-08,0.000000000000000000e+00
3.789200831934688267e+02,2.051990549168065456e+02,1.000000000000000000e+01,3.539317000000000193e-07,0.000000000000000000e+00
3.793353594529116890e+02,2.051986396405470998e+02,1.000000000000000000e+01,8.595961999999999744e-07,0.000000000000000000e+00
3.797511849614335233e+02,2.051982238150385740e+02,1.000000000000000000e+01,1.958702000000000038e-06,0.000000000000000000e+00
3.801995550267175759e+02,2.051977754449732743e+02,1.000000000000000000e+01,1.849256999999999894e-06,0.000000000000000000e+00
3.805895872984754078e+02,2.051973854127015215e+02,1.000000000000000000e+01,1.645021000000000076e-06,0.000000000000000000e+00
3.810225387194656719e+02,2.051969524612805458e+02,1.000000000000000000e+01,1.644671999999999972e-06,0.000000000000000000e+00
3.814284363600086749e+02,2.051965465636399983e+02,1.000000000000000000e+01,1.675944000000000068e-06,0.000000000000000000e+00
3.818558608890184587e+02,2.051961191391109764e+02,1.000000000000000000e+01,1.730396999999999901e-06,0.000000000000000000e+00
3.822670611229423798e+02,2.051957079388770637e+02,1.000000000000000000e+01,1.778112999999999903e-06,0.000000000000000000e+00
3.826677596946491917e+02,2.051953072403053397e+02,1.000000000000000000e+01,1.825290000000000061e-06,0.000000000000000000e+00
3.831059063147621941e+02,2.051948690936852415e+02,1.000000000000000000e+01,1.811626000000000025e-06,0.000000000000000000e+00
3.835138594591311971e+02,2.051944611405408807e+02,1.000000000000000000e+01,1.837005000000000083e-06,0.000000000000000000e+00
3.839319262934690187e+02,2.051940430737065242e+02,1.000000000000000000e+01,1.824723000000000080e-06,0.000000000000000000e+00
3.843379768634000015e+02,2.051936370231366027e+02,1.000000000000000000e+01,1.828725000000000012e-06,0.000000000000000000e+00
3.847381522675225369e+02,2.051932368477324928e+02,1.000000000000000000e+01,1.812557000000000102e-06,0.000000000000000000e+00
3.851862109382379913e+02,2.051927887890617512e+02,1.000000000000000000e+01,1.798252999999999976e-06,0.000000000000000000e+00
3.855776902535187105e+02,2.051923973097464966e+02,1.000000000000000000e+01,1.852401000000000071e-06,0.000000000000000000e+00
3.860091963720508943e+02,2.051919658036279372e+02,1.000000000000000000e+01,1.829306999999999984e-06,0.000000000000000000e+00
3.864329392437796855e+02,2.051915420607562339e+02,1.000000000000000000e+01,1.856110999999999990e-06,0.000000000000000000e+00
3.868469814278279273e+02,2.051911280185721864e+02,1.000000000000000000e+01,1.921988000000000071e-06,0.000000000000000000e+00
3.872560334236263770e+02,2.051907189665763838e+02,1.000000000000000000e+01,1.854671000000000051e-06,0.000000000000000000e+00
3.876856053454782227e+02,2.051902893946545134e+02,1.000000000000000000e+01,1.861917999999999984e-06,0.000000000000000000e+00
3.881160548276984059e+02,2.051898589451722899e+02,1.000000000000000000e+01,1.883483000000000005e-06,0.000000000000000000e+00
3.885516523702290215e+02,2.051894233476297700e+02,1.000000000000000000e+01,1.918262999999999950e-06,0.000000000000000000e+00
3.889549000195181065e+02,2.051890200999804961e+02,1.000000000000000000e+01,1.825567000000000084e-06,0.000000000000000000e+00
3.893604251066875008e+02,2.051886145748933075e+02,1.000000000000000000e+01,1.825377999999999949e-06,0.000000000000000000e+00
3.897937551058292911e+02,2.051881812448941673e+02,1.000000000000000000e+01,1.821798000000000019e-06,0.000000000000000000e+00
3.901971182194232028e+02,2.051877778817805904e+02,1.000000000000000000e+01,1.804117000000000061e-06,0.000000000000000000e+00
3.906208610911519941e+02,2.051873541389088587e+02,1.000000000000000000e+01,1.847132999999999921e-06,0.000000000000000000e+00
3.910582108635496184e+02,2.051869167891364611e+02,1.000000000000000000e+01,1.853550000000000024e-06,0.000000000000000000e+00
3.914648230964561435e+02,2.051865101769035391e+02,1.000000000000000000e+01,1.833715999999999927e-06,0.000000000000000000e+00
3.918806552315317617e+02,2.051860943447684633e+02,1.000000000000000000e+01,1.850538000000000103e-06,0.000000000000000000e+00
3.922681463503591317e+02,2.051857068536496342e+02,1.000000000000000000e+01,1.835418999999999926e-06,0.000000000000000000e+00
3.926959729857737216e+02,2.051852790270142179e+02,1.000000000000000000e+01,1.730179000000000024e-06,0.000000000000000000e+00
3.931163016026877131e+02,2.051848586983973064e+02,1.000000000000000000e+01,1.802415000000000089e-06,0.000000000000000000e+00
3.935350505903275007e+02,2.051844399494096649e+02,1.000000000000000000e+01,1.708977000000000070e-06,0.000000000000000000e+00
3.939583930850585034e+02,2.051840166069149518e+02,1.000000000000000000e+01,1.704145999999999913e-06,0.000000000000000000e+00
3.943458775773319189e+02,2.051836291224226727e+02,1.000000000000000000e+01,1.645646999999999992e-06,0.000000000000000000e+00
3.947611469147582284e+02,2.051832138530852490e+02,1.000000000000000000e+01,1.648412000000000083e-06,0.000000000000000000e+00
3.952090250966172107e+02,2.051827659749033899e+02,1.000000000000000000e+01,1.705470000000000038e-06,0.000000000000000000e+00
3.956080151056825116e+02,2.051823669848943155e+02,1.000000000000000000e+01,1.666354000000000046e-06,0.000000000000000000e+00
3.960317613645364077e+02,2.051819432386354549e+02,1.000000000000000000e+01,1.670734000000000037e-06,0.000000000000000000e+00
3.964783386455324035e+02,2.051814966613544584e+02,1.000000000000000000e+01,1.629188999999999912e-06,0.000000000000000000e+00
3.968658231378058190e+02,2.051811091768622077e+02,1.000000000000000000e+01,1.504872000000000057e-06,0.000000000000000000e+00
3.972810927706946131e+02,2.051806939072293119e+02,1.000000000000000000e+01,1.352397000000000089e-06,0.000000000000000000e+00
3.977063423079092104e+02,2.051802686576920962e+02,1.000000000000000000e+01,1.524836999999999958e-06,0.000000000000000000e+00
3.981260163234797460e+02,2.051798489836765214e+02,1.000000000000000000e+01,1.607084000000000019e-06,0.000000000000000000e+00
3.985451929214287929e+02,2.051794298070785771e+02,1.000000000000000000e+01,1.597495000000000025e-06,0.000000000000000000e+00
3.989707836297611721e+02,2.051790042163702310e+02,1.000000000000000000e+01,1.564433000000000070e-06,0.000000000000000000e+00
3.994138251501576633e+02,2.051785611748498468e+02,1.000000000000000000e+01,1.550594000000000074e-06,0.000000000000000000e+00
3.998296506586793839e+02,2.051781453493413210e+02,1.000000000000000000e+01,1.588093999999999927e-06,0.000000000000000000e+00
4.002460766341357612e+02,2.051777289233658621e+02,1.000000000000000000e+01,1.568754999999999941e-06,0.000000000000000000e+00
4.006544758969465079e+02,2.051773205241030666e+02,1.000000000000000000e+01,1.548163999999999913e-06,0.000000000000000000e+00
4.010849254909784918e+02,2.051768900745090320e+02,1.000000000000000000e+01,1.558407999999999988e-06,0.000000000000000000e+00
4.014924067234427980e+02,2.051764825932765461e+02,1.000000000000000000e+01,1.541469999999999998e-06,0.000000000000000000e+00
4.019065613253108040e+02,2.051760684386746902e+02,1.000000000000000000e+01,1.510503000000000063e-06,0.000000000000000000e+00
4.023317167028819767e+02,2.051756432832971200e+02,1.000000000000000000e+01,1.566004000000000025e-06,0.000000000000000000e+00
4.027171661827408684e+02,2.051752578338172555e+02,1.000000000000000000e+01,1.557200000000000100e-06,0.000000000000000000e+00
4.031628779007132835e+02,2.051748121220992971e+02,1.000000000000000000e+01,1.521941000000000062e-06,0.000000000000000000e+00
4.035613669966838870e+02,2.051744136330033257e+02,1.000000000000000000e+01,1.528241999999999928e-06,0.000000000000000000e+00
4.039853633969465818e+02,2.051739896366030678e+02,1.000000000000000000e+01,1.521359000000000090e-06,0.000000000000000000e+00
4.043948688339007731e+02,2.051735801311660907e+02,1.000000000000000000e+01,1.536348000000000067e-06,0.000000000000000000e+00
4.048142742387616977e+02,2.051731607257612495e+02,1.000000000000000000e+01,1.522523000000000034e-06,0.000000000000000000e+00
4.052334866231485080e+02,2.051727415133768488e+02,1.000000000000000000e+01,1.507621999999999946e-06,0.000000000000000000e+00
4.056416648206463265e+02,2.051723333351793599e+02,1.000000000000000000e+01,1.485547000000000034e-06,0.000000000000000000e+00
4.060723410895211032e+02,2.051719026589104828e+02,1.000000000000000000e+01,1.458377999999999905e-06,0.000000000000000000e+00
4.065035700267176253e+02,2.051714714299732805e+02,1.000000000000000000e+01,1.412786999999999904e-06,0.000000000000000000e+00
4.069270568763568008e+02,2.051710479431236536e+02,1.000000000000000000e+01,1.392356000000000057e-06,0.000000000000000000e+00
4.073069988644737123e+02,2.051706680011355388e+02,1.000000000000000000e+01,1.467851999999999901e-06,0.000000000000000000e+00
4.077505962763081016e+02,2.051702244037236937e+02,1.000000000000000000e+01,1.566047999999999969e-06,0.000000000000000000e+00
4.081813961597017055e+02,2.051697936038403043e+02,1.000000000000000000e+01,1.543783999999999922e-06,0.000000000000000000e+00
4.085732778873541520e+02,2.051694017221126387e+02,1.000000000000000000e+01,1.545616999999999910e-06,0.000000000000000000e+00
4.090202467732211744e+02,2.051689547532267852e+02,1.000000000000000000e+01,1.578634999999999921e-06,0.000000000000000000e+00
4.094400107718404911e+02,2.051685349892281636e+02,1.000000000000000000e+01,1.538675999999999954e-06,0.000000000000000000e+00
4.098588645624688525e+02,2.051681161354375433e+02,1.000000000000000000e+01,1.591906999999999936e-06,0.000000000000000000e+00
4.102440898130557230e+02,2.051677309101869469e+02,1.000000000000000000e+01,1.646810999999999936e-06,0.000000000000000000e+00
4.106922423893699943e+02,2.051672827576106215e+02,1.000000000000000000e+01,1.733030999999999976e-06,0.000000000000000000e+00
4.110909787008277476e+02,2.051668840212991825e+02,1.000000000000000000e+01,1.492153000000000060e-06,0.000000000000000000e+00
4.115361109843639156e+02,2.051664388890156374e+02,1.000000000000000000e+01,1.622582000000000070e-06,0.000000000000000000e+00
4.119291925476319989e+02,2.051660458074523774e+02,1.000000000000000000e+01,1.666762000000000086e-06,0.000000000000000000e+00
4.123324904837384679e+02,2.051656425095162604e+02,1.000000000000000000e+01,1.589986000000000060e-06,0.000000000000000000e+00
4.127708955957492662e+02,2.051652041044042392e+02,1.000000000000000000e+01,1.597771000000000021e-06,0.000000000000000000e+00
4.131563479239227377e+02,2.051648186520760930e+02,1.000000000000000000e+01,1.630193000000000097e-06,0.000000000000000000e+00
4.135957199971372802e+02,2.051643792800028621e+02,1.000000000000000000e+01,1.790308000000000046e-06,0.000000000000000000e+00
4.139951931157423815e+02,2.051639798068842708e+02,1.000000000000000000e+01,1.839245999999999898e-06,0.000000000000000000e+00
4.144187014064885943e+02,2.051635562985935053e+02,1.000000000000000000e+01,1.822685999999999967e-06,0.000000000000000000e+00
4.148527245122985505e+02,2.051631222754876944e+02,1.000000000000000000e+01,1.881241999999999979e-06,0.000000000000000000e+00
4.152430757481661203e+02,2.051627319242518297e+02,1.000000000000000000e+01,1.855384000000000039e-06,0.000000000000000000e+00
4.156659340232353088e+02,2.051623090659767570e+02,1.000000000000000000e+01,1.900567000000000001e-06,0.000000000000000000e+00
4.161040192145041487e+02,2.051618709807854941e+02,1.000000000000000000e+01,1.881591999999999899e-06,0.000000000000000000e+00
4.165117397891996802e+02,2.051614632602108088e+02,1.000000000000000000e+01,1.721200999999999955e-06,0.000000000000000000e+00
4.169299025864764872e+02,2.051610450974135347e+02,1.000000000000000000e+01,1.705804999999999967e-06,0.000000000000000000e+00
4.173451681153581490e+02,2.051606298318846484e+02,1.000000000000000000e+01,1.888227000000000090e-06,0.000000000000000000e+00
4.177810382338270756e+02,2.051601939617661685e+02,1.000000000000000000e+01,1.890759000000000103e-06,0.000000000000000000e+00
4.181831345499654162e+02,2.051597918654500461e+02,1.000000000000000000e+01,1.925306000000000180e-06,0.000000000000000000e+00
4.186068748721373822e+02,2.051593681251278554e+02,1.000000000000000000e+01,1.843364000000000068e-06,0.000000000000000000e+00
4.190507917381970060e+02,2.051589242082617943e+02,1.000000000000000000e+01,1.819644000000000065e-06,0.000000000000000000e+00
4.194773487231955755e+02,2.051584976512768037e+02,1.000000000000000000e+01,1.906693999999999934e-06,0.000000000000000000e+00
4.198923404182680770e+02,2.051580826595817371e+02,1.000000000000000000e+01,1.937194999999999924e-06,0.000000000000000000e+00
4.202798307463953051e+02,2.051576951692535999e+02,1.000000000000000000e+01,1.991823000000000140e-06,0.000000000000000000e+00
4.207255858164555775e+02,2.051572494141835534e+02,1.000000000000000000e+01,1.954337000000000039e-06,0.000000000000000000e+00
4.211244425525824226e+02,2.051568505574474273e+02,1.000000000000000000e+01,1.885229999999999948e-06,0.000000000000000000e+00
4.215485772141511234e+02,2.051564264227858416e+02,1.000000000000000000e+01,1.973253999999999810e-06,0.000000000000000000e+00
4.219970164249364188e+02,2.051559779835750703e+02,1.000000000000000000e+01,2.029758999999999958e-06,0.000000000000000000e+00
4.223710563973377248e+02,2.051556039436026708e+02,1.000000000000000000e+01,2.006884000000000198e-06,0.000000000000000000e+00
4.227904999956625147e+02,2.051551845000043386e+02,1.000000000000000000e+01,2.031883999999999959e-06,0.000000000000000000e+00
4.231937930286259189e+02,2.051547812069713643e+02,1.000000000000000000e+01,2.060477999999999824e-06,0.000000000000000000e+00
4.236295771334388860e+02,2.051543454228665553e+02,1.000000000000000000e+01,2.134488999999999970e-06,0.000000000000000000e+00
4.240552303721373733e+02,2.051539197696278620e+02,1.000000000000000000e+01,2.132874000000000071e-06,0.000000000000000000e+00
4.244608545915284594e+02,2.051535141454084794e+02,1.000000000000000000e+01,2.197935999999999889e-06,0.000000000000000000e+00
4.248761186354599886e+02,2.051530988813645422e+02,1.000000000000000000e+01,2.199216000000000070e-06,0.000000000000000000e+00
4.252633384430249066e+02,2.051527116615569639e+02,1.000000000000000000e+01,2.131841000000000144e-06,0.000000000000000000e+00
4.256918161098220139e+02,2.051522831838901766e+02,1.000000000000000000e+01,2.152286000000000166e-06,0.000000000000000000e+00
4.261347350862377539e+02,2.051518402649137727e+02,1.000000000000000000e+01,2.182393999999999895e-06,0.000000000000000000e+00
4.265337275049499794e+02,2.051514412724950489e+02,1.000000000000000000e+01,2.270390000000000043e-06,0.000000000000000000e+00
4.269574654274809404e+02,2.051510175345725315e+02,1.000000000000000000e+01,2.282555000000000205e-06,0.000000000000000000e+00
4.273957956467344843e+02,2.051505792043532779e+02,1.000000000000000000e+01,2.300671999999999917e-06,0.000000000000000000e+00
4.278110625175604014e+02,2.051501639374824322e+02,1.000000000000000000e+01,2.331042000000000102e-06,0.000000000000000000e+00
4.282116239349541615e+02,2.051497633760650388e+02,1.000000000000000000e+01,2.409476999999999970e-06,0.000000000000000000e+00
4.286388051926871867e+02,2.051493361948073186e+02,1.000000000000000000e+01,2.220666000000000094e-06,0.000000000000000000e+00
4.290694821878116727e+02,2.051489055178121816e+02,1.000000000000000000e+01,2.347863999999999854e-06,0.000000000000000000e+00
4.295004278937951767e+02,2.051484745721062097e+02,1.000000000000000000e+01,2.383443999999999859e-06,0.000000000000000000e+00
4.299085606800833261e+02,2.051480664393199049e+02,1.000000000000000000e+01,2.346292999999999899e-06,0.000000000000000000e+00
4.303231554751909016e+02,2.051476518445248018e+02,1.000000000000000000e+01,2.443076999999999953e-06,0.000000000000000000e+00
4.307471501674697834e+02,2.051472278498325466e+02,1.000000000000000000e+01,2.416737999999999866e-06,0.000000000000000000e+00
4.311456388931297283e+02,2.051468293611068816e+02,1.000000000000000000e+01,2.310247999999999976e-06,0.000000000000000000e+00
4.315855777163801008e+02,2.051463894222836188e+02,1.000000000000000000e+01,2.103246999999999855e-06,0.000000000000000000e+00
4.319707976734401882e+02,2.051460042023265657e+02,1.000000000000000000e+01,2.050960999999999912e-06,0.000000000000000000e+00
4.324073562424788975e+02,2.051455676437575164e+02,1.000000000000000000e+01,2.079919999999999900e-06,0.000000000000000000e+00
4.328153571506953767e+02,2.051451596428493076e+02,1.000000000000000000e+01,2.118017000000000138e-06,0.000000000000000000e+00
4.332173678993710837e+02,2.051447576321006352e+02,1.000000000000000000e+01,2.128203000000000095e-06,0.000000000000000000e+00
4.336480376744084992e+02,2.051443269623256072e+02,1.000000000000000000e+01,2.221945999999999851e-06,0.000000000000000000e+00
4.340562137988766267e+02,2.051439187862011124e+02,1.000000000000000000e+01,2.298024000000000091e-06,0.000000000000000000e+00
4.344842536560022950e+02,2.051434907463440140e+02,1.000000000000000000e+01,2.166488999999999833e-06,0.000000000000000000e+00
4.349093210563228808e+02,2.051430656789436853e+02,1.000000000000000000e+01,2.279906999999999955e-06,0.000000000000000000e+00
4.352867421225615203e+02,2.051426882578774382e+02,1.000000000000000000e+01,2.213957000000000189e-06,0.000000000000000000e+00
4.357318062033922956e+02,2.051422431937966167e+02,1.000000000000000000e+01,2.274101000000000201e-06,0.000000000000000000e+00
4.361508014005490850e+02,2.051418241985994655e+02,1.000000000000000000e+01,2.182453000000000041e-06,0.000000000000000000e+00
4.365727656394352607e+02,2.051414022343605552e+02,1.000000000000000000e+01,2.150817000000000061e-06,0.000000000000000000e+00
4.370032083730210957e+02,2.051409717916269813e+02,1.000000000000000000e+01,2.164059000000000095e-06,0.000000000000000000e+00
4.374025275240343831e+02,2.051405724724759807e+02,1.000000000000000000e+01,2.162748999999999933e-06,0.000000000000000000e+00
4.378069665947464841e+02,2.051401680334052458e+02,1.000000000000000000e+01,2.193496999999999965e-06,0.000000000000000000e+00
4.382275067643997204e+02,2.051397474932356033e+02,1.000000000000000000e+01,2.169778000000000201e-06,0.000000000000000000e+00
4.386733119238548966e+02,2.051393016880761593e+02,1.000000000000000000e+01,2.242289999999999838e-06,0.000000000000000000e+00
4.391113576161870355e+02,2.051388636423838250e+02,1.000000000000000000e+01,2.195913000000000163e-06,0.000000000000000000e+00
4.394965829208414902e+02,2.051384784170791704e+02,1.000000000000000000e+01,2.273794999999999801e-06,0.000000000000000000e+00
4.399388651607601446e+02,2.051380361348392398e+02,1.000000000000000000e+01,2.206463000000000003e-06,0.000000000000000000e+00
4.403538568558327029e+02,2.051376211431441732e+02,1.000000000000000000e+01,2.171131000000000067e-06,0.000000000000000000e+00
4.407694044265380171e+02,2.051372055955734766e+02,1.000000000000000000e+01,2.148531999999999879e-06,0.000000000000000000e+00
4.411799600922391846e+02,2.051367950399077529e+02,1.000000000000000000e+01,2.165775999999999845e-06,0.000000000000000000e+00
4.416146026384014931e+02,2.051363603973616136e+02,1.000000000000000000e+01,2.224390999999999791e-06,0.000000000000000000e+00
4.420124472060896892e+02,2.051359625527938988e+02,1.000000000000000000e+01,2.171218999999999955e-06,0.000000000000000000e+00
4.424307561047497188e+02,2.051355442438952537e+02,1.000000000000000000e+01,2.171421999999999841e-06,0.000000000000000000e+00
4.428512923979093898e+02,2.051351237076021050e+02,1.000000000000000000e+01,2.219268999999999859e-06,0.000000000000000000e+00
4.432604140496184186e+02,2.051347145859503769e+02,1.000000000000000000e+01,2.279281000000000040e-06,0.000000000000000000e+00
4.436846603029796938e+02,2.051342903396970314e+02,1.000000000000000000e+01,2.159140000000000049e-06,0.000000000000000000e+00
4.440836478797709788e+02,2.051338913521202301e+02,1.000000000000000000e+01,2.107931999999999794e-06,0.000000000000000000e+00
4.445294484300924864e+02,2.051334455515699062e+02,1.000000000000000000e+01,2.011089000000000016e-06,0.000000000000000000e+00
4.449313857620649060e+02,2.051330436142379483e+02,1.000000000000000000e+01,2.095097000000000195e-06,0.000000000000000000e+00
4.453393026999232234e+02,2.051326356973000884e+02,1.000000000000000000e+01,2.116109999999999802e-06,0.000000000000000000e+00
4.457538709091343208e+02,2.051322211290908797e+02,1.000000000000000000e+01,2.140746999999999919e-06,0.000000000000000000e+00
4.461614667233416185e+02,2.051318135332766701e+02,1.000000000000000000e+01,2.104817999999999810e-06,0.000000000000000000e+00
4.465921402133935203e+02,2.051313828597866120e+02,1.000000000000000000e+01,2.186585000000000174e-06,0.000000000000000000e+00
4.470250861627379777e+02,2.051309499138372701e+02,1.000000000000000000e+01,2.185799999999999892e-06,0.000000000000000000e+00
4.474714858303071878e+02,2.051305035141697033e+02,1.000000000000000000e+01,2.216037999999999822e-06,0.000000000000000000e+00
4.478733296543168763e+02,2.051301016703456810e+02,1.000000000000000000e+01,2.212385999999999810e-06,0.000000000000000000e+00
4.482745245198398720e+02,2.051297004754801492e+02,1.000000000000000000e+01,2.207948000000000125e-06,0.000000000000000000e+00
4.487007409078094042e+02,2.051292742590921989e+02,1.000000000000000000e+01,2.150845999999999803e-06,0.000000000000000000e+00
4.491445549007632962e+02,2.051288304450992257e+02,1.000000000000000000e+01,2.243163000000000007e-06,0.000000000000000000e+00
4.495395560750660593e+02,2.051284354439249284e+02,1.000000000000000000e+01,2.184097000000000105e-06,0.000000000000000000e+00
4.499636247931867388e+02,2.051280113752068246e+02,1.000000000000000000e+01,2.183122000000000085e-06,0.000000000000000000e+00
4.503786667470506586e+02,2.051275963332529386e+02,1.000000000000000000e+01,2.178713000000000141e-06,0.000000000000000000e+00
4.507905282500000226e+02,2.051271844717500130e+02,1.000000000000000000e+01,2.220448000000000005e-06,0.000000000000000000e+00
4.512147664114124836e+02,2.051267602335885840e+02,1.000000000000000000e+01,2.237356999999999829e-06,0.000000000000000000e+00
4.516137588301247092e+02,2.051263612411698887e+02,1.000000000000000000e+01,2.259112000000000013e-06,0.000000000000000000e+00
4.520380070458015211e+02,2.051259369929541947e+02,1.000000000000000000e+01,2.042681000000000052e-06,0.000000000000000000e+00
4.524855568721836789e+02,2.051254894431278046e+02,1.000000000000000000e+01,2.035972999999999963e-06,0.000000000000000000e+00
4.528730417472896761e+02,2.051251019582527135e+02,1.000000000000000000e+01,2.061148000000000107e-06,0.000000000000000000e+00
4.532885826914412064e+02,2.051246864173085669e+02,1.000000000000000000e+01,2.048357000000000029e-06,0.000000000000000000e+00
4.536945595928590933e+02,2.051242804404071478e+02,1.000000000000000000e+01,1.954468000000000055e-06,0.000000000000000000e+00
4.541201961371472748e+02,2.051238548038628551e+02,1.000000000000000000e+01,2.015033000000000042e-06,0.000000000000000000e+00
4.545510990279976227e+02,2.051234239009720000e+02,1.000000000000000000e+01,1.953812999999999974e-06,0.000000000000000000e+00
4.549779961959288244e+02,2.051229970038040733e+02,1.000000000000000000e+01,1.848326000000000030e-06,0.000000000000000000e+00
4.553653653972887128e+02,2.051226096346027248e+02,1.000000000000000000e+01,1.809647000000000031e-06,0.000000000000000000e+00
4.558029326570924127e+02,2.051221720673429161e+02,1.000000000000000000e+01,1.687411000000000021e-06,0.000000000000000000e+00
4.561888956854326125e+02,2.051217861043145660e+02,1.000000000000000000e+01,1.786655000000000007e-06,0.000000000000000000e+00
4.566254165414251247e+02,2.051213495834585672e+02,1.000000000000000000e+01,1.775842999999999923e-06,0.000000000000000000e+00
4.570676454468564884e+02,2.051209073545531396e+02,1.000000000000000000e+01,1.826905999999999988e-06,0.000000000000000000e+00
4.574530928064887121e+02,2.051205219071935062e+02,1.000000000000000000e+01,1.664230000000000073e-06,0.000000000000000000e+00
4.578859947941792257e+02,2.051200890052058128e+02,1.000000000000000000e+01,1.760984999999999963e-06,0.000000000000000000e+00
4.583015423648845967e+02,2.051196734576351162e+02,1.000000000000000000e+01,1.804379000000000093e-06,0.000000000000000000e+00
4.587230737134306082e+02,2.051192519262865801e+02,1.000000000000000000e+01,1.809909000000000064e-06,0.000000000000000000e+00
4.591691185247739782e+02,2.051188058814752253e+02,1.000000000000000000e+01,1.833424999999999942e-06,0.000000000000000000e+00
4.595678608001144880e+02,2.051184071391998884e+02,1.000000000000000000e+01,1.981461999999999800e-06,0.000000000000000000e+00
4.599916094355647260e+02,2.051179833905644330e+02,1.000000000000000000e+01,1.900698000000000017e-06,0.000000000000000000e+00
4.604339985559795991e+02,2.051175410014440104e+02,1.000000000000000000e+01,1.891602999999999895e-06,0.000000000000000000e+00
4.608390894153009754e+02,2.051171359105846932e+02,1.000000000000000000e+01,1.969209000000000173e-06,0.000000000000000000e+00
4.612389379245732925e+02,2.051167360620754323e+02,1.000000000000000000e+01,1.949024999999999944e-06,0.000000000000000000e+00
4.616698371321999161e+02,2.051163051628678033e+02,1.000000000000000000e+01,1.960638000000000116e-06,0.000000000000000000e+00
4.620780122108002956e+02,2.051158969877891991e+02,1.000000000000000000e+01,1.923618000000000172e-06,0.000000000000000000e+00
4.625086914289432229e+02,2.051154663085710581e+02,1.000000000000000000e+01,1.897439000000000054e-06,0.000000000000000000e+00
4.629083028679120275e+02,2.051150666971320788e+02,1.000000000000000000e+01,2.002750999999999826e-06,0.000000000000000000e+00
4.633130990961381031e+02,2.051146619009038545e+02,1.000000000000000000e+01,2.017434000000000038e-06,0.000000000000000000e+00
4.637550296473650064e+02,2.051142199703526501e+02,1.000000000000000000e+01,1.856242000000000006e-06,0.000000000000000000e+00
4.641402549170480256e+02,2.051138347450829542e+02,1.000000000000000000e+01,1.820967999999999978e-06,0.000000000000000000e+00
4.645780176511844957e+02,2.051133969823488314e+02,1.000000000000000000e+01,1.648906999999999983e-06,0.000000000000000000e+00
4.649786453037236242e+02,2.051129963546962927e+02,1.000000000000000000e+01,1.667519000000000018e-06,0.000000000000000000e+00
4.654007529416255124e+02,2.051125742470583759e+02,1.000000000000000000e+01,1.714739000000000092e-06,0.000000000000000000e+00
4.658330490818489693e+02,2.051121419509181578e+02,1.000000000000000000e+01,1.748557999999999980e-06,0.000000000000000000e+00
4.662486261808718382e+02,2.051117263738191241e+02,1.000000000000000000e+01,1.744251000000000099e-06,0.000000000000000000e+00
4.666568013359067777e+02,2.051113181986640939e+02,1.000000000000000000e+01,1.713357000000000060e-06,0.000000000000000000e+00
4.670872475294934247e+02,2.051108877524705179e+02,1.000000000000000000e+01,1.685038999999999979e-06,0.000000000000000000e+00
4.675199616231304276e+02,2.051104550383768697e+02,1.000000000000000000e+01,1.709515000000000098e-06,0.000000000000000000e+00
4.679437044948591051e+02,2.051100312955051379e+02,1.000000000000000000e+01,1.784370000000000036e-06,0.000000000000000000e+00
4.683427028774540872e+02,2.051096322971225447e+02,1.000000000000000000e+01,1.658991000000000088e-06,0.000000000000000000e+00
4.687685382791708548e+02,2.051092064617208450e+02,1.000000000000000000e+01,1.675784000000000099e-06,0.000000000000000000e+00
4.691960755203747340e+02,2.051087789244796227e+02,1.000000000000000000e+01,1.683729000000000028e-06,0.000000000000000000e+00
4.695896753624847975e+02,2.051083853246375099e+02,1.000000000000000000e+01,1.633786999999999991e-06,0.000000000000000000e+00
4.700351527741152040e+02,2.051079398472258788e+02,1.000000000000000000e+01,1.716209000000000012e-06,0.000000000000000000e+00
4.704579507090413131e+02,2.051075170492909479e+02,1.000000000000000000e+01,1.658539999999999921e-06,0.000000000000000000e+00
4.708614042644146593e+02,2.051071135957355978e+02,1.000000000000000000e+01,1.699969000000000020e-06,0.000000000000000000e+00
4.712609957336726438e+02,2.051067140042663368e+02,1.000000000000000000e+01,1.722597999999999978e-06,0.000000000000000000e+00
4.716738608925908807e+02,2.051063011391074156e+02,1.000000000000000000e+01,1.612047000000000009e-06,0.000000000000000000e+00
4.720976166107136009e+02,2.051058773833892985e+02,1.000000000000000000e+01,1.631313000000000097e-06,0.000000000000000000e+00
4.725308748681981683e+02,2.051054441251318110e+02,1.000000000000000000e+01,1.585489000000000017e-06,0.000000000000000000e+00
4.729360116897988178e+02,2.051050389883102127e+02,1.000000000000000000e+01,1.560124999999999949e-06,0.000000000000000000e+00
4.733538568156877204e+02,2.051046211431843176e+02,1.000000000000000000e+01,1.668405999999999938e-06,0.000000000000000000e+00
4.737750883181888071e+02,2.051041999116818033e+02,1.000000000000000000e+01,1.615640999999999902e-06,0.000000000000000000e+00
4.741760893418259002e+02,2.051037989106581847e+02,1.000000000000000000e+01,1.649779999999999941e-06,0.000000000000000000e+00
4.746134841265641739e+02,2.051033615158734449e+02,1.000000000000000000e+01,1.642124999999999969e-06,0.000000000000000000e+00
4.750404795737828749e+02,2.051029345204262313e+02,1.000000000000000000e+01,1.524283999999999940e-06,0.000000000000000000e+00
4.754417421793410767e+02,2.051025332578206530e+02,1.000000000000000000e+01,1.545064000000000103e-06,0.000000000000000000e+00
4.758567272478596237e+02,2.051021182727521364e+02,1.000000000000000000e+01,1.458553000000000077e-06,0.000000000000000000e+00
4.762458771436524216e+02,2.051017291228563408e+02,1.000000000000000000e+01,1.335821999999999956e-06,0.000000000000000000e+00
4.766761779080912902e+02,2.051012988220919055e+02,1.000000000000000000e+01,1.451276999999999980e-06,0.000000000000000000e+00
4.771177831704000596e+02,2.051008572168296098e+02,1.000000000000000000e+01,1.510693000000000013e-06,0.000000000000000000e+00
4.775150230999111045e+02,2.051004599769000833e+02,1.000000000000000000e+01,1.527718000000000075e-06,0.000000000000000000e+00
4.779336312879369757e+02,2.051000413687120556e+02,1.000000000000000000e+01,1.529843000000000076e-06,0.000000000000000000e+00
4.783766760771840723e+02,2.050995983239228053e+02,1.000000000000000000e+01,1.511448999999999918e-06,0.000000000000000000e+00
4.787922270055927925e+02,2.050991827729943964e+02,1.000000000000000000e+01,1.523410999999999982e-06,0.000000000000000000e+00
4.792152246899872239e+02,2.050987597753100147e+02,1.000000000000000000e+01,1.479013000000000090e-06,0.000000000000000000e+00
4.796233971391394562e+02,2.050983516028608733e+02,1.000000000000000000e+01,1.519991000000000022e-06,0.000000000000000000e+00
4.800594769989742190e+02,2.050979155230010349e+02,1.000000000000000000e+01,1.496067999999999920e-06,0.000000000000000000e+00
4.804834700140747259e+02,2.050974915299859163e+02,1.000000000000000000e+01,1.457855000000000080e-06,0.000000000000000000e+00
4.808933807221703773e+02,2.050970816192778443e+02,1.000000000000000000e+01,1.512948000000000003e-06,0.000000000000000000e+00
4.813130063795160254e+02,2.050966619936204722e+02,1.000000000000000000e+01,1.468084999999999980e-06,0.000000000000000000e+00
4.817214841275362005e+02,2.050962535158724620e+02,1.000000000000000000e+01,1.449676000000000043e-06,0.000000000000000000e+00
4.821283027532963388e+02,2.050958466972467136e+02,1.000000000000000000e+01,1.391424999999999981e-06,0.000000000000000000e+00
4.825648733032753057e+02,2.050954101266967200e+02,1.000000000000000000e+01,1.408203000000000000e-06,0.000000000000000000e+00
4.829666959224480252e+02,2.050950083040775667e+02,1.000000000000000000e+01,1.424588999999999999e-06,0.000000000000000000e+00
4.833871115778424041e+02,2.050945878884221543e+02,1.000000000000000000e+01,1.433115999999999900e-06,0.000000000000000000e+00
4.838055465359676077e+02,2.050941694534640476e+02,1.000000000000000000e+01,1.421838999999999898e-06,0.000000000000000000e+00
4.842095934540423059e+02,2.050937654065459697e+02,1.000000000000000000e+01,1.406777000000000024e-06,0.000000000000000000e+00
4.846335864691428696e+02,2.050933414135308510e+02,1.000000000000000000e+01,1.403589999999999931e-06,0.000000000000000000e+00
4.850688178283169805e+02,2.050929061821716743e+02,1.000000000000000000e+01,1.352090999999999901e-06,0.000000000000000000e+00
4.854792414810888204e+02,2.050924957585189077e+02,1.000000000000000000e+01,1.251217000000000026e-06,0.000000000000000000e+00
4.858947945778885469e+02,2.050920802054221213e+02,1.000000000000000000e+01,1.342967000000000037e-06,0.000000000000000000e+00
4.863043064942747833e+02,2.050916706935057334e+02,1.000000000000000000e+01,1.355903999999999910e-06,0.000000000000000000e+00
4.867073129118865609e+02,2.050912676870881057e+02,1.000000000000000000e+01,1.321822999999999990e-06,0.000000000000000000e+00
4.871382158027368519e+02,2.050908367841972790e+02,1.000000000000000000e+01,1.316861000000000028e-06,0.000000000000000000e+00
4.875762826909680712e+02,2.050903987173090286e+02,1.000000000000000000e+01,1.271429999999999997e-06,0.000000000000000000e+00
4.880000237429328536e+02,2.050899749762570821e+02,1.000000000000000000e+01,1.263687999999999953e-06,0.000000000000000000e+00
4.884081967096788048e+02,2.050895668032903245e+02,1.000000000000000000e+01,1.218824999999999931e-06,0.000000000000000000e+00
4.888311215225169803e+02,2.050891438784774721e+02,1.000000000000000000e+01,1.284729999999999937e-06,0.000000000000000000e+00
4.892472747257704668e+02,2.050887277252742251e+02,1.000000000000000000e+01,1.369538999999999992e-06,0.000000000000000000e+00
4.896777212439818072e+02,2.050882972787560163e+02,1.000000000000000000e+01,1.214110000000000011e-06,0.000000000000000000e+00
4.900858979367180268e+02,2.050878891020632864e+02,1.000000000000000000e+01,1.167994999999999945e-06,0.000000000000000000e+00
4.905165680032964133e+02,2.050874584319967084e+02,1.000000000000000000e+01,1.242341000000000020e-06,0.000000000000000000e+00
4.909172172618622199e+02,2.050870577827381283e+02,1.000000000000000000e+01,1.246299000000000008e-06,0.000000000000000000e+00
4.913232885689293994e+02,2.050866517114310739e+02,1.000000000000000000e+01,1.281282000000000051e-06,0.000000000000000000e+00
4.917406437926697436e+02,2.050862343562073420e+02,1.000000000000000000e+01,1.302803999999999944e-06,0.000000000000000000e+00
4.921488158934768080e+02,2.050858261841065371e+02,1.000000000000000000e+01,1.268228999999999941e-06,0.000000000000000000e+00
4.925876884391325916e+02,2.050853873115608792e+02,1.000000000000000000e+01,1.296575999999999976e-06,0.000000000000000000e+00
4.930095260545097062e+02,2.050849654739454877e+02,1.000000000000000000e+01,1.236360000000000094e-06,0.000000000000000000e+00
4.934001886280746589e+02,2.050845748113719367e+02,1.000000000000000000e+01,1.270439999999999986e-06,0.000000000000000000e+00
4.938435186937737171e+02,2.050841314813062297e+02,1.000000000000000000e+01,1.270076999999999919e-06,0.000000000000000000e+00
4.942357574538297627e+02,2.050837392425461587e+02,1.000000000000000000e+01,1.290333000000000017e-06,0.000000000000000000e+00
4.946564016050000987e+02,2.050833185983950102e+02,1.000000000000000000e+01,1.242428000000000092e-06,0.000000000000000000e+00
4.950960356062544747e+02,2.050828789643937569e+02,1.000000000000000000e+01,1.176973000000000014e-06,0.000000000000000000e+00
4.955249025247504733e+02,2.050824500974752596e+02,1.000000000000000000e+01,1.139575000000000012e-06,0.000000000000000000e+00
4.959209786094839956e+02,2.050820540213905190e+02,1.000000000000000000e+01,1.182924999999999986e-06,0.000000000000000000e+00
4.963365195536352985e+02,2.050816384804463723e+02,1.000000000000000000e+01,1.118489000000000084e-06,0.000000000000000000e+00
4.967741916384376850e+02,2.050812008083615581e+02,1.000000000000000000e+01,1.159759000000000029e-06,0.000000000000000000e+00
4.971591841929257498e+02,2.050808158158070853e+02,1.000000000000000000e+01,1.069477999999999910e-06,0.000000000000000000e+00
4.975990936431297769e+02,2.050803759063568634e+02,1.000000000000000000e+01,1.123772000000000012e-06,0.000000000000000000e+00
4.979980347638256148e+02,2.050799769652361704e+02,1.000000000000000000e+01,1.180641000000000043e-06,0.000000000000000000e+00
4.984218312975024219e+02,2.050795531687024891e+02,1.000000000000000000e+01,1.162886999999999976e-06,0.000000000000000000e+00
4.988564679361712706e+02,2.050791185320638306e+02,1.000000000000000000e+01,1.162553000000000074e-06,0.000000000000000000e+00
4.992717347469981632e+02,2.050787032652530115e+02,1.000000000000000000e+01,1.152452999999999950e-06,0.000000000000000000e+00
4.996986857799657855e+02,2.050782763142200338e+02,1.000000000000000000e+01,1.179214000000000040e-06,0.000000000000000000e+00
5.001425512476740209e+02,2.050778324487523321e+02,1.000000000000000000e+01,1.162639999999999934e-06,0.000000000000000000e+00
5.005410399790072233e+02,2.050774339600209828e+02,1.000000000000000000e+01,1.224500000000000092e-06,0.000000000000000000e+00
5.009645327073641852e+02,2.050770104672926379e+02,1.000000000000000000e+01,1.199630999999999924e-06,0.000000000000000000e+00
5.013759322018607349e+02,2.050765990677981279e+02,1.000000000000000000e+01,1.157415999999999940e-06,0.000000000000000000e+00
5.017916858290925006e+02,2.050761833141709189e+02,1.000000000000000000e+01,1.148218999999999967e-06,0.000000000000000000e+00
5.022150094591195284e+02,2.050757599905408881e+02,1.000000000000000000e+01,1.204141999999999931e-06,0.000000000000000000e+00
5.026229579406215180e+02,2.050753520420593929e+02,1.000000000000000000e+01,1.214022999999999938e-06,0.000000000000000000e+00
5.030536334288998432e+02,2.050749213665710897e+02,1.000000000000000000e+01,1.178341000000000082e-06,0.000000000000000000e+00
5.034582344942749046e+02,2.050745167655057344e+02,1.000000000000000000e+01,1.228559999999999931e-06,0.000000000000000000e+00
5.038691402231822849e+02,2.050741058597768074e+02,1.000000000000000000e+01,1.164356999999999896e-06,0.000000000000000000e+00
5.042812248956320786e+02,2.050736937751043740e+02,1.000000000000000000e+01,1.009132000000000039e-06,0.000000000000000000e+00
5.046863298889659859e+02,2.050732886701110260e+02,1.000000000000000000e+01,1.084918000000000054e-06,0.000000000000000000e+00
5.051289548185786771e+02,2.050728460451814215e+02,1.000000000000000000e+01,1.201770000000000100e-06,0.000000000000000000e+00
5.055249522602471757e+02,2.050724500477397498e+02,1.000000000000000000e+01,1.128283000000000019e-06,0.000000000000000000e+00
5.059457625741471816e+02,2.050720292374258520e+02,1.000000000000000000e+01,1.152889999999999943e-06,0.000000000000000000e+00
5.063888144723936762e+02,2.050715861855276216e+02,1.000000000000000000e+01,1.215172000000000103e-06,0.000000000000000000e+00
5.068040841052826977e+02,2.050711709158947258e+02,1.000000000000000000e+01,1.162377999999999902e-06,0.000000000000000000e+00
5.072251484264400005e+02,2.050707498515735665e+02,1.000000000000000000e+01,1.137377999999999929e-06,0.000000000000000000e+00
5.076330956101580796e+02,2.050703419043898350e+02,1.000000000000000000e+01,1.164837000000000017e-06,0.000000000000000000e+00
5.080637724814574199e+02,2.050699112275185314e+02,1.000000000000000000e+01,1.149543000000000092e-06,0.000000000000000000e+00
5.084932190887162733e+02,2.050694817809112749e+02,1.000000000000000000e+01,1.184670999999999902e-06,0.000000000000000000e+00
5.089023943093839080e+02,2.050690726056906215e+02,1.000000000000000000e+01,1.188557000000000020e-06,0.000000000000000000e+00
5.093161230810333677e+02,2.050686588769189598e+02,1.000000000000000000e+01,1.153340999999999898e-06,0.000000000000000000e+00
5.097401187794927750e+02,2.050682348812205191e+02,1.000000000000000000e+01,1.227614000000000076e-06,0.000000000000000000e+00
5.101391090242855171e+02,2.050678358909757151e+02,1.000000000000000000e+01,1.290637999999999966e-06,0.000000000000000000e+00
5.105800955364230163e+02,2.050673949044635833e+02,1.000000000000000000e+01,1.345600999999999901e-06,0.000000000000000000e+00
5.110098734214658975e+02,2.050669651265785376e+02,1.000000000000000000e+01,1.254608000000000033e-06,0.000000000000000000e+00
5.114006517748092051e+02,2.050665743482252026e+02,1.000000000000000000e+01,1.271808000000000055e-06,0.000000000000000000e+00
5.118161967121690736e+02,2.050661588032878342e+02,1.000000000000000000e+01,1.284250000000000028e-06,0.000000000000000000e+00
5.122154788390123485e+02,2.050657595211609987e+02,1.000000000000000000e+01,1.217820999999999957e-06,0.000000000000000000e+00
5.126432410166551108e+02,2.050653317589833478e+02,1.000000000000000000e+01,1.157168000000000082e-06,0.000000000000000000e+00
5.130677568273531506e+02,2.050649072431726552e+02,1.000000000000000000e+01,1.176115000000000046e-06,0.000000000000000000e+00
5.134781084769124391e+02,2.050644968915230777e+02,1.000000000000000000e+01,1.205960999999999955e-06,0.000000000000000000e+00
5.138933786900628320e+02,2.050640816213099527e+02,1.000000000000000000e+01,1.227076000000000049e-06,0.000000000000000000e+00
5.142808756170483093e+02,2.050636941243829483e+02,1.000000000000000000e+01,1.251376999999999996e-06,0.000000000000000000e+00
5.147267763658484228e+02,2.050632482236341616e+02,1.000000000000000000e+01,1.260719999999999976e-06,0.000000000000000000e+00
5.151505192375772140e+02,2.050628244807624299e+02,1.000000000000000000e+01,1.233216999999999945e-06,0.000000000000000000e+00
5.155825085003179993e+02,2.050623924914996792e+02,1.000000000000000000e+01,1.220615000000000002e-06,0.000000000000000000e+00
5.159728070742462478e+02,2.050620021929257462e+02,1.000000000000000000e+01,1.223873999999999965e-06,0.000000000000000000e+00
5.164130529392742801e+02,2.050615619470607385e+02,1.000000000000000000e+01,1.198917999999999936e-06,0.000000000000000000e+00
5.168204884465649229e+02,2.050611545115534398e+02,1.000000000000000000e+01,1.245628999999999937e-06,0.000000000000000000e+00
5.172222514992084825e+02,2.050607527485007893e+02,1.000000000000000000e+01,1.306310999999999977e-06,0.000000000000000000e+00
5.176531543900587167e+02,2.050603218456099341e+02,1.000000000000000000e+01,1.299210000000000051e-06,0.000000000000000000e+00
5.180922130661514302e+02,2.050598827869338550e+02,1.000000000000000000e+01,1.319145999999999999e-06,0.000000000000000000e+00
5.184915554369985102e+02,2.050594834445629999e+02,1.000000000000000000e+01,1.224848999999999985e-06,0.000000000000000000e+00
5.189048613513729151e+02,2.050590701386486217e+02,1.000000000000000000e+01,1.299763000000000069e-06,0.000000000000000000e+00
5.193477122570042184e+02,2.050586272877430076e+02,1.000000000000000000e+01,1.263818999999999969e-06,0.000000000000000000e+00
5.197632532011556350e+02,2.050582117467988326e+02,1.000000000000000000e+01,1.323685999999999959e-06,0.000000000000000000e+00
5.201912915616663895e+02,2.050577837084383361e+02,1.000000000000000000e+01,1.244160000000000045e-06,0.000000000000000000e+00
5.205990118817635448e+02,2.050573759881182525e+02,1.000000000000000000e+01,1.333697999999999983e-06,0.000000000000000000e+00
5.210301469430950192e+02,2.050569448530569048e+02,1.000000000000000000e+01,1.330219999999999903e-06,0.000000000000000000e+00
5.214521102467729179e+02,2.050565228897532393e+02,1.000000000000000000e+01,1.266831999999999918e-06,0.000000000000000000e+00
5.218396013656001742e+02,2.050561353986344102e+02,1.000000000000000000e+01,1.256456000000000011e-06,0.000000000000000000e+00
5.222791343400367623e+02,2.050556958656599704e+02,1.000000000000000000e+01,1.329913999999999927e-06,0.000000000000000000e+00
5.226690636709539604e+02,2.050553059363290345e+02,1.000000000000000000e+01,1.386913999999999974e-06,0.000000000000000000e+00
5.231016194871060634e+02,2.050548733805129018e+02,1.000000000000000000e+01,1.413063999999999927e-06,0.000000000000000000e+00
5.235003234595532149e+02,2.050544746765404511e+02,1.000000000000000000e+01,1.379667000000000042e-06,0.000000000000000000e+00
5.239162230619168668e+02,2.050540587769380920e+02,1.000000000000000000e+01,1.393084000000000035e-06,0.000000000000000000e+00
5.243595469260742448e+02,2.050536154530739168e+02,1.000000000000000000e+01,1.418578999999999907e-06,0.000000000000000000e+00
5.247479919303407314e+02,2.050532270080696549e+02,1.000000000000000000e+01,1.366658000000000087e-06,0.000000000000000000e+00
5.251787084333795974e+02,2.050527962915666365e+02,1.000000000000000000e+01,1.268447000000000029e-06,0.000000000000000000e+00
5.256004754483827810e+02,2.050523745245516238e+02,1.000000000000000000e+01,1.312583000000000101e-06,0.000000000000000000e+00
5.260175575008132682e+02,2.050519574424992015e+02,1.000000000000000000e+01,1.331238000000000052e-06,0.000000000000000000e+00
5.264367289039680600e+02,2.050515382710960353e+02,1.000000000000000000e+01,1.322957999999999980e-06,0.000000000000000000e+00
5.268665488928647846e+02,2.050511084511071260e+02,1.000000000000000000e+01,1.315507999999999950e-06,0.000000000000000000e+00
5.272866287974669603e+02,2.050506883712025399e+02,1.000000000000000000e+01,1.388586999999999992e-06,0.000000000000000000e+00
5.276892841833058583e+02,2.050502857158166989e+02,1.000000000000000000e+01,1.419641000000000000e-06,0.000000000000000000e+00
5.281257040874393169e+02,2.050498492959125656e+02,1.000000000000000000e+01,1.353939000000000091e-06,0.000000000000000000e+00
5.285563768801370088e+02,2.050494186231198626e+02,1.000000000000000000e+01,1.324050000000000054e-06,0.000000000000000000e+00
5.289839033027620872e+02,2.050489910966972502e+02,1.000000000000000000e+01,1.172956999999999907e-06,0.000000000000000000e+00
5.293716727860683022e+02,2.050486033272139252e+02,1.000000000000000000e+01,1.331034999999999954e-06,0.000000000000000000e+00
5.297866578545869061e+02,2.050481883421454086e+02,1.000000000000000000e+01,1.335502000000000016e-06,0.000000000000000000e+00
5.302317354497960196e+02,2.050477432645502063e+02,1.000000000000000000e+01,1.338397999999999912e-06,0.000000000000000000e+00
5.306307278685083020e+02,2.050473442721314825e+02,1.000000000000000000e+01,1.360590000000000089e-06,0.000000000000000000e+00
5.310451836510744670e+02,2.050469298163489213e+02,1.000000000000000000e+01,1.314095999999999937e-06,0.000000000000000000e+00
5.314480143239590006e+02,2.050465269856760528e+02,1.000000000000000000e+01,1.336825999999999930e-06,0.000000000000000000e+00
5.318913404087257959e+02,2.050460836595912895e+02,1.000000000000000000e+01,1.236505000000000073e-06,0.000000000000000000e+00
5.322761924855077496e+02,2.050456988075144977e+02,1.000000000000000000e+01,1.233435000000000033e-06,0.000000000000000000e+00
5.326999401269144983e+02,2.050452750598730915e+02,1.000000000000000000e+01,1.298919000000000065e-06,0.000000000000000000e+00
5.331239034983997271e+02,2.050448510965015885e+02,1.000000000000000000e+01,1.272492000000000090e-06,0.000000000000000000e+00
5.335431144847328824e+02,2.050444318855152801e+02,1.000000000000000000e+01,1.306151000000000007e-06,0.000000000000000000e+00
5.339682378222493071e+02,2.050440067621777587e+02,1.000000000000000000e+01,1.342719999999999995e-06,0.000000000000000000e+00
5.343699062477635380e+02,2.050436050937522339e+02,1.000000000000000000e+01,1.337262999999999922e-06,0.000000000000000000e+00
5.347707272627030761e+02,2.050432042727373130e+02,1.000000000000000000e+01,1.263571999999999928e-06,0.000000000000000000e+00
5.352176429064885497e+02,2.050427573570935067e+02,1.000000000000000000e+01,1.325141000000000100e-06,0.000000000000000000e+00
5.356278843822435647e+02,2.050423471156177584e+02,1.000000000000000000e+01,1.332984999999999995e-06,0.000000000000000000e+00
5.360474527882718121e+02,2.050419275472117420e+02,1.000000000000000000e+01,1.315828000000000101e-06,0.000000000000000000e+00
5.364735457025471987e+02,2.050415014542974461e+02,1.000000000000000000e+01,1.301771000000000017e-06,0.000000000000000000e+00
5.368863058674531885e+02,2.050410886941325543e+02,1.000000000000000000e+01,1.295207999999999907e-06,0.000000000000000000e+00
5.372989312824428225e+02,2.050406760687175733e+02,1.000000000000000000e+01,1.280598000000000017e-06,0.000000000000000000e+00
5.377229195009422256e+02,2.050402520804990729e+02,1.000000000000000000e+01,1.246312999999999971e-06,0.000000000000000000e+00
5.381216617762828491e+02,2.050398533382237076e+02,1.000000000000000000e+01,1.306354999999999921e-06,0.000000000000000000e+00
5.385642280026024764e+02,2.050394107719974102e+02,1.000000000000000000e+01,1.343636999999999897e-06,0.000000000000000000e+00
5.389943317030243861e+02,2.050389806682969720e+02,1.000000000000000000e+01,1.248700000000000005e-06,0.000000000000000000e+00
5.394096013359131803e+02,2.050385653986640762e+02,1.000000000000000000e+01,1.217457000000000073e-06,0.000000000000000000e+00
5.398251469147583066e+02,2.050381498530852582e+02,1.000000000000000000e+01,1.226973999999999986e-06,0.000000000000000000e+00
5.402217667828956564e+02,2.050377532332171029e+02,1.000000000000000000e+01,1.299834999999999939e-06,0.000000000000000000e+00
5.406648634728882143e+02,2.050373101365271111e+02,1.000000000000000000e+01,1.270629999999999937e-06,0.000000000000000000e+00
5.410883621651279327e+02,2.050368866378348685e+02,1.000000000000000000e+01,1.240900000000000054e-06,0.000000000000000000e+00
5.414885041920582580e+02,2.050364864958079352e+02,1.000000000000000000e+01,1.280480999999999963e-06,0.000000000000000000e+00
5.419289910207544381e+02,2.050360460089792412e+02,1.000000000000000000e+01,1.294378000000000078e-06,0.000000000000000000e+00
5.423162042017653448e+02,2.050356587957982413e+02,1.000000000000000000e+01,1.283362999999999896e-06,0.000000000000000000e+00
5.427348473944913394e+02,2.050352401526055246e+02,1.000000000000000000e+01,1.329827000000000067e-06,0.000000000000000000e+00
5.431519308687527428e+02,2.050348230691312494e+02,1.000000000000000000e+01,1.376669000000000083e-06,0.000000000000000000e+00
5.435739164988071934e+02,2.050344010835011943e+02,1.000000000000000000e+01,1.377237000000000092e-06,0.000000000000000000e+00
5.440044162964435372e+02,2.050339705837035638e+02,1.000000000000000000e+01,1.317733999999999986e-06,0.000000000000000000e+00
5.443931016152888560e+02,2.050335818983847105e+02,1.000000000000000000e+01,1.285282999999999956e-06,0.000000000000000000e+00
5.448275364301731543e+02,2.050331474635698328e+02,1.000000000000000000e+01,1.346124999999999965e-06,0.000000000000000000e+00
5.452513941419617822e+02,2.050327236058580525e+02,1.000000000000000000e+01,1.430773000000000023e-06,0.000000000000000000e+00
5.456502722499999436e+02,2.050323247277499945e+02,1.000000000000000000e+01,1.390347999999999898e-06,0.000000000000000000e+00
5.460904667363536191e+02,2.050318845332636499e+02,1.000000000000000000e+01,1.328763999999999946e-06,0.000000000000000000e+00
5.465211422246319444e+02,2.050314538577753751e+02,1.000000000000000000e+01,1.374675999999999914e-06,0.000000000000000000e+00
5.469220028760913692e+02,2.050310529971239077e+02,1.000000000000000000e+01,1.417488000000000073e-06,0.000000000000000000e+00
5.473288793108383743e+02,2.050306461206891697e+02,1.000000000000000000e+01,1.391702000000000004e-06,0.000000000000000000e+00
5.477449853926394781e+02,2.050302300146073549e+02,1.000000000000000000e+01,1.439009999999999966e-06,0.000000000000000000e+00
5.481932273880579487e+02,2.050297817726119547e+02,1.000000000000000000e+01,1.414664000000000047e-06,0.000000000000000000e+00
5.485978897868956210e+02,2.050293771102131188e+02,1.000000000000000000e+01,1.437525000000000056e-06,0.000000000000000000e+00
5.490159570952812373e+02,2.050289590429047166e+02,1.000000000000000000e+01,1.477732000000000093e-06,0.000000000000000000e+00
5.494610624412224524e+02,2.050285139375587846e+02,1.000000000000000000e+01,1.461507000000000092e-06,0.000000000000000000e+00
5.498533589277814144e+02,2.050281216410722323e+02,1.000000000000000000e+01,1.516411000000000091e-06,0.000000000000000000e+00
5.502640945042012390e+02,2.050277109054958089e+02,1.000000000000000000e+01,1.528606000000000023e-06,0.000000000000000000e+00
5.506922072997766691e+02,2.050272827927002197e+02,1.000000000000000000e+01,1.620763000000000045e-06,0.000000000000000000e+00
5.511126423521460538e+02,2.050268623576478433e+02,1.000000000000000000e+01,1.572290999999999927e-06,0.000000000000000000e+00
5.515308162505422160e+02,2.050264441837494473e+02,1.000000000000000000e+01,1.527688999999999910e-06,0.000000000000000000e+00
5.519526736120020587e+02,2.050260223263879880e+02,1.000000000000000000e+01,1.578212999999999919e-06,0.000000000000000000e+00
5.523401581042754742e+02,2.050256348418957373e+02,1.000000000000000000e+01,1.567154000000000005e-06,0.000000000000000000e+00
5.527554277371643821e+02,2.050252195722628414e+02,1.000000000000000000e+01,1.636813999999999902e-06,0.000000000000000000e+00
5.531699015037174831e+02,2.050248050984962731e+02,1.000000000000000000e+01,1.641848999999999974e-06,0.000000000000000000e+00
5.535935222640528082e+02,2.050243814777359432e+02,1.000000000000000000e+01,1.593377000000000067e-06,0.000000000000000000e+00
5.540225995467557141e+02,2.050239524004532541e+02,1.000000000000000000e+01,1.553809999999999909e-06,0.000000000000000000e+00
5.544178959578021022e+02,2.050235571040421974e+02,1.000000000000000000e+01,1.628490000000000099e-06,0.000000000000000000e+00
5.548612220425690111e+02,2.050231137779574340e+02,1.000000000000000000e+01,1.671709000000000057e-06,0.000000000000000000e+00
5.552719023053067531e+02,2.050227030976946878e+02,1.000000000000000000e+01,1.671608000000000022e-06,0.000000000000000000e+00
5.556728348634270560e+02,2.050223021651365798e+02,1.000000000000000000e+01,1.646869000000000054e-06,0.000000000000000000e+00
5.561107529188262788e+02,2.050218642470811687e+02,1.000000000000000000e+01,1.664563999999999976e-06,0.000000000000000000e+00
5.565379759712144505e+02,2.050214370240287849e+02,1.000000000000000000e+01,1.538791999999999979e-06,0.000000000000000000e+00
5.569378431658184354e+02,2.050210371568341827e+02,1.000000000000000000e+01,1.567313999999999975e-06,0.000000000000000000e+00
5.573678063503423346e+02,2.050206071936496528e+02,1.000000000000000000e+01,1.620675999999999973e-06,0.000000000000000000e+00
5.577882259142957082e+02,2.050201867740857153e+02,1.000000000000000000e+01,1.589068999999999947e-06,0.000000000000000000e+00
5.581907858202723673e+02,2.050197842141797366e+02,1.000000000000000000e+01,1.538544999999999937e-06,0.000000000000000000e+00
5.586142785486294997e+02,2.050193607214513634e+02,1.000000000000000000e+01,1.654959999999999991e-06,0.000000000000000000e+00
5.590572938607676861e+02,2.050189177061392343e+02,1.000000000000000000e+01,1.627718999999999992e-06,0.000000000000000000e+00
5.594855663579739939e+02,2.050184894336420314e+02,1.000000000000000000e+01,1.573556999999999934e-06,0.000000000000000000e+00
5.598961432317668141e+02,2.050180788567682271e+02,1.000000000000000000e+01,1.606283999999999959e-06,0.000000000000000000e+00
5.602880550332653229e+02,2.050176869449667265e+02,1.000000000000000000e+01,1.663953000000000050e-06,0.000000000000000000e+00
5.607332430506452283e+02,2.050172417569493462e+02,1.000000000000000000e+01,1.647800999999999946e-06,0.000000000000000000e+00
5.611518583114327612e+02,2.050168231416885760e+02,1.000000000000000000e+01,1.662993000000000021e-06,0.000000000000000000e+00
5.615559783410863020e+02,2.050164190216589191e+02,1.000000000000000000e+01,1.532927999999999895e-06,0.000000000000000000e+00
5.620039298554758034e+02,2.050159710701445306e+02,1.000000000000000000e+01,1.629349000000000093e-06,0.000000000000000000e+00
5.623930088986668352e+02,2.050155819911013282e+02,1.000000000000000000e+01,1.430438999999999909e-06,0.000000000000000000e+00
5.627979096076858241e+02,2.050151770903923136e+02,1.000000000000000000e+01,1.584150999999999929e-06,0.000000000000000000e+00
5.632016979130684149e+02,2.050147733020869225e+02,1.000000000000000000e+01,1.573775000000000022e-06,0.000000000000000000e+00
5.636367626769604158e+02,2.050143382373230452e+02,1.000000000000000000e+01,1.539476000000000014e-06,0.000000000000000000e+00
5.640620244072918013e+02,2.050139129755927172e+02,1.000000000000000000e+01,1.646709000000000085e-06,0.000000000000000000e+00
5.644699129387440735e+02,2.050135050870612474e+02,1.000000000000000000e+01,1.674779999999999913e-06,0.000000000000000000e+00
5.648854569189991253e+02,2.050130895430810085e+02,1.000000000000000000e+01,1.607564999999999956e-06,0.000000000000000000e+00
5.652732295660932778e+02,2.050127017704339210e+02,1.000000000000000000e+01,1.710679000000000041e-06,0.000000000000000000e+00
5.656999088078766817e+02,2.050122750911921230e+02,1.000000000000000000e+01,1.660679000000000097e-06,0.000000000000000000e+00
5.661436430372862105e+02,2.050118313569627162e+02,1.000000000000000000e+01,1.658364999999999961e-06,0.000000000000000000e+00
5.665767750265391669e+02,2.050113982249734761e+02,1.000000000000000000e+01,1.586842999999999911e-06,0.000000000000000000e+00
5.669663723638445845e+02,2.050110086276361585e+02,1.000000000000000000e+01,1.633815999999999944e-06,0.000000000000000000e+00
5.674056840077397510e+02,2.050105693159922566e+02,1.000000000000000000e+01,1.702079000000000031e-06,0.000000000000000000e+00
5.678212315784451221e+02,2.050101537684215600e+02,1.000000000000000000e+01,1.697816000000000094e-06,0.000000000000000000e+00
5.682616833553815923e+02,2.050097133166446213e+02,1.000000000000000000e+01,1.654887000000000093e-06,0.000000000000000000e+00
5.686473581175857817e+02,2.050093276418824075e+02,1.000000000000000000e+01,1.541266000000000085e-06,0.000000000000000000e+00
5.690860852423663800e+02,2.050088889147576481e+02,1.000000000000000000e+01,1.605716999999999978e-06,0.000000000000000000e+00
5.695290211283845565e+02,2.050084459788716060e+02,1.000000000000000000e+01,1.658539999999999921e-06,0.000000000000000000e+00
5.699083222996731593e+02,2.050080666777003273e+02,1.000000000000000000e+01,1.621156000000000094e-06,0.000000000000000000e+00
5.703411837654730334e+02,2.050076338162345166e+02,1.000000000000000000e+01,1.634762000000000011e-06,0.000000000000000000e+00
5.707552746060592881e+02,2.050072197253939521e+02,1.000000000000000000e+01,1.429493000000000054e-06,0.000000000000000000e+00
5.711550446413320969e+02,2.050068199553586794e+02,1.000000000000000000e+01,1.651671000000000047e-06,0.000000000000000000e+00
5.715943546684017065e+02,2.050063806453316033e+02,1.000000000000000000e+01,1.471925999999999915e-06,0.000000000000000000e+00
5.720023003448200143e+02,2.050059726996551888e+02,1.000000000000000000e+01,1.574676999999999933e-06,0.000000000000000000e+00
5.724178032411800814e+02,2.050055571967588151e+02,1.000000000000000000e+01,1.546068000000000077e-06,0.000000000000000000e+00
5.728245152451155491e+02,2.050051504847548927e+02,1.000000000000000000e+01,1.553271000000000065e-06,0.000000000000000000e+00
5.732256887076836165e+02,2.050047493112923291e+02,1.000000000000000000e+01,1.630163999999999932e-06,0.000000000000000000e+00
5.736563655563988959e+02,2.050043186344435924e+02,1.000000000000000000e+01,1.581021999999999954e-06,0.000000000000000000e+00
5.740643119186311196e+02,2.050039106880813620e+02,1.000000000000000000e+01,1.484585999999999977e-06,0.000000000000000000e+00
5.744938734678081573e+02,2.050034811265321935e+02,1.000000000000000000e+01,1.452586999999999930e-06,0.000000000000000000e+00
5.749184731868604104e+02,2.050030565268131397e+02,1.000000000000000000e+01,1.456618000000000027e-06,0.000000000000000000e+00
5.753342874038733044e+02,2.050026407125961327e+02,1.000000000000000000e+01,1.591324999999999964e-06,0.000000000000000000e+00
5.757414643809341896e+02,2.050022335356190695e+02,1.000000000000000000e+01,1.584819999999999973e-06,0.000000000000000000e+00
5.761731396842470758e+02,2.050018018603157657e+02,1.000000000000000000e+01,1.542561000000000044e-06,0.000000000000000000e+00
5.765641939111142165e+02,2.050014108060888987e+02,1.000000000000000000e+01,1.406326000000000069e-06,0.000000000000000000e+00
5.770115338257683106e+02,2.050009634661742268e+02,1.000000000000000000e+01,1.483117000000000085e-06,0.000000000000000000e+00
5.774293665989874853e+02,2.050005456334010034e+02,1.000000000000000000e+01,1.620689999999999936e-06,0.000000000000000000e+00
5.778351723829290449e+02,2.050001398276170619e+02,1.000000000000000000e+01,1.601175999999999991e-06,0.000000000000000000e+00
5.782356043963478669e+02,2.049997393956036547e+02,1.000000000000000000e+01,1.491119999999999921e-06,0.000000000000000000e+00
5.786826581263866274e+02,2.049992923418736268e+02,1.000000000000000000e+01,1.460430000000000009e-06,0.000000000000000000e+00
5.791063950342326052e+02,2.049988686049657645e+02,1.000000000000000000e+01,1.458334999999999989e-06,0.000000000000000000e+00
5.795503532050920512e+02,2.049984246467949163e+02,1.000000000000000000e+01,1.467735000000000060e-06,0.000000000000000000e+00
5.799541357908296959e+02,2.049980208642091668e+02,1.000000000000000000e+01,1.399355999999999948e-06,0.000000000000000000e+00
5.803643074512298199e+02,2.049976106925487613e+02,1.000000000000000000e+01,1.363296000000000034e-06,0.000000000000000000e+00
5.807798514252392579e+02,2.049971951485747752e+02,1.000000000000000000e+01,1.410561000000000080e-06,0.000000000000000000e+00
5.811880073188477809e+02,2.049967869926811659e+02,1.000000000000000000e+01,1.371227000000000001e-06,0.000000000000000000e+00
5.816243489574884507e+02,2.049963506510425191e+02,1.000000000000000000e+01,1.250621000000000092e-06,0.000000000000000000e+00
5.820232893712218356e+02,2.049959517106287876e+02,1.000000000000000000e+01,1.189895999999999924e-06,0.000000000000000000e+00
5.824469619856528197e+02,2.049955280380143563e+02,1.000000000000000000e+01,1.315769999999999982e-06,0.000000000000000000e+00
5.828602977359472561e+02,2.049951147022640612e+02,1.000000000000000000e+01,1.253690999999999920e-06,0.000000000000000000e+00
5.832725743472843760e+02,2.049947024256527186e+02,1.000000000000000000e+01,1.200911000000000105e-06,0.000000000000000000e+00
5.836991453197719011e+02,2.049942758546802395e+02,1.000000000000000000e+01,1.094959000000000031e-06,0.000000000000000000e+00
5.841070984641409041e+02,2.049938679015358503e+02,1.000000000000000000e+01,1.235385000000000074e-06,0.000000000000000000e+00
5.845377731332408757e+02,2.049934372268667744e+02,1.000000000000000000e+01,1.263354000000000051e-06,0.000000000000000000e+00
5.849401335341930235e+02,2.049930348664658197e+02,1.000000000000000000e+01,1.138862000000000024e-06,0.000000000000000000e+00
5.853492004495454921e+02,2.049926257995504670e+02,1.000000000000000000e+01,1.137479999999999992e-06,0.000000000000000000e+00
5.857845668669081078e+02,2.049921904331330893e+02,1.000000000000000000e+01,1.229694999999999921e-06,0.000000000000000000e+00
5.861695594213962295e+02,2.049918054405786165e+02,1.000000000000000000e+01,1.197579000000000033e-06,0.000000000000000000e+00
5.866105087831293758e+02,2.049913644912168706e+02,1.000000000000000000e+01,1.080829000000000049e-06,0.000000000000000000e+00
5.870540929687059588e+02,2.049909209070312954e+02,1.000000000000000000e+01,1.109089000000000013e-06,0.000000000000000000e+00
5.874816553774385284e+02,2.049904933446225641e+02,1.000000000000000000e+01,1.219668999999999935e-06,0.000000000000000000e+00
5.878822317211765949e+02,2.049900927682788279e+02,1.000000000000000000e+01,1.215142999999999938e-06,0.000000000000000000e+00
5.882846992875317937e+02,2.049896903007124820e+02,1.000000000000000000e+01,1.146749000000000047e-06,0.000000000000000000e+00
5.887302177513776087e+02,2.049892447822486190e+02,1.000000000000000000e+01,1.078747999999999993e-06,0.000000000000000000e+00
5.891542107664781724e+02,2.049888207892335288e+02,1.000000000000000000e+01,1.272288999999999992e-06,0.000000000000000000e+00
5.895527028984470235e+02,2.049884222971015504e+02,1.000000000000000000e+01,1.255116999999999896e-06,0.000000000000000000e+00
5.900013094541433247e+02,2.049879736905458572e+02,1.000000000000000000e+01,1.112028000000000036e-06,0.000000000000000000e+00
5.903872145946650107e+02,2.049875877854053385e+02,1.000000000000000000e+01,1.174965000000000066e-06,0.000000000000000000e+00
5.908052016433853169e+02,2.049871697983566037e+02,1.000000000000000000e+01,1.229971999999999944e-06,0.000000000000000000e+00
5.912260627515614715e+02,2.049867489372484499e+02,1.000000000000000000e+01,1.260778000000000095e-06,0.000000000000000000e+00
5.916340099551083540e+02,2.049863409900448801e+02,1.000000000000000000e+01,1.181003999999999899e-06,0.000000000000000000e+00
5.920646868462372368e+02,2.049859103131537665e+02,1.000000000000000000e+01,1.226318999999999905e-06,0.000000000000000000e+00
5.924701525246307483e+02,2.049855048474753687e+02,1.000000000000000000e+01,1.227221000000000028e-06,0.000000000000000000e+00
5.928821021819338739e+02,2.049850928978180775e+02,1.000000000000000000e+01,1.180436999999999918e-06,0.000000000000000000e+00
5.933114837795753829e+02,2.049846635162204223e+02,1.000000000000000000e+01,1.154737999999999921e-06,0.000000000000000000e+00
5.936967037366355271e+02,2.049842782962633692e+02,1.000000000000000000e+01,1.206572000000000092e-06,0.000000000000000000e+00
5.941403683278861081e+02,2.049838346316721243e+02,1.000000000000000000e+01,1.060631000000000069e-06,0.000000000000000000e+00
5.945740504717412023e+02,2.049834009495282601e+02,1.000000000000000000e+01,8.533971000000000205e-07,0.000000000000000000e+00
5.949628527417162331e+02,2.049830121472582789e+02,1.000000000000000000e+01,1.136052999999999989e-06,0.000000000000000000e+00
5.954020446173827850e+02,2.049825729553826079e+02,1.000000000000000000e+01,1.146342000000000035e-06,0.000000000000000000e+00
5.958105826646627747e+02,2.049821644173353263e+02,1.000000000000000000e+01,1.108171999999999899e-06,0.000000000000000000e+00
5.962130273728041630e+02,2.049817619726271971e+02,1.000000000000000000e+01,1.079358999999999918e-06,0.000000000000000000e+00
5.966439279441360668e+02,2.049813310720558661e+02,1.000000000000000000e+01,1.205743000000000079e-06,0.000000000000000000e+00
5.970518733664417823e+02,2.049809231266335701e+02,1.000000000000000000e+01,1.205030000000000091e-06,0.000000000000000000e+00
5.974789486574601369e+02,2.049804960513425556e+02,1.000000000000000000e+01,1.119508000000000048e-06,0.000000000000000000e+00
5.979050468570338808e+02,2.049800699531429586e+02,1.000000000000000000e+01,1.134670999999999957e-06,0.000000000000000000e+00
5.983218504098894073e+02,2.049796531495901206e+02,1.000000000000000000e+01,1.216235000000000011e-06,0.000000000000000000e+00
5.987277821474749544e+02,2.049792472178525315e+02,1.000000000000000000e+01,1.154476000000000100e-06,0.000000000000000000e+00
5.991604774843312953e+02,2.049788145225156768e+02,1.000000000000000000e+01,1.148771999999999985e-06,0.000000000000000000e+00
5.995911509958363013e+02,2.049783838490041603e+02,1.000000000000000000e+01,1.097432999999999925e-06,0.000000000000000000e+00
6.000245056819103411e+02,2.049779504943180939e+02,1.000000000000000000e+01,1.112362999999999966e-06,0.000000000000000000e+00
6.004304568831056486e+02,2.049775445431168919e+02,1.000000000000000000e+01,1.184031000000000023e-06,0.000000000000000000e+00
6.008472446164122402e+02,2.049771277553835773e+02,1.000000000000000000e+01,1.209671999999999902e-06,0.000000000000000000e+00
6.012690761805208695e+02,2.049767059238194804e+02,1.000000000000000000e+01,1.059641000000000058e-06,0.000000000000000000e+00
6.016699762627926020e+02,2.049763050237372113e+02,1.000000000000000000e+01,1.132414999999999940e-06,0.000000000000000000e+00
6.021081541966125315e+02,2.049758668458033810e+02,1.000000000000000000e+01,1.228502000000000024e-06,0.000000000000000000e+00
6.024936015562446983e+02,2.049754813984437476e+02,1.000000000000000000e+01,1.184540000000000097e-06,0.000000000000000000e+00
6.029352277891165386e+02,2.049750397722108914e+02,1.000000000000000000e+01,1.165055000000000105e-06,0.000000000000000000e+00
6.033406975834346895e+02,2.049746343024165753e+02,1.000000000000000000e+01,1.268358999999999929e-06,0.000000000000000000e+00
6.037403946790423106e+02,2.049742346053209587e+02,1.000000000000000000e+01,1.068678000000000062e-06,0.000000000000000000e+00
6.041708425564398794e+02,2.049738041574435670e+02,1.000000000000000000e+01,9.173090999999999644e-07,0.000000000000000000e+00
6.045790231033810187e+02,2.049733959768966258e+02,1.000000000000000000e+01,7.962080000000000050e-07,0.000000000000000000e+00
6.050109183568702065e+02,2.049729640816431413e+02,1.000000000000000000e+01,1.030843000000000068e-06,0.000000000000000000e+00
6.054346555251795508e+02,2.049725403444748224e+02,1.000000000000000000e+01,9.818758999999998990e-07,0.000000000000000000e+00
6.058151687913485830e+02,2.049721598312086428e+02,1.000000000000000000e+01,1.137799999999999931e-06,0.000000000000000000e+00
6.062582120391232365e+02,2.049717167879608724e+02,1.000000000000000000e+01,1.131832999999999968e-06,0.000000000000000000e+00
6.066873943969984566e+02,2.049712876056030098e+02,1.000000000000000000e+01,1.134176000000000057e-06,0.000000000000000000e+00
6.071082305325726338e+02,2.049708667694674205e+02,1.000000000000000000e+01,1.177672000000000039e-06,0.000000000000000000e+00
6.075260127503794365e+02,2.049704489872496254e+02,1.000000000000000000e+01,1.060557999999999960e-06,0.000000000000000000e+00
6.079470638613231586e+02,2.049700279361386777e+02,1.000000000000000000e+01,9.493523999999999850e-07,0.000000000000000000e+00
6.083763493537536533e+02,2.049695986506462475e+02,1.000000000000000000e+01,1.148349999999999983e-06,0.000000000000000000e+00
6.087501077742730331e+02,2.049692248922257249e+02,1.000000000000000000e+01,1.108056000000000085e-06,0.000000000000000000e+00
6.091985903213339952e+02,2.049687764096786680e+02,1.000000000000000000e+01,9.048817000000000128e-07,0.000000000000000000e+00
6.096339340964194662e+02,2.049683410659035872e+02,1.000000000000000000e+01,1.000939000000000040e-06,0.000000000000000000e+00
6.100418818190887578e+02,2.049679331181809232e+02,1.000000000000000000e+01,1.043707000000000043e-06,0.000000000000000000e+00
6.104670146452142490e+02,2.049675079853547857e+02,1.000000000000000000e+01,8.412025999999999969e-07,0.000000000000000000e+00
6.108688053913500653e+02,2.049671061946086468e+02,1.000000000000000000e+01,1.081614999999999935e-06,0.000000000000000000e+00
6.112694974591141772e+02,2.049667055025408899e+02,1.000000000000000000e+01,1.047127000000000003e-06,0.000000000000000000e+00
6.116970826830907981e+02,2.049662779173169156e+02,1.000000000000000000e+01,1.070336999999999905e-06,0.000000000000000000e+00
6.121050281280359968e+02,2.049658699718719674e+02,1.000000000000000000e+01,1.026376000000000005e-06,0.000000000000000000e+00
6.125397708914812256e+02,2.049654352291085218e+02,1.000000000000000000e+01,1.168416999999999947e-06,0.000000000000000000e+00
6.129443346172197380e+02,2.049650306653827840e+02,1.000000000000000000e+01,1.019739999999999998e-06,0.000000000000000000e+00
6.133627622891766578e+02,2.049646122377108384e+02,1.000000000000000000e+01,8.418573999999999876e-07,0.000000000000000000e+00
6.137831810162434749e+02,2.049641918189837497e+02,1.000000000000000000e+01,9.046198000000000256e-07,0.000000000000000000e+00
6.141852414723633728e+02,2.049637897585276392e+02,1.000000000000000000e+01,1.014850999999999933e-06,0.000000000000000000e+00
6.146218068687920777e+02,2.049633531931312120e+02,1.000000000000000000e+01,1.016989999999999897e-06,0.000000000000000000e+00
6.150481063189073438e+02,2.049629268936811002e+02,1.000000000000000000e+01,1.062217000000000015e-06,0.000000000000000000e+00
6.154519112402258543e+02,2.049625230887597809e+02,1.000000000000000000e+01,1.043009000000000046e-06,0.000000000000000000e+00
6.158671808731147621e+02,2.049621078191268850e+02,1.000000000000000000e+01,1.233100000000000103e-06,0.000000000000000000e+00
6.162990495853573520e+02,2.049616759504146444e+02,1.000000000000000000e+01,1.290580000000000059e-06,0.000000000000000000e+00
6.166844965881588223e+02,2.049612905034118455e+02,1.000000000000000000e+01,1.093444999999999955e-06,0.000000000000000000e+00
6.171269412648201751e+02,2.049608480587351949e+02,1.000000000000000000e+01,9.734503999999999405e-07,0.000000000000000000e+00
6.175630691062341384e+02,2.049604119308937697e+02,1.000000000000000000e+01,1.145293999999999906e-06,0.000000000000000000e+00
6.179496753547401795e+02,2.049600253246452723e+02,1.000000000000000000e+01,1.243344999999999994e-06,0.000000000000000000e+00
6.183874043714050686e+02,2.049595875956285909e+02,1.000000000000000000e+01,9.821232999999999096e-07,0.000000000000000000e+00
6.188032365064808573e+02,2.049591717634935151e+02,1.000000000000000000e+01,1.128705000000000021e-06,0.000000000000000000e+00
6.192466503129770672e+02,2.049587283496870214e+02,1.000000000000000000e+01,1.193184000000000052e-06,0.000000000000000000e+00
6.196326295261434325e+02,2.049583423704738721e+02,1.000000000000000000e+01,1.201725999999999944e-06,0.000000000000000000e+00
6.200698858102531403e+02,2.049579051141897423e+02,1.000000000000000000e+01,1.311608000000000081e-06,0.000000000000000000e+00
6.205171576517533367e+02,2.049574578423482478e+02,1.000000000000000000e+01,1.186635999999999933e-06,0.000000000000000000e+00
6.209026083209715807e+02,2.049570723916790200e+02,1.000000000000000000e+01,1.105698000000000006e-06,0.000000000000000000e+00
6.213240158804039766e+02,2.049566509841195909e+02,1.000000000000000000e+01,1.227512000000000014e-06,0.000000000000000000e+00
6.217412336440329454e+02,2.049562337663559788e+02,1.000000000000000000e+01,1.144274999999999941e-06,0.000000000000000000e+00
6.221494033475743208e+02,2.049558255966524314e+02,1.000000000000000000e+01,1.183943999999999951e-06,0.000000000000000000e+00
6.225800788358526461e+02,2.049553949211641566e+02,1.000000000000000000e+01,1.179679999999999986e-06,0.000000000000000000e+00
6.229868348356313845e+02,2.049549881651643659e+02,1.000000000000000000e+01,1.132503000000000040e-06,0.000000000000000000e+00
6.234009132939273741e+02,2.049545740867060886e+02,1.000000000000000000e+01,1.224994999999999992e-06,0.000000000000000000e+00
6.238268771720414634e+02,2.049541481228279736e+02,1.000000000000000000e+01,1.220542000000000104e-06,0.000000000000000000e+00
0.000000000000000000e+00,2.055779750000000092e+02,1.500000000000000000e+01,2.231256999999999837e-05,0.000000000000000000e+00
0.000000000000000000e+00,2.055779750000000092e+02,1.500000000000000000e+01,-2.251327000000000053e-06,0.000000000000000000e+00
0.000000000000000000e+00,2.055779750000000092e+02,1.500000000000000000e+01,-1.294305999999999996e-06,0.000000000000000000e+00
4.814285970794209696e-02,2.055779268571402838e+02,1.500000000000000000e+01,-6.911286999999999648e-07,0.000000000000000000e+00
1.994610582105064978e-01,2.055777755389417791e+02,1.500000000000000000e+01,-2.361775999999999906e-07,0.000000000000000000e+00
3.912655205553566828e-01,2.055775837344794468e+02,1.500000000000000000e+01,1.142761999999999946e-07,0.000000000000000000e+00
6.214758942620994819e-01,2.055773535241057459e+02,1.500000000000000000e+01,3.876629999999999952e-07,0.000000000000000000e+00
8.781536569196360942e-01,2.055770968463430961e+02,1.500000000000000000e+01,4.856265000000000505e-07,0.000000000000000000e+00
1.176216378544820751e+00,2.055767987836214559e+02,1.500000000000000000e+01,7.643247999999999991e-07,0.000000000000000000e+00
1.525389457890742095e+00,2.055764496105421131e+02,1.500000000000000000e+01,6.202899000000000121e-07,0.000000000000000000e+00
1.910569548299791531e+00,2.055760644304517086e+02,1.500000000000000000e+01,5.993497000000000004e-07,0.000000000000000000e+00
2.333699673634268112e+00,2.055756413003263674e+02,1.500000000000000000e+01,9.135547000000000270e-07,0.000000000000000000e+00
2.749002075652230204e+00,2.055752259979243490e+02,1.500000000000000000e+01,9.639916000000000252e-07,0.000000000000000000e+00
3.147878085267175940e+00,2.055748271219147227e+02,1.500000000000000000e+01,9.485374999999999795e-07,0.000000000000000000e+00
3.587761728142959239e+00,2.055743872382718678e+02,1.500000000000000000e+01,1.106614999999999907e-06,0.000000000000000000e+00
4.018528177450066075e+00,2.055739564718225552e+02,1.500000000000000000e+01,9.559589999999999642e-07,0.000000000000000000e+00
4.419243383553997262e+00,2.055735557566164573e+02,1.500000000000000000e+01,1.061228000000000032e-06,0.000000000000000000e+00
4.825336926614890665e+00,2.055731496630733943e+02,1.500000000000000000e+01,1.167617000000000098e-06,0.000000000000000000e+00
5.242482772718005890e+00,2.055727325172272799e+02,1.500000000000000000e+01,1.211840000000000031e-06,0.000000000000000000e+00
5.650705652499404152e+00,2.055723242943475100e+02,1.500000000000000000e+01,1.197157000000000031e-06,0.000000000000000000e+00
6.081669068395827438e+00,2.055718933309316014e+02,1.500000000000000000e+01,1.138162999999999999e-06,0.000000000000000000e+00
6.512317535493385101e+00,2.055714626824644995e+02,1.500000000000000000e+01,1.240347000000000036e-06,0.000000000000000000e+00
6.930269624788612859e+00,2.055710447303752062e+02,1.500000000000000000e+01,1.260138000000000004e-06,0.000000000000000000e+00
7.350909516601245031e+00,2.055706240904833919e+02,1.500000000000000000e+01,1.193853999999999912e-06,0.000000000000000000e+00
7.735958352602358978e+00,2.055702390416473975e+02,1.500000000000000000e+01,1.253313000000000074e-06,0.000000000000000000e+00
8.183364826222000232e+00,2.055697916351737717e+02,1.500000000000000000e+01,1.289998000000000088e-06,0.000000000000000000e+00
8.619934459092190693e+00,2.055693550655409183e+02,1.500000000000000000e+01,1.256935999999999920e-06,0.000000000000000000e+00
9.052982670121851427e+00,2.055689220173298679e+02,1.500000000000000000e+01,1.181208000000000025e-06,0.000000000000000000e+00
9.447091159957496487e+00,2.055685279088400534e+02,1.500000000000000000e+01,1.211127000000000043e-06,0.000000000000000000e+00
9.864020815182360735e+00,2.055681109791848087e+02,1.500000000000000000e+01,1.165753999999999918e-06,0.000000000000000000e+00
1.027909784606250376e+01,2.055676959021539290e+02,1.500000000000000000e+01,1.255087999999999942e-06,0.000000000000000000e+00
1.070432340340924071e+01,2.055672706765965927e+02,1.500000000000000000e+01,1.255087999999999942e-06,0.000000000000000000e+00
1.111219392613475954e+01,2.055668628060738570e+02,1.500000000000000000e+01,1.251260999999999970e-06,0.000000000000000000e+00
1.154316958580815822e+01,2.055664318304141887e+02,1.500000000000000000e+01,1.196284000000000073e-06,0.000000000000000000e+00
1.194639902020563582e+01,2.055660286009797915e+02,1.500000000000000000e+01,1.205683999999999932e-06,0.000000000000000000e+00
1.235597128346056017e+01,2.055656190287165543e+02,1.500000000000000000e+01,1.268738000000000015e-06,0.000000000000000000e+00
1.276927188950118008e+01,2.055652057281104987e+02,1.500000000000000000e+01,1.236883999999999947e-06,0.000000000000000000e+00
1.317564723225260792e+01,2.055647993527677500e+02,1.500000000000000000e+01,1.218883000000000049e-06,0.000000000000000000e+00
1.361713534945012860e+01,2.055643578646505603e+02,1.500000000000000000e+01,1.355671000000000043e-06,0.000000000000000000e+00
1.401603175266585666e+01,2.055639589682473343e+02,1.500000000000000000e+01,1.344974999999999985e-06,0.000000000000000000e+00
1.443970958711801167e+01,2.055635352904128865e+02,1.500000000000000000e+01,1.401146000000000019e-06,0.000000000000000000e+00
1.485329160864869635e+01,2.055631217083913498e+02,1.500000000000000000e+01,1.418215000000000024e-06,0.000000000000000000e+00
1.526367273859202811e+01,2.055627113272614110e+02,1.500000000000000000e+01,1.420747000000000036e-06,0.000000000000000000e+00
1.569210269008262770e+01,2.055622828973099274e+02,1.500000000000000000e+01,1.375053999999999973e-06,0.000000000000000000e+00
1.611251102326302487e+01,2.055618624889767432e+02,1.500000000000000000e+01,1.424239999999999894e-06,0.000000000000000000e+00
1.652078630539850579e+01,2.055614542136946170e+02,1.500000000000000000e+01,1.365537000000000060e-06,0.000000000000000000e+00
1.696615799994699003e+01,2.055610088420000636e+02,1.500000000000000000e+01,1.345542999999999994e-06,0.000000000000000000e+00
1.735743718454965645e+01,2.055606175628154517e+02,1.500000000000000000e+01,1.215638000000000049e-06,0.000000000000000000e+00
1.776916889569804070e+01,2.055602058311042981e+02,1.500000000000000000e+01,1.385575000000000071e-06,0.000000000000000000e+00
1.819639117994448085e+01,2.055597786088200678e+02,1.500000000000000000e+01,1.382927000000000033e-06,0.000000000000000000e+00
1.862687951309477086e+01,2.055593481204869022e+02,1.500000000000000000e+01,1.346240999999999991e-06,0.000000000000000000e+00
1.903506867855392315e+01,2.055589399313214471e+02,1.500000000000000000e+01,1.417895000000000085e-06,0.000000000000000000e+00
1.945856795046649168e+01,2.055585164320495437e+02,1.500000000000000000e+01,1.395063000000000029e-06,0.000000000000000000e+00
1.988675330964956345e+01,2.055580882466903461e+02,1.500000000000000000e+01,1.459586000000000004e-06,0.000000000000000000e+00
2.031736725017229617e+01,2.055576576327498231e+02,1.500000000000000000e+01,1.456603000000000037e-06,0.000000000000000000e+00
2.073584503046495442e+01,2.055572391549695510e+02,1.500000000000000000e+01,1.429318000000000094e-06,0.000000000000000000e+00
2.114389247618304069e+01,2.055568311075238057e+02,1.500000000000000000e+01,1.441584999999999895e-06,0.000000000000000000e+00
2.157456344351673039e+01,2.055564004365564870e+02,1.500000000000000000e+01,1.356355000000000078e-06,0.000000000000000000e+00
2.198102239019060633e+01,2.055559939776098020e+02,1.500000000000000000e+01,1.282155000000000009e-06,0.000000000000000000e+00
2.239421006985978124e+01,2.055555807899301328e+02,1.500000000000000000e+01,1.065097999999999920e-06,0.000000000000000000e+00
2.282172175753632715e+01,2.055551532782424715e+02,1.500000000000000000e+01,1.106979000000000002e-06,0.000000000000000000e+00
2.320703654190973708e+01,2.055547679634580902e+02,1.500000000000000000e+01,1.048857999999999928e-06,0.000000000000000000e+00
2.365155498931297728e+01,2.055543234450106809e+02,1.500000000000000000e+01,1.082924000000000069e-06,0.000000000000000000e+00
2.405019485884682240e+01,2.055539248051411505e+02,1.500000000000000000e+01,1.194100999999999954e-06,0.000000000000000000e+00
2.447398775924997949e+01,2.055535010122407584e+02,1.500000000000000000e+01,1.138309000000000006e-06,0.000000000000000000e+00
2.488436599540230176e+01,2.055530906340046045e+02,1.500000000000000000e+01,1.223787000000000104e-06,0.000000000000000000e+00
2.530174787457258390e+01,2.055526732521254303e+02,1.500000000000000000e+01,1.234875999999999999e-06,0.000000000000000000e+00
2.572290075305241430e+01,2.055522520992469424e+02,1.500000000000000000e+01,1.262145999999999952e-06,0.000000000000000000e+00
2.614067374081068706e+01,2.055518343262591827e+02,1.500000000000000000e+01,1.308523000000000050e-06,0.000000000000000000e+00
2.656149580204289862e+01,2.055514135041979671e+02,1.500000000000000000e+01,1.345309999999999915e-06,0.000000000000000000e+00
2.699065388119914033e+01,2.055509843461188098e+02,1.500000000000000000e+01,1.383203000000000028e-06,0.000000000000000000e+00
2.741532832684194076e+01,2.055505596716731702e+02,1.500000000000000000e+01,1.383334000000000044e-06,0.000000000000000000e+00
2.783136666481610177e+01,2.055501436333351819e+02,1.500000000000000000e+01,1.374049999999999999e-06,0.000000000000000000e+00
2.823806667754478283e+01,2.055497369333224640e+02,1.500000000000000000e+01,1.272943000000000045e-06,0.000000000000000000e+00
2.866978155633146130e+01,2.055493052184436635e+02,1.500000000000000000e+01,1.374340999999999985e-06,0.000000000000000000e+00
2.910070394968553131e+01,2.055488742960503146e+02,1.500000000000000000e+01,1.301742000000000064e-06,0.000000000000000000e+00
2.950883683216585851e+01,2.055484661631678307e+02,1.500000000000000000e+01,1.302047000000000012e-06,0.000000000000000000e+00
2.992640378296710679e+01,2.055480485962170292e+02,1.500000000000000000e+01,1.426641000000000102e-06,0.000000000000000000e+00
3.033247506781280123e+01,2.055476425249322006e+02,1.500000000000000000e+01,1.268432000000000039e-06,0.000000000000000000e+00
3.073294783136710251e+01,2.055472420521686274e+02,1.500000000000000000e+01,1.281805000000000088e-06,0.000000000000000000e+00
3.117996062081633113e+01,2.055467950393791909e+02,1.500000000000000000e+01,1.292137000000000051e-06,0.000000000000000000e+00
3.157903404642286560e+01,2.055463959659535931e+02,1.500000000000000000e+01,1.362438000000000067e-06,0.000000000000000000e+00
3.200269584694656544e+01,2.055459723041530538e+02,1.500000000000000000e+01,1.311797000000000004e-06,0.000000000000000000e+00
3.241060126931251517e+01,2.055455643987306757e+02,1.500000000000000000e+01,1.180669999999999997e-06,0.000000000000000000e+00
3.283375708092348333e+01,2.055451412429190725e+02,1.500000000000000000e+01,1.293897999999999957e-06,0.000000000000000000e+00
3.324952745382780250e+01,2.055447254725461619e+02,1.500000000000000000e+01,1.258799000000000101e-06,0.000000000000000000e+00
3.365756072607403837e+01,2.055443174392739252e+02,1.500000000000000000e+01,1.227540999999999967e-06,0.000000000000000000e+00
3.408848635718158704e+01,2.055438865136428319e+02,1.500000000000000000e+01,1.221444000000000015e-06,0.000000000000000000e+00
3.451783101095362127e+01,2.055434571689890504e+02,1.500000000000000000e+01,1.284409999999999998e-06,0.000000000000000000e+00
3.491140492655127758e+01,2.055430635950734484e+02,1.500000000000000000e+01,1.244261999999999896e-06,0.000000000000000000e+00
3.532682015490232175e+01,2.055426481798450880e+02,1.500000000000000000e+01,1.144101000000000009e-06,0.000000000000000000e+00
3.576636950627833045e+01,2.055422086304937181e+02,1.500000000000000000e+01,1.352207999999999954e-06,0.000000000000000000e+00
3.616691988969466109e+01,2.055418080801103144e+02,1.500000000000000000e+01,1.330700000000000024e-06,0.000000000000000000e+00
3.660521469809806661e+01,2.055413697853018959e+02,1.500000000000000000e+01,1.211403000000000038e-06,0.000000000000000000e+00
3.699068479798746267e+01,2.055409843152020244e+02,1.500000000000000000e+01,1.101783999999999961e-06,0.000000000000000000e+00
3.743186402820261094e+01,2.055405431359718023e+02,1.500000000000000000e+01,1.350476000000000002e-06,0.000000000000000000e+00
3.783733905637061667e+01,2.055401376609436284e+02,1.500000000000000000e+01,1.233435000000000033e-06,0.000000000000000000e+00
3.823739217314740557e+01,2.055397376078268508e+02,1.500000000000000000e+01,1.109699999999999938e-06,0.000000000000000000e+00
3.866827232374053835e+01,2.055393067276762622e+02,1.500000000000000000e+01,1.076943999999999959e-06,0.000000000000000000e+00
3.910888689405759067e+01,2.055388661131059393e+02,1.500000000000000000e+01,1.190085000000000058e-06,0.000000000000000000e+00
3.955250482600681039e+01,2.055384224951739895e+02,1.500000000000000000e+01,1.182691999999999907e-06,0.000000000000000000e+00
3.993774752332414835e+01,2.055380372524766699e+02,1.500000000000000000e+01,1.143605999999999897e-06,0.000000000000000000e+00
4.036710701534709500e+01,2.055376078929846528e+02,1.500000000000000000e+01,1.086285999999999911e-06,0.000000000000000000e+00
4.078273134084343354e+01,2.055371922686591688e+02,1.500000000000000000e+01,9.980721999999999764e-07,0.000000000000000000e+00
4.122825162546816102e+01,2.055367467483745259e+02,1.500000000000000000e+01,8.865172000000000339e-07,0.000000000000000000e+00
4.161544583231403749e+01,2.055363595541676887e+02,1.500000000000000000e+01,1.061692999999999950e-06,0.000000000000000000e+00
4.204234301127169715e+01,2.055359326569887344e+02,1.500000000000000000e+01,1.024730999999999913e-06,0.000000000000000000e+00
4.244411560399713323e+01,2.055355308843959961e+02,1.500000000000000000e+01,9.798386999999999077e-07,0.000000000000000000e+00
4.287369424122137218e+01,2.055351013057587863e+02,1.500000000000000000e+01,9.509677000000000193e-07,0.000000000000000000e+00
4.324811583921116664e+01,2.055347268841607900e+02,1.500000000000000000e+01,1.046385000000000062e-06,0.000000000000000000e+00
4.369650752546577621e+01,2.055342784924745274e+02,1.500000000000000000e+01,1.013394999999999976e-06,0.000000000000000000e+00
4.410940689417071781e+01,2.055338655931058440e+02,1.500000000000000000e+01,9.042269000000000221e-07,0.000000000000000000e+00
4.451893667997804727e+01,2.055334560633200169e+02,1.500000000000000000e+01,1.192572999999999915e-06,0.000000000000000000e+00
4.496403337068942818e+01,2.055330109666293197e+02,1.500000000000000000e+01,1.111854000000000104e-06,0.000000000000000000e+00
4.536672538002768107e+01,2.055326082746199745e+02,1.500000000000000000e+01,1.103428000000000026e-06,0.000000000000000000e+00
4.576749512977099243e+01,2.055322075048702288e+02,1.500000000000000000e+01,1.166146999999999967e-06,0.000000000000000000e+00
4.619480265203530678e+01,2.055317801973479561e+02,1.500000000000000000e+01,1.124818999999999903e-06,0.000000000000000000e+00
4.660285645543395816e+01,2.055313721435445586e+02,1.500000000000000000e+01,1.043154000000000025e-06,0.000000000000000000e+00
4.703696356162030412e+01,2.055309380364383856e+02,1.500000000000000000e+01,1.177788000000000064e-06,0.000000000000000000e+00
4.746090659885496166e+01,2.055305140934011376e+02,1.500000000000000000e+01,1.157429999999999903e-06,0.000000000000000000e+00
4.789967209733082143e+01,2.055300753279026651e+02,1.500000000000000000e+01,9.329378000000000016e-07,0.000000000000000000e+00
4.830867113167938953e+01,2.055296663288683305e+02,1.500000000000000000e+01,1.084205000000000066e-06,0.000000000000000000e+00
4.871157647346620223e+01,2.055292634235265439e+02,1.500000000000000000e+01,1.078588000000000023e-06,0.000000000000000000e+00
4.914243388380212707e+01,2.055288325661161934e+02,1.500000000000000000e+01,9.645300000000000216e-07,0.000000000000000000e+00
4.958069564140365770e+01,2.055283943043585850e+02,1.500000000000000000e+01,9.490613999999999992e-07,0.000000000000000000e+00
4.998169382195138155e+01,2.055279933061780469e+02,1.500000000000000000e+01,1.071661000000000030e-06,0.000000000000000000e+00
5.039336780173350405e+01,2.055275816321982632e+02,1.500000000000000000e+01,9.682844000000000648e-07,0.000000000000000000e+00
5.082054443547092859e+01,2.055271544555645278e+02,1.500000000000000000e+01,9.926733999999999002e-07,0.000000000000000000e+00
5.122631090954197930e+01,2.055267486890904536e+02,1.500000000000000000e+01,1.068955000000000085e-06,0.000000000000000000e+00
5.165013184064125085e+01,2.055263248681593495e+02,1.500000000000000000e+01,1.000705999999999961e-06,0.000000000000000000e+00
5.204872641236671171e+01,2.055259262735876291e+02,1.500000000000000000e+01,9.764335000000000593e-07,0.000000000000000000e+00
5.249729992376812504e+01,2.055254777000762374e+02,1.500000000000000000e+01,1.122025000000000070e-06,0.000000000000000000e+00
5.291270189901133136e+01,2.055250622981009769e+02,1.500000000000000000e+01,1.016669999999999958e-06,0.000000000000000000e+00
5.330030419296525679e+01,2.055246746958070503e+02,1.500000000000000000e+01,9.489012999999999844e-07,0.000000000000000000e+00
5.372202000294947055e+01,2.055242529799970441e+02,1.500000000000000000e+01,1.180597000000000099e-06,0.000000000000000000e+00
5.415276431879594554e+01,2.055238222356811946e+02,1.500000000000000000e+01,1.118605999999999925e-06,0.000000000000000000e+00
5.456061565873653052e+01,2.055234143843412653e+02,1.500000000000000000e+01,9.262439999999999658e-07,0.000000000000000000e+00
5.498955035152543758e+01,2.055229854496484734e+02,1.500000000000000000e+01,1.028965999999999924e-06,0.000000000000000000e+00
5.538968448511450049e+01,2.055225853155148741e+02,1.500000000000000000e+01,1.090942999999999924e-06,0.000000000000000000e+00
5.579250565971320697e+01,2.055221824943402851e+02,1.500000000000000000e+01,7.783528000000000239e-07,0.000000000000000000e+00
5.623689840311077148e+01,2.055217381015968954e+02,1.500000000000000000e+01,1.013845999999999932e-06,0.000000000000000000e+00
5.663403129389312340e+01,2.055213409687061130e+02,1.500000000000000000e+01,1.065288000000000082e-06,0.000000000000000000e+00
5.705965728473282894e+01,2.055209153427152557e+02,1.500000000000000000e+01,1.019260000000000089e-06,0.000000000000000000e+00
5.750776951359792122e+01,2.055204672304864175e+02,1.500000000000000000e+01,9.512149999999999848e-07,0.000000000000000000e+00
5.790716946568382184e+01,2.055200678305343160e+02,1.500000000000000000e+01,1.129912999999999908e-06,0.000000000000000000e+00
5.831198036876424595e+01,2.055196630196312242e+02,1.500000000000000000e+01,1.056862000000000004e-06,0.000000000000000000e+00
5.873122633587787078e+01,2.055192437736641295e+02,1.500000000000000000e+01,9.497161999999999899e-07,0.000000000000000000e+00
5.917804191626709098e+01,2.055187969580837262e+02,1.500000000000000000e+01,1.120745000000000101e-06,0.000000000000000000e+00
5.960210753854961752e+01,2.055183728924614570e+02,1.500000000000000000e+01,1.103456999999999979e-06,0.000000000000000000e+00
6.004247780080314811e+01,2.055179325221992030e+02,1.500000000000000000e+01,1.037973999999999974e-06,0.000000000000000000e+00
6.042472019313437670e+01,2.055175502798068692e+02,1.500000000000000000e+01,9.938957999999999311e-07,0.000000000000000000e+00
6.085937590160892086e+01,2.055171156240983805e+02,1.500000000000000000e+01,1.233100000000000103e-06,0.000000000000000000e+00
6.127207490102340870e+01,2.055167029250989685e+02,1.500000000000000000e+01,1.172752999999999993e-06,0.000000000000000000e+00
6.167781110867255734e+01,2.055162971888913432e+02,1.500000000000000000e+01,1.010586999999999969e-06,0.000000000000000000e+00
6.210876183873345724e+01,2.055158662381612658e+02,1.500000000000000000e+01,1.092805000000000077e-06,0.000000000000000000e+00
6.251698008579297294e+01,2.055154580199142060e+02,1.500000000000000000e+01,1.217893000000000038e-06,0.000000000000000000e+00
6.293627331513238943e+01,2.055150387266848782e+02,1.500000000000000000e+01,1.110965999999999944e-06,0.000000000000000000e+00
6.332382002152304779e+01,2.055146511799784719e+02,1.500000000000000000e+01,1.074105999999999970e-06,0.000000000000000000e+00
6.374120460721720605e+01,2.055142337953927836e+02,1.500000000000000000e+01,1.029911999999999991e-06,0.000000000000000000e+00
6.415758027243450101e+01,2.055138174197275589e+02,1.500000000000000000e+01,1.092600999999999951e-06,0.000000000000000000e+00
6.458788772021564739e+01,2.055133871122797871e+02,1.500000000000000000e+01,1.030174000000000024e-06,0.000000000000000000e+00
6.503341750034698521e+01,2.055129415824996499e+02,1.500000000000000000e+01,9.578215999999999640e-07,0.000000000000000000e+00
6.541883742274077918e+01,2.055125561625772548e+02,1.500000000000000000e+01,1.125140000000000081e-06,0.000000000000000000e+00
6.584398793225011559e+01,2.055121310120677549e+02,1.500000000000000000e+01,1.150547000000000065e-06,0.000000000000000000e+00
6.625954212950937006e+01,2.055117154578704799e+02,1.500000000000000000e+01,1.005536999999999907e-06,0.000000000000000000e+00
6.668856951908396979e+01,2.055112864304809079e+02,1.500000000000000000e+01,1.113090999999999945e-06,0.000000000000000000e+00
6.709653864977987325e+01,2.055108784613502166e+02,1.500000000000000000e+01,1.220483999999999985e-06,0.000000000000000000e+00
6.753018576015648478e+01,2.055104448142398326e+02,1.500000000000000000e+01,1.159088999999999957e-06,0.000000000000000000e+00
6.795410373224551392e+01,2.055100208962677470e+02,1.500000000000000000e+01,1.086068000000000034e-06,0.000000000000000000e+00
6.839218826994645895e+01,2.055095828117300698e+02,1.500000000000000000e+01,1.086184000000000060e-06,0.000000000000000000e+00
6.877962665889150173e+01,2.055091953733411003e+02,1.500000000000000000e+01,1.147679999999999911e-06,0.000000000000000000e+00
6.920484714432564033e+01,2.055087701528556750e+02,1.500000000000000000e+01,1.111912000000000011e-06,0.000000000000000000e+00
6.963556269141852795e+01,2.055083394373085923e+02,1.500000000000000000e+01,1.063308000000000061e-06,0.000000000000000000e+00
7.004371155063002163e+01,2.055079312884493845e+02,1.500000000000000000e+01,1.073466000000000091e-06,0.000000000000000000e+00
7.046884502367005609e+01,2.055075061549763404e+02,1.500000000000000000e+01,1.161257000000000086e-06,0.000000000000000000e+00
7.088396906109682050e+01,2.055070910309389092e+02,1.500000000000000000e+01,1.010309999999999946e-06,0.000000000000000000e+00
7.127176591152225171e+01,2.055067032340884907e+02,1.500000000000000000e+01,9.632640000000000154e-07,0.000000000000000000e+00
7.171848282258640950e+01,2.055062565171774054e+02,1.500000000000000000e+01,9.958749000000000762e-07,0.000000000000000000e+00
7.212945237284753830e+01,2.055058455476271604e+02,1.500000000000000000e+01,1.065403999999999896e-06,0.000000000000000000e+00
7.254144324206207273e+01,2.055054335567579358e+02,1.500000000000000000e+01,1.033854999999999989e-06,0.000000000000000000e+00
7.298948542868502898e+01,2.055049855145713309e+02,1.500000000000000000e+01,9.284557999999999486e-07,0.000000000000000000e+00
7.337686537238583639e+01,2.055045981346276278e+02,1.500000000000000000e+01,9.549257999999999468e-07,0.000000000000000000e+00
7.379235072897394332e+01,2.055041826492710300e+02,1.500000000000000000e+01,1.007429000000000041e-06,0.000000000000000000e+00
7.419740650407538851e+01,2.055037775934959257e+02,1.500000000000000000e+01,1.000793000000000033e-06,0.000000000000000000e+00
7.462323358157489395e+01,2.055033517664184330e+02,1.500000000000000000e+01,9.530631000000000078e-07,0.000000000000000000e+00
7.505961932794198788e+01,2.055029153806720501e+02,1.500000000000000000e+01,9.963405000000000536e-07,0.000000000000000000e+00
7.546241987725271372e+01,2.055025125801227546e+02,1.500000000000000000e+01,1.003514999999999996e-06,0.000000000000000000e+00
7.586919918148805664e+01,2.055021058008185264e+02,1.500000000000000000e+01,9.888754000000000935e-07,0.000000000000000000e+00
7.630088390639977547e+01,2.055016741160935965e+02,1.500000000000000000e+01,9.833166000000000477e-07,0.000000000000000000e+00
7.670506489448698062e+01,2.055012699351055119e+02,1.500000000000000000e+01,9.945943000000000482e-07,0.000000000000000000e+00
7.712863266585557653e+01,2.055008463673341339e+02,1.500000000000000000e+01,8.979841000000000477e-07,0.000000000000000000e+00
7.757025082639717084e+01,2.055004047491736117e+02,1.500000000000000000e+01,8.245552000000000248e-07,0.000000000000000000e+00
7.797611301526717398e+01,2.054999988869847414e+02,1.500000000000000000e+01,7.050838999999999706e-07,0.000000000000000000e+00
7.838862328666472479e+01,2.054995863767133244e+02,1.500000000000000000e+01,8.012138999999999718e-07,0.000000000000000000e+00
7.880419721458864046e+01,2.054991708027854145e+02,1.500000000000000000e+01,7.686758000000000359e-07,0.000000000000000000e+00
7.924759120398864809e+01,2.054987274087960145e+02,1.500000000000000000e+01,7.496710000000000430e-07,0.000000000000000000e+00
7.967123401836875018e+01,2.054983037659816318e+02,1.500000000000000000e+01,8.514179999999999812e-07,0.000000000000000000e+00
8.007002632238364015e+01,2.054979049736776062e+02,1.500000000000000000e+01,8.097121999999999493e-07,0.000000000000000000e+00
8.051710383864670462e+01,2.054974578961613645e+02,1.500000000000000000e+01,6.437330999999999769e-07,0.000000000000000000e+00
8.093623618607364278e+01,2.054970387638139186e+02,1.500000000000000000e+01,6.437912999999999740e-07,0.000000000000000000e+00
8.132397744893577851e+01,2.054966510225510774e+02,1.500000000000000000e+01,6.145127999999999544e-07,0.000000000000000000e+00
8.174140162734211401e+01,2.054962335983726689e+02,1.500000000000000000e+01,4.788598999999999958e-07,0.000000000000000000e+00
8.217219231783484190e+01,2.054958028076821677e+02,1.500000000000000000e+01,3.149471000000000131e-07,0.000000000000000000e+00
8.258036749859033421e+01,2.054953946325014158e+02,1.500000000000000000e+01,3.020396000000000016e-07,0.000000000000000000e+00
8.301023011450381262e+01,2.054949647698854847e+02,1.500000000000000000e+01,3.221211999999999873e-07,0.000000000000000000e+00
8.340126397540223024e+01,2.054945737360245914e+02,1.500000000000000000e+01,2.952583999999999779e-07,0.000000000000000000e+00
8.381633905181965360e+01,2.054941586609481874e+02,1.500000000000000000e+01,4.248867999999999742e-07,0.000000000000000000e+00
8.425770297154753052e+01,2.054937172970284678e+02,1.500000000000000000e+01,8.634523999999999901e-07,0.000000000000000000e+00
8.465726356257454199e+01,2.054933177364374330e+02,1.500000000000000000e+01,7.829804000000000090e-07,0.000000000000000000e+00
8.508844491056198933e+01,2.054928865550894272e+02,1.500000000000000000e+01,5.167239999999999887e-07,0.000000000000000000e+00
8.548000106529259767e+01,2.054924949989347169e+02,1.500000000000000000e+01,6.203918000000000298e-07,0.000000000000000000e+00
8.592135058948261417e+01,2.054920536494105079e+02,1.500000000000000000e+01,6.590853000000000050e-07,0.000000000000000000e+00
8.632818124630836110e+01,2.054916468187537077e+02,1.500000000000000000e+01,6.957124999999999903e-07,0.000000000000000000e+00
8.675218022529163875e+01,2.054912228197747197e+02,1.500000000000000000e+01,4.670873999999999742e-07,0.000000000000000000e+00
8.715978983448994200e+01,2.054908152101655219e+02,1.500000000000000000e+01,4.764588000000000074e-07,0.000000000000000000e+00
8.759948849503815893e+01,2.054903755115049648e+02,1.500000000000000000e+01,5.564069999999999609e-07,0.000000000000000000e+00
8.802307769021207662e+01,2.054899519223097855e+02,1.500000000000000000e+01,3.801396999999999850e-07,0.000000000000000000e+00
8.842901835657434617e+01,2.054895459816434311e+02,1.500000000000000000e+01,4.470785000000000153e-07,0.000000000000000000e+00
8.885657032470113847e+01,2.054891184296753011e+02,1.500000000000000000e+01,5.162437000000000502e-07,0.000000000000000000e+00
8.927197892649826372e+01,2.054887030210734906e+02,1.500000000000000000e+01,4.632165999999999896e-07,0.000000000000000000e+00
8.969852171811498920e+01,2.054882764782818754e+02,1.500000000000000000e+01,3.853638000000000245e-07,0.000000000000000000e+00
9.010674232387066240e+01,2.054878682576761264e+02,1.500000000000000000e+01,4.571484000000000068e-07,0.000000000000000000e+00
9.054100363272023344e+01,2.054874339963672867e+02,1.500000000000000000e+01,4.621397000000000046e-07,0.000000000000000000e+00
9.094515968319235810e+01,2.054870298403168078e+02,1.500000000000000000e+01,3.816384999999999799e-07,0.000000000000000000e+00
9.134812993341816423e+01,2.054866268700665728e+02,1.500000000000000000e+01,3.442692000000000080e-07,0.000000000000000000e+00
9.178380609056212336e+01,2.054861911939094341e+02,1.500000000000000000e+01,4.327448999999999828e-07,0.000000000000000000e+00
9.218574879782435971e+01,2.054857892512021920e+02,1.500000000000000000e+01,4.177273000000000218e-07,0.000000000000000000e+00
9.260961674123907983e+01,2.054853653832587668e+02,1.500000000000000000e+01,3.381429000000000202e-07,0.000000000000000000e+00
9.300861491832061745e+01,2.054849663850816910e+02,1.500000000000000000e+01,3.080931000000000233e-07,0.000000000000000000e+00
9.345275287449308621e+01,2.054845222471255113e+02,1.500000000000000000e+01,3.335008000000000054e-07,0.000000000000000000e+00
9.384681354713626433e+01,2.054841281864528639e+02,1.500000000000000000e+01,4.402099999999999959e-07,0.000000000000000000e+00
9.425600744695965716e+01,2.054837189925530367e+02,1.500000000000000000e+01,3.897002999999999787e-07,0.000000000000000000e+00
9.468541401782655953e+01,2.054832895859821633e+02,1.500000000000000000e+01,4.124595000000000148e-07,0.000000000000000000e+00
9.510649856907141952e+01,2.054828685014309428e+02,1.500000000000000000e+01,5.917682000000000460e-07,0.000000000000000000e+00
9.552424189108887731e+01,2.054824507581089108e+02,1.500000000000000000e+01,7.345951999999999789e-07,0.000000000000000000e+00
9.594475462256147580e+01,2.054820302453774445e+02,1.500000000000000000e+01,6.888877000000000442e-07,0.000000000000000000e+00
9.633243883351445902e+01,2.054816425611664954e+02,1.500000000000000000e+01,4.914617999999999996e-07,0.000000000000000000e+00
9.677319377557252267e+01,2.054812018062244192e+02,1.500000000000000000e+01,6.090559000000000321e-07,0.000000000000000000e+00
9.719681086006012549e+01,2.054807781891399543e+02,1.500000000000000000e+01,7.371709000000000117e-07,0.000000000000000000e+00
9.759562348338464233e+01,2.054803793765166233e+02,1.500000000000000000e+01,6.972987000000000261e-07,0.000000000000000000e+00
9.804031076454641891e+01,2.054799346892354492e+02,1.500000000000000000e+01,6.118643999999999477e-07,0.000000000000000000e+00
9.846464406827820426e+01,2.054795103559317226e+02,1.500000000000000000e+01,5.738547999999999618e-07,0.000000000000000000e+00
9.888024628939486149e+01,2.054790947537105978e+02,1.500000000000000000e+01,8.357165000000000309e-07,0.000000000000000000e+00
9.931024488445524412e+01,2.054786647551155454e+02,1.500000000000000000e+01,7.981871000000000442e-07,0.000000000000000000e+00
9.971523752888974457e+01,2.054782597624711116e+02,1.500000000000000000e+01,6.805930999999999509e-07,0.000000000000000000e+00
1.001388251799899933e+02,2.054778361748199984e+02,1.500000000000000000e+01,5.461769999999999547e-07,0.000000000000000000e+00
1.005797213905575660e+02,2.054773952786094355e+02,1.500000000000000000e+01,7.638445999999999999e-07,0.000000000000000000e+00
1.009868555885496164e+02,2.054769881444114503e+02,1.500000000000000000e+01,9.413634000000000053e-07,0.000000000000000000e+00
1.014011156712168997e+02,2.054765738843287863e+02,1.500000000000000000e+01,8.986534999999999545e-07,0.000000000000000000e+00
1.018098967013525993e+02,2.054761651032986549e+02,1.500000000000000000e+01,6.612826999999999502e-07,0.000000000000000000e+00
1.022125082439278430e+02,2.054757624917560861e+02,1.500000000000000000e+01,5.131733000000000415e-07,0.000000000000000000e+00
1.026577538965648984e+02,2.054753172461034296e+02,1.500000000000000000e+01,4.359463000000000078e-07,0.000000000000000000e+00
1.030515410841899779e+02,2.054749234589158107e+02,1.500000000000000000e+01,3.147288000000000012e-07,0.000000000000000000e+00
1.034782142677657930e+02,2.054744967857322422e+02,1.500000000000000000e+01,3.172900000000000043e-07,0.000000000000000000e+00
1.038660358363019611e+02,2.054741089641636904e+02,1.500000000000000000e+01,3.161403999999999924e-07,0.000000000000000000e+00
1.043090804323693845e+02,2.054736659195676225e+02,1.500000000000000000e+01,3.153109000000000180e-07,0.000000000000000000e+00
1.047289000896098372e+02,2.054732460999103978e+02,1.500000000000000000e+01,2.873275999999999953e-07,0.000000000000000000e+00
1.051258634738424007e+02,2.054728491365261505e+02,1.500000000000000000e+01,2.945599000000000197e-07,0.000000000000000000e+00
1.055678980373037206e+02,2.054724071019626876e+02,1.500000000000000000e+01,3.329186999999999886e-07,0.000000000000000000e+00
1.059737184684749138e+02,2.054720012815315329e+02,1.500000000000000000e+01,3.446912000000000101e-07,0.000000000000000000e+00
1.063860642472434392e+02,2.054715889357527487e+02,1.500000000000000000e+01,2.922460999999999741e-07,0.000000000000000000e+00
1.068013308601267255e+02,2.054711736691398869e+02,1.500000000000000000e+01,2.509769000000000191e-07,0.000000000000000000e+00
1.072450661914644741e+02,2.054707299338085420e+02,1.500000000000000000e+01,3.042369000000000076e-07,0.000000000000000000e+00
1.076689400987618939e+02,2.054703060599012474e+02,1.500000000000000000e+01,3.112654999999999889e-07,0.000000000000000000e+00
1.080682310618320798e+02,2.054699067689381593e+02,1.500000000000000000e+01,2.892339000000000155e-07,0.000000000000000000e+00
1.085156775582399007e+02,2.054694593224417645e+02,1.500000000000000000e+01,2.740852999999999853e-07,0.000000000000000000e+00
1.089345701542131621e+02,2.054690404298457906e+02,1.500000000000000000e+01,3.477617000000000110e-07,0.000000000000000000e+00
1.093399327586240020e+02,2.054686350672413653e+02,1.500000000000000000e+01,6.149929999999999536e-07,0.000000000000000000e+00
1.097395436932685584e+02,2.054682354563067292e+02,1.500000000000000000e+01,5.873590000000000121e-07,0.000000000000000000e+00
1.101871161846417948e+02,2.054677878838153617e+02,1.500000000000000000e+01,4.426110999999999842e-07,0.000000000000000000e+00
1.105780529761662052e+02,2.054673969470238433e+02,1.500000000000000000e+01,3.671738999999999842e-07,0.000000000000000000e+00
1.110095703534912559e+02,2.054669654296465069e+02,1.500000000000000000e+01,5.279288999999999701e-07,0.000000000000000000e+00
1.114165834170461977e+02,2.054665584165829557e+02,1.500000000000000000e+01,7.904891000000000503e-07,0.000000000000000000e+00
1.118322615791407202e+02,2.054661427384208707e+02,1.500000000000000000e+01,8.393689999999999506e-07,0.000000000000000000e+00
1.122554129819569653e+02,2.054657195870180431e+02,1.500000000000000000e+01,5.512702000000000231e-07,0.000000000000000000e+00
1.126549658913619254e+02,2.054653200341086290e+02,1.500000000000000000e+01,4.786706999999999824e-07,0.000000000000000000e+00
1.130940957283018804e+02,2.054648809042716948e+02,1.500000000000000000e+01,5.427137000000000484e-07,0.000000000000000000e+00
1.134794150027325799e+02,2.054644955849972803e+02,1.500000000000000000e+01,8.953066000000000425e-07,0.000000000000000000e+00
1.139180770601425934e+02,2.054640569229398466e+02,1.500000000000000000e+01,9.484792999999999823e-07,0.000000000000000000e+00
1.143249367818888800e+02,2.054636500632181253e+02,1.500000000000000000e+01,8.566130000000000221e-07,0.000000000000000000e+00
1.147261807182512001e+02,2.054632488192817448e+02,1.500000000000000000e+01,6.132467999999999482e-07,0.000000000000000000e+00
1.151572249557806202e+02,2.054628177750442148e+02,1.500000000000000000e+01,8.360803000000000358e-07,0.000000000000000000e+00
1.155968157698418395e+02,2.054623781842301469e+02,1.500000000000000000e+01,9.423093000000000270e-07,0.000000000000000000e+00
1.159962574913577953e+02,2.054619787425086486e+02,1.500000000000000000e+01,1.077424000000000079e-06,0.000000000000000000e+00
1.164200244248294354e+02,2.054615549755751829e+02,1.500000000000000000e+01,8.611240999999999678e-07,0.000000000000000000e+00
1.168352846052352021e+02,2.054611397153947792e+02,1.500000000000000000e+01,6.204646000000000488e-07,0.000000000000000000e+00
1.172426113608473628e+02,2.054607323886391441e+02,1.500000000000000000e+01,9.793583999999999693e-07,0.000000000000000000e+00
1.176738904976253224e+02,2.054603011095023817e+02,1.500000000000000000e+01,1.186926999999999919e-06,0.000000000000000000e+00
1.181046742654898054e+02,2.054598703257344994e+02,1.500000000000000000e+01,1.150547000000000065e-06,0.000000000000000000e+00
1.185128721309882849e+02,2.054594621278690170e+02,1.500000000000000000e+01,9.500653999999999729e-07,0.000000000000000000e+00
1.189308633443422565e+02,2.054590441366556490e+02,1.500000000000000000e+01,5.352921999999999577e-07,0.000000000000000000e+00
1.193463846382358469e+02,2.054586286153617607e+02,1.500000000000000000e+01,9.966897999999999758e-07,0.000000000000000000e+00
1.197892367117449055e+02,2.054581857632882702e+02,1.500000000000000000e+01,1.060397999999999990e-06,0.000000000000000000e+00
1.202130055002927662e+02,2.054577619944997195e+02,1.500000000000000000e+01,5.752371999999999624e-07,0.000000000000000000e+00
1.206315796479007645e+02,2.054573434203520890e+02,1.500000000000000000e+01,3.853638000000000245e-07,0.000000000000000000e+00
1.210516727877264458e+02,2.054569233272122801e+02,1.500000000000000000e+01,3.054883999999999841e-07,0.000000000000000000e+00
1.214785942193685173e+02,2.054564964057806264e+02,1.500000000000000000e+01,5.507027000000000281e-07,0.000000000000000000e+00
1.218659709151823591e+02,2.054561090290848142e+02,1.500000000000000000e+01,6.370392000000000019e-07,0.000000000000000000e+00
1.222814315519389368e+02,2.054556935684480550e+02,1.500000000000000000e+01,7.646595000000000054e-07,0.000000000000000000e+00
1.226896093099815204e+02,2.054552853906900225e+02,1.500000000000000000e+01,7.715424999999999487e-07,0.000000000000000000e+00
1.231152469222761994e+02,2.054548597530777272e+02,1.500000000000000000e+01,6.786431000000000162e-07,0.000000000000000000e+00
1.235234423738017995e+02,2.054544515576262143e+02,1.500000000000000000e+01,9.686190999999999652e-07,0.000000000000000000e+00
1.239442877483383967e+02,2.054540307122516651e+02,1.500000000000000000e+01,1.023334000000000103e-06,0.000000000000000000e+00
1.243737280732841839e+02,2.054536012719267148e+02,1.500000000000000000e+01,1.070714999999999963e-06,0.000000000000000000e+00
1.247477247069955979e+02,2.054532272752930169e+02,1.500000000000000000e+01,1.035586999999999941e-06,0.000000000000000000e+00
1.251960071417734071e+02,2.054527789928582422e+02,1.500000000000000000e+01,9.634386999999999462e-07,0.000000000000000000e+00
1.256314803282585046e+02,2.054523435196717571e+02,1.500000000000000000e+01,1.185223999999999920e-06,0.000000000000000000e+00
1.260185423175171167e+02,2.054519564576824848e+02,1.500000000000000000e+01,1.237815000000000023e-06,0.000000000000000000e+00
1.264634562201076022e+02,2.054515115437799011e+02,1.500000000000000000e+01,1.181964999999999957e-06,0.000000000000000000e+00
1.268785590903066804e+02,2.054510964409097085e+02,1.500000000000000000e+01,1.149703000000000061e-06,0.000000000000000000e+00
1.272893447503816731e+02,2.054506856552496288e+02,1.500000000000000000e+01,1.035209000000000095e-06,0.000000000000000000e+00
1.276940108623725791e+02,2.054502809891376387e+02,1.500000000000000000e+01,1.282009000000000002e-06,0.000000000000000000e+00
1.281371816331496518e+02,2.054498378183668592e+02,1.500000000000000000e+01,1.209787999999999927e-06,0.000000000000000000e+00
1.285608244475297681e+02,2.054494141755524765e+02,1.500000000000000000e+01,1.240463000000000061e-06,0.000000000000000000e+00
1.290078688489185765e+02,2.054489671311510790e+02,1.500000000000000000e+01,1.047882999999999908e-06,0.000000000000000000e+00
1.293982267129641741e+02,2.054485767732870443e+02,1.500000000000000000e+01,8.188071999999999656e-07,0.000000000000000000e+00
1.298138020774511574e+02,2.054481611979225590e+02,1.500000000000000000e+01,6.697664999999999511e-07,0.000000000000000000e+00
1.302135952104646037e+02,2.054477614047895315e+02,1.500000000000000000e+01,4.565371999999999913e-07,0.000000000000000000e+00
1.306410520616772715e+02,2.054473339479383185e+02,1.500000000000000000e+01,1.638837000000000105e-07,0.000000000000000000e+00
1.310661253488658815e+02,2.054469088746511432e+02,1.500000000000000000e+01,1.574662999999999917e-07,0.000000000000000000e+00
1.314755198659845803e+02,2.054464994801340083e+02,1.500000000000000000e+01,9.794894000000000649e-08,0.000000000000000000e+00
1.319019586140560136e+02,2.054460730413859437e+02,1.500000000000000000e+01,4.656613000000000327e-08,0.000000000000000000e+00
1.323008513747940924e+02,2.054456741486252156e+02,1.500000000000000000e+01,6.874616000000000233e-07,0.000000000000000000e+00
1.327248963580238126e+02,2.054452501036419676e+02,1.500000000000000000e+01,4.362519000000000155e-07,0.000000000000000000e+00
1.331446547137404934e+02,2.054448303452862490e+02,1.500000000000000000e+01,7.100316000000000461e-07,0.000000000000000000e+00
1.335660251804814607e+02,2.054444089748195097e+02,1.500000000000000000e+01,1.519495999999999910e-06,0.000000000000000000e+00
1.339962780726800418e+02,2.054439787219273228e+02,1.500000000000000000e+01,1.346459999999999895e-06,0.000000000000000000e+00
1.343836544737065140e+02,2.054435913455263005e+02,1.500000000000000000e+01,1.297695999999999976e-06,0.000000000000000000e+00
1.347988932289341903e+02,2.054431761067710625e+02,1.500000000000000000e+01,1.497493999999999896e-06,0.000000000000000000e+00
1.352426221858345912e+02,2.054427323778141670e+02,1.500000000000000000e+01,1.592372000000000066e-06,0.000000000000000000e+00
1.356286038288477869e+02,2.054423463961711604e+02,1.500000000000000000e+01,1.473789000000000095e-06,0.000000000000000000e+00
1.360651823759154695e+02,2.054419098176240936e+02,1.500000000000000000e+01,1.372493000000000007e-06,0.000000000000000000e+00
1.365114380623024317e+02,2.054414635619376952e+02,1.500000000000000000e+01,1.406936999999999994e-06,0.000000000000000000e+00
1.369028531447504520e+02,2.054410721468552481e+02,1.500000000000000000e+01,1.498744999999999912e-06,0.000000000000000000e+00
1.373183662951201995e+02,2.054406566337048901e+02,1.500000000000000000e+01,1.533043999999999920e-06,0.000000000000000000e+00
1.377366794991216921e+02,2.054402383205008675e+02,1.500000000000000000e+01,1.603272000000000038e-06,0.000000000000000000e+00
1.381448827863199540e+02,2.054398301172136883e+02,1.500000000000000000e+01,1.422173000000000012e-06,0.000000000000000000e+00
1.385756930746009630e+02,2.054393993069253952e+02,1.500000000000000000e+01,1.477223000000000019e-06,0.000000000000000000e+00
1.390072264052100479e+02,2.054389677735947828e+02,1.500000000000000000e+01,1.514533999999999948e-06,0.000000000000000000e+00
1.394511053011371189e+02,2.054385238946988750e+02,1.500000000000000000e+01,1.684675000000000095e-06,0.000000000000000000e+00
1.398495672523602025e+02,2.054381254327476540e+02,1.500000000000000000e+01,1.724459999999999918e-06,0.000000000000000000e+00
1.402415108325562301e+02,2.054377334891674423e+02,1.500000000000000000e+01,1.493565000000000073e-06,0.000000000000000000e+00
1.406896009553435078e+02,2.054372853990446686e+02,1.500000000000000000e+01,1.732492999999999948e-06,0.000000000000000000e+00
1.411152876523398731e+02,2.054368597123476547e+02,1.500000000000000000e+01,1.715176000000000085e-06,0.000000000000000000e+00
1.415119652683206084e+02,2.054364630347316734e+02,1.500000000000000000e+01,1.779990000000000046e-06,0.000000000000000000e+00
1.419563366153683148e+02,2.054360186633846297e+02,1.500000000000000000e+01,1.636552000000000082e-06,0.000000000000000000e+00
1.423439944968855286e+02,2.054356310055031258e+02,1.500000000000000000e+01,1.628999999999999989e-06,0.000000000000000000e+00
1.427592085422111268e+02,2.054352157914577788e+02,1.500000000000000000e+01,1.720792999999999916e-06,0.000000000000000000e+00
1.431727545563485364e+02,2.054348022454436489e+02,1.500000000000000000e+01,1.685708000000000022e-06,0.000000000000000000e+00
1.435966804623625706e+02,2.054343783195376432e+02,1.500000000000000000e+01,1.564068999999999975e-06,0.000000000000000000e+00
1.440253055399479081e+02,2.054339496944600683e+02,1.500000000000000000e+01,1.632098999999999982e-06,0.000000000000000000e+00
1.444215888333333169e+02,2.054335534111666561e+02,1.500000000000000000e+01,1.548106000000000006e-06,0.000000000000000000e+00
1.448371922243545384e+02,2.054331378077756369e+02,1.500000000000000000e+01,1.604247000000000058e-06,0.000000000000000000e+00
1.452749501958317921e+02,2.054327000498041684e+02,1.500000000000000000e+01,1.600797999999999932e-06,0.000000000000000000e+00
1.456603293346923635e+02,2.054323146706653063e+02,1.500000000000000000e+01,1.597421999999999916e-06,0.000000000000000000e+00
1.461004283129771011e+02,2.054318745716870183e+02,1.500000000000000000e+01,1.635547999999999896e-06,0.000000000000000000e+00
1.465243230862595283e+02,2.054314506769137552e+02,1.500000000000000000e+01,1.353924999999999916e-06,0.000000000000000000e+00
1.469301950265018490e+02,2.054310448049735101e+02,1.500000000000000000e+01,1.670036000000000039e-06,0.000000000000000000e+00
1.473579759136957819e+02,2.054306170240863025e+02,1.500000000000000000e+01,1.689375000000000025e-06,0.000000000000000000e+00
1.477730509901131768e+02,2.054302019490098985e+02,1.500000000000000000e+01,1.624749999999999987e-06,0.000000000000000000e+00
1.481995352983886676e+02,2.054297754647016063e+02,1.500000000000000000e+01,1.533058999999999911e-06,0.000000000000000000e+00
1.486076618562567830e+02,2.054293673381437486e+02,1.500000000000000000e+01,1.257402000000000078e-06,0.000000000000000000e+00
1.490423746806937402e+02,2.054289326253193053e+02,1.500000000000000000e+01,1.582375000000000033e-06,0.000000000000000000e+00
1.494663426814570926e+02,2.054285086573185310e+02,1.500000000000000000e+01,1.639535000000000050e-06,0.000000000000000000e+00
1.498775094085142428e+02,2.054280974905914832e+02,1.500000000000000000e+01,1.560983999999999944e-06,0.000000000000000000e+00
1.502888218646437224e+02,2.054276861781353603e+02,1.500000000000000000e+01,1.503226999999999965e-06,0.000000000000000000e+00
1.507123896360122899e+02,2.054272626103639823e+02,1.500000000000000000e+01,1.403256000000000029e-06,0.000000000000000000e+00
1.511110878465612188e+02,2.054268639121534363e+02,1.500000000000000000e+01,1.593929000000000058e-06,0.000000000000000000e+00
1.515544775256229570e+02,2.054264205224743876e+02,1.500000000000000000e+01,1.604101000000000051e-06,0.000000000000000000e+00
1.519584625958015351e+02,2.054260165374041947e+02,1.500000000000000000e+01,1.573003999999999915e-06,0.000000000000000000e+00
1.523692057461234697e+02,2.054256057942538689e+02,1.500000000000000000e+01,1.503241999999999955e-06,0.000000000000000000e+00
1.527811520874045641e+02,2.054251938479125954e+02,1.500000000000000000e+01,1.426305999999999961e-06,0.000000000000000000e+00
1.531866308861418418e+02,2.054247883691138554e+02,1.500000000000000000e+01,1.430656999999999997e-06,0.000000000000000000e+00
1.536174896707510129e+02,2.054243575103292585e+02,1.500000000000000000e+01,1.394975999999999957e-06,0.000000000000000000e+00
1.540441513159851468e+02,2.054239308486840230e+02,1.500000000000000000e+01,1.374283000000000078e-06,0.000000000000000000e+00
1.544466100742704100e+02,2.054235283899257354e+02,1.500000000000000000e+01,1.200197999999999906e-06,0.000000000000000000e+00
1.548759082708144490e+02,2.054230990917291990e+02,1.500000000000000000e+01,1.403794000000000057e-06,0.000000000000000000e+00
1.552952591185617166e+02,2.054226797408814491e+02,1.500000000000000000e+01,1.295207999999999907e-06,0.000000000000000000e+00
1.556986977740457974e+02,2.054222763022259528e+02,1.500000000000000000e+01,1.371706999999999910e-06,0.000000000000000000e+00
1.561341497908958615e+02,2.054218408502090938e+02,1.500000000000000000e+01,1.259467999999999933e-06,0.000000000000000000e+00
1.565212317259476720e+02,2.054214537682740627e+02,1.500000000000000000e+01,1.342283000000000003e-06,0.000000000000000000e+00
1.569669725414689765e+02,2.054210080274585266e+02,1.500000000000000000e+01,1.419583000000000093e-06,0.000000000000000000e+00
1.573825479059559314e+02,2.054205924520940414e+02,1.500000000000000000e+01,1.396357999999999989e-06,0.000000000000000000e+00
1.577928105418545215e+02,2.054201821894581599e+02,1.500000000000000000e+01,1.367691000000000014e-06,0.000000000000000000e+00
1.581970254944806982e+02,2.054197779745055357e+02,1.500000000000000000e+01,1.378954000000000054e-06,0.000000000000000000e+00
1.586405654791383313e+02,2.054193344345208629e+02,1.500000000000000000e+01,1.391570999999999987e-06,0.000000000000000000e+00
1.590643333652043054e+02,2.054189106666347868e+02,1.500000000000000000e+01,1.406355000000000022e-06,0.000000000000000000e+00
1.595120247068314825e+02,2.054184629752931812e+02,1.500000000000000000e+01,1.348497000000000008e-06,0.000000000000000000e+00
1.599304405869380901e+02,2.054180445594130617e+02,1.500000000000000000e+01,1.225270999999999987e-06,0.000000000000000000e+00
1.603184301500781999e+02,2.054176565698499246e+02,1.500000000000000000e+01,1.357388000000000005e-06,0.000000000000000000e+00
1.607368454451215598e+02,2.054172381545548944e+02,1.500000000000000000e+01,1.429448999999999898e-06,0.000000000000000000e+00
1.611841983833583640e+02,2.054167908016166564e+02,1.500000000000000000e+01,1.433305000000000035e-06,0.000000000000000000e+00
1.615754421302103765e+02,2.054163995578697950e+02,1.500000000000000000e+01,1.297128999999999994e-06,0.000000000000000000e+00
1.620056946577341250e+02,2.054159693053422586e+02,1.500000000000000000e+01,1.359600000000000078e-06,0.000000000000000000e+00
1.623949728709942519e+02,2.054155800271290104e+02,1.500000000000000000e+01,1.297667000000000022e-06,0.000000000000000000e+00
1.628293878426489130e+02,2.054151456121573460e+02,1.500000000000000000e+01,1.343170999999999951e-06,0.000000000000000000e+00
1.632107996975070421e+02,2.054147642003024998e+02,1.500000000000000000e+01,1.301508999999999985e-06,0.000000000000000000e+00
1.636519289822753365e+02,2.054143230710177193e+02,1.500000000000000000e+01,1.271604999999999957e-06,0.000000000000000000e+00
1.640837457938931436e+02,2.054138912542061064e+02,1.500000000000000000e+01,1.342573999999999989e-06,0.000000000000000000e+00
1.644744081654619663e+02,2.054135005918345485e+02,1.500000000000000000e+01,1.378851999999999991e-06,0.000000000000000000e+00
1.649147794625599772e+02,2.054130602205374316e+02,1.500000000000000000e+01,1.298613000000000089e-06,0.000000000000000000e+00
1.653218688945823942e+02,2.054126531311054293e+02,1.500000000000000000e+01,1.308624999999999901e-06,0.000000000000000000e+00
1.657232829396889997e+02,2.054122517170603146e+02,1.500000000000000000e+01,1.327746000000000010e-06,0.000000000000000000e+00
1.661540721292533078e+02,2.054118209278707354e+02,1.500000000000000000e+01,1.286301999999999920e-06,0.000000000000000000e+00
1.665930724954316418e+02,2.054113819275045785e+02,1.500000000000000000e+01,1.231790999999999969e-06,0.000000000000000000e+00
1.669928037758501205e+02,2.054109821962241540e+02,1.500000000000000000e+01,1.334715999999999919e-06,0.000000000000000000e+00
1.674066196101465778e+02,2.054105683803898614e+02,1.500000000000000000e+01,1.335196000000000040e-06,0.000000000000000000e+00
1.678498358537994477e+02,2.054101251641461943e+02,1.500000000000000000e+01,1.249281999999999976e-06,0.000000000000000000e+00
1.682654588452832058e+02,2.054097095411547116e+02,1.500000000000000000e+01,1.233885999999999989e-06,0.000000000000000000e+00
1.686774630977874097e+02,2.054092975369022156e+02,1.500000000000000000e+01,1.112436000000000076e-06,0.000000000000000000e+00
1.691015441792197009e+02,2.054088734558207818e+02,1.500000000000000000e+01,1.133041000000000067e-06,0.000000000000000000e+00
1.695353106755409271e+02,2.054084396893244673e+02,1.500000000000000000e+01,1.122825999999999946e-06,0.000000000000000000e+00
1.699398932035566929e+02,2.054080351067964330e+02,1.500000000000000000e+01,1.108724999999999918e-06,0.000000000000000000e+00
1.703578268008301677e+02,2.054076171731991849e+02,1.500000000000000000e+01,9.895157000000000016e-07,0.000000000000000000e+00
1.707787444972241531e+02,2.054071962555027824e+02,1.500000000000000000e+01,9.436772000000000508e-07,0.000000000000000000e+00
1.711803309983539521e+02,2.054067946690016413e+02,1.500000000000000000e+01,1.243840000000000105e-06,0.000000000000000000e+00
1.716173881958794141e+02,2.054063576118041112e+02,1.500000000000000000e+01,1.132896000000000088e-06,0.000000000000000000e+00
1.720253842749886246e+02,2.054059496157250067e+02,1.500000000000000000e+01,1.168650000000000026e-06,0.000000000000000000e+00
1.724462342184054364e+02,2.054055287657816109e+02,1.500000000000000000e+01,1.192180000000000078e-06,0.000000000000000000e+00
1.728505520322526934e+02,2.054051244479677507e+02,1.500000000000000000e+01,1.169944999999999985e-06,0.000000000000000000e+00
1.732491765407820310e+02,2.054047258234592164e+02,1.500000000000000000e+01,1.128340999999999926e-06,0.000000000000000000e+00
1.736978661518715512e+02,2.054042771338481259e+02,1.500000000000000000e+01,1.175881999999999968e-06,0.000000000000000000e+00
1.740882545568736361e+02,2.054038867454431170e+02,1.500000000000000000e+01,1.342967000000000037e-06,0.000000000000000000e+00
1.745210482238603049e+02,2.054034539517761289e+02,1.500000000000000000e+01,1.345630000000000066e-06,0.000000000000000000e+00
1.749449865587786235e+02,2.054030300134412244e+02,1.500000000000000000e+01,1.252745000000000065e-06,0.000000000000000000e+00
1.753265580092771643e+02,2.054026484419907206e+02,1.500000000000000000e+01,1.250401999999999976e-06,0.000000000000000000e+00
1.757697239579081270e+02,2.054022052760420820e+02,1.500000000000000000e+01,1.393521000000000028e-06,0.000000000000000000e+00
1.761802866974931874e+02,2.054017947133025075e+02,1.500000000000000000e+01,1.413951000000000059e-06,0.000000000000000000e+00
1.765900806122283484e+02,2.054013849193877661e+02,1.500000000000000000e+01,1.341992000000000017e-06,0.000000000000000000e+00
1.770355219445251578e+02,2.054009394780554771e+02,1.500000000000000000e+01,1.344741999999999906e-06,0.000000000000000000e+00
1.774379915994179271e+02,2.054005370084005904e+02,1.500000000000000000e+01,1.241497000000000016e-06,0.000000000000000000e+00
1.778464864715861040e+02,2.054001285135284149e+02,1.500000000000000000e+01,1.391628999999999894e-06,0.000000000000000000e+00
1.782617520354123144e+02,2.053997132479645984e+02,1.500000000000000000e+01,1.267107999999999914e-06,0.000000000000000000e+00
1.787095454009876221e+02,2.053992654545990035e+02,1.500000000000000000e+01,1.205626000000000025e-06,0.000000000000000000e+00
1.791334601893129843e+02,2.053988415398106895e+02,1.500000000000000000e+01,1.352061999999999948e-06,0.000000000000000000e+00
1.795746369471926300e+02,2.053984003630528150e+02,1.500000000000000000e+01,1.306630999999999916e-06,0.000000000000000000e+00
1.799806679949426211e+02,2.053979943320050552e+02,1.500000000000000000e+01,1.444321000000000033e-06,0.000000000000000000e+00
1.803941575160495177e+02,2.053975808424839613e+02,1.500000000000000000e+01,1.317807000000000095e-06,0.000000000000000000e+00
1.808036034000811014e+02,2.053971713965999299e+02,1.500000000000000000e+01,1.327295000000000054e-06,0.000000000000000000e+00
1.812067462014703949e+02,2.053967682537985411e+02,1.500000000000000000e+01,1.384600000000000050e-06,0.000000000000000000e+00
1.816514393442591881e+02,2.053963235606557305e+02,1.500000000000000000e+01,1.465013999999999913e-06,0.000000000000000000e+00
1.820459833993623988e+02,2.053959290166006326e+02,1.500000000000000000e+01,1.252076000000000021e-06,0.000000000000000000e+00
1.824720555057120919e+02,2.053955029444942966e+02,1.500000000000000000e+01,1.242820999999999929e-06,0.000000000000000000e+00
1.828851978569972516e+02,2.053950898021430191e+02,1.500000000000000000e+01,1.249515000000000055e-06,0.000000000000000000e+00
1.832975043053507989e+02,2.053946774956946513e+02,1.500000000000000000e+01,1.377614999999999938e-06,0.000000000000000000e+00
1.837213972631026309e+02,2.053942536027369101e+02,1.500000000000000000e+01,1.361142000000000079e-06,0.000000000000000000e+00
1.841199453876284906e+02,2.053938550546123736e+02,1.500000000000000000e+01,1.330147000000000006e-06,0.000000000000000000e+00
1.845439123408397109e+02,2.053934310876591667e+02,1.500000000000000000e+01,1.266337000000000019e-06,0.000000000000000000e+00
1.849919732724044081e+02,2.053929830267275918e+02,1.500000000000000000e+01,1.286141999999999950e-06,0.000000000000000000e+00
1.853797979166114374e+02,2.053925952020833847e+02,1.500000000000000000e+01,1.344727999999999943e-06,0.000000000000000000e+00
1.857952343121902459e+02,2.053921797656878141e+02,1.500000000000000000e+01,1.325476000000000030e-06,0.000000000000000000e+00
1.862177126634569220e+02,2.053917572873365316e+02,1.500000000000000000e+01,1.297376000000000036e-06,0.000000000000000000e+00
1.866255647036065284e+02,2.053913494352964051e+02,1.500000000000000000e+01,1.278022000000000060e-06,0.000000000000000000e+00
1.870565358152284716e+02,2.053909184641847787e+02,1.500000000000000000e+01,1.278473000000000016e-06,0.000000000000000000e+00
1.874841963252756898e+02,2.053904908036747372e+02,1.500000000000000000e+01,1.099761000000000023e-06,0.000000000000000000e+00
1.879274961191688078e+02,2.053900475038808224e+02,1.500000000000000000e+01,1.292981000000000055e-06,0.000000000000000000e+00
1.883258117741970352e+02,2.053896491882258033e+02,1.500000000000000000e+01,1.287029999999999898e-06,0.000000000000000000e+00
1.887319853217872492e+02,2.053892430146782146e+02,1.500000000000000000e+01,1.281864000000000023e-06,0.000000000000000000e+00
1.891644750439591860e+02,2.053888105249560567e+02,1.500000000000000000e+01,1.277832999999999925e-06,0.000000000000000000e+00
1.895873879251734309e+02,2.053883876120748369e+02,1.500000000000000000e+01,1.252905000000000035e-06,0.000000000000000000e+00
1.900036441001084313e+02,2.053879713558999072e+02,1.500000000000000000e+01,1.196750000000000019e-06,0.000000000000000000e+00
1.904199201369804939e+02,2.053875550798630343e+02,1.500000000000000000e+01,1.237989999999999983e-06,0.000000000000000000e+00
1.908425401151135645e+02,2.053871324598848958e+02,1.500000000000000000e+01,1.287932000000000021e-06,0.000000000000000000e+00
1.912278055526880678e+02,2.053867471944473095e+02,1.500000000000000000e+01,1.281193999999999951e-06,0.000000000000000000e+00
1.916741502683206022e+02,2.053863008497316684e+02,1.500000000000000000e+01,1.294363999999999903e-06,0.000000000000000000e+00
1.920727423835106720e+02,2.053859022576164932e+02,1.500000000000000000e+01,1.242603000000000053e-06,0.000000000000000000e+00
1.924964394551396936e+02,2.053854785605448683e+02,1.500000000000000000e+01,1.194043000000000047e-06,0.000000000000000000e+00
1.929048439541984692e+02,2.053850701560457992e+02,1.500000000000000000e+01,1.036168999999999913e-06,0.000000000000000000e+00
1.933265810644614078e+02,2.053846484189355408e+02,1.500000000000000000e+01,1.319364000000000087e-06,0.000000000000000000e+00
1.937436242833163931e+02,2.053842313757166949e+02,1.500000000000000000e+01,1.278459000000000053e-06,0.000000000000000000e+00
1.941516207746692260e+02,2.053838233792253334e+02,1.500000000000000000e+01,1.236490999999999898e-06,0.000000000000000000e+00
1.945822020137494519e+02,2.053833927979862608e+02,1.500000000000000000e+01,1.217311000000000067e-06,0.000000000000000000e+00
1.950116375939407192e+02,2.053829633624060591e+02,1.500000000000000000e+01,1.248029999999999933e-06,0.000000000000000000e+00
1.954030636011344768e+02,2.053825719363988753e+02,1.500000000000000000e+01,1.161518999999999907e-06,0.000000000000000000e+00
1.958183821950327115e+02,2.053821566178049807e+02,1.500000000000000000e+01,1.343782000000000088e-06,0.000000000000000000e+00
1.962596706262415864e+02,2.053817153293737476e+02,1.500000000000000000e+01,1.252221000000000000e-06,0.000000000000000000e+00
1.966451459381058839e+02,2.053813298540619030e+02,1.500000000000000000e+01,1.316861000000000028e-06,0.000000000000000000e+00
1.970834768015267002e+02,2.053808915231984713e+02,1.500000000000000000e+01,1.419262999999999942e-06,0.000000000000000000e+00
1.974837182468391461e+02,2.053804912817531658e+02,1.500000000000000000e+01,1.381718999999999933e-06,0.000000000000000000e+00
1.979230091616084053e+02,2.053800519908383819e+02,1.500000000000000000e+01,1.374660999999999924e-06,0.000000000000000000e+00
1.983383260599962910e+02,2.053796366739400128e+02,1.500000000000000000e+01,1.400461999999999984e-06,0.000000000000000000e+00
1.987535484273862494e+02,2.053792214515726187e+02,1.500000000000000000e+01,1.354958000000000055e-06,0.000000000000000000e+00
1.992021121446599636e+02,2.053787728878553480e+02,1.500000000000000000e+01,1.368301999999999940e-06,0.000000000000000000e+00
1.996261802027719909e+02,2.053783488197972247e+02,1.500000000000000000e+01,1.424851000000000031e-06,0.000000000000000000e+00
2.000248968698473107e+02,2.053779501031301606e+02,1.500000000000000000e+01,1.475972000000000003e-06,0.000000000000000000e+00
2.004705942672356969e+02,2.053775044057327648e+02,1.500000000000000000e+01,1.453067000000000050e-06,0.000000000000000000e+00
2.008610070770098446e+02,2.053771139929230003e+02,1.500000000000000000e+01,1.387118000000000100e-06,0.000000000000000000e+00
2.012727718948653717e+02,2.053767022281051311e+02,1.500000000000000000e+01,1.408174000000000047e-06,0.000000000000000000e+00
2.016996486984732826e+02,2.053762753513015298e+02,1.500000000000000000e+01,1.416846999999999955e-06,0.000000000000000000e+00
2.021078227317559879e+02,2.053758671772682476e+02,1.500000000000000000e+01,1.405423999999999946e-06,0.000000000000000000e+00
2.025383398697028952e+02,2.053754366601303047e+02,1.500000000000000000e+01,1.244436000000000040e-06,0.000000000000000000e+00
2.029409667458015178e+02,2.053750340332541953e+02,1.500000000000000000e+01,1.350694000000000091e-06,0.000000000000000000e+00
2.033497587709597951e+02,2.053746252412290403e+02,1.500000000000000000e+01,1.328211999999999956e-06,0.000000000000000000e+00
2.037653341354467500e+02,2.053742096658645551e+02,1.500000000000000000e+01,1.334658000000000012e-06,0.000000000000000000e+00
2.041773243505089113e+02,2.053737976756494845e+02,1.500000000000000000e+01,1.413413000000000032e-06,0.000000000000000000e+00
2.046015785859339644e+02,2.053733734214140725e+02,1.500000000000000000e+01,1.382446000000000096e-06,0.000000000000000000e+00
2.050294828004691681e+02,2.053729455171995255e+02,1.500000000000000000e+01,1.408349000000000007e-06,0.000000000000000000e+00
2.054266906048188446e+02,2.053725483093951709e+02,1.500000000000000000e+01,1.401262000000000044e-06,0.000000000000000000e+00
2.058701212381583900e+02,2.053721048787618315e+02,1.500000000000000000e+01,1.383756000000000046e-06,0.000000000000000000e+00
2.062792068039036906e+02,2.053716957931960962e+02,1.500000000000000000e+01,1.399922999999999929e-06,0.000000000000000000e+00
2.066807612631980362e+02,2.053712942387367946e+02,1.500000000000000000e+01,1.375795999999999914e-06,0.000000000000000000e+00
2.071180823851491937e+02,2.053708569176148444e+02,1.500000000000000000e+01,1.321663000000000021e-06,0.000000000000000000e+00
2.075488687138426940e+02,2.053704261312861661e+02,1.500000000000000000e+01,1.320149999999999973e-06,0.000000000000000000e+00
2.079750817301136863e+02,2.053699999182698832e+02,1.500000000000000000e+01,1.379273999999999993e-06,0.000000000000000000e+00
2.083624031068702323e+02,2.053696125968931199e+02,1.500000000000000000e+01,1.376479999999999948e-06,0.000000000000000000e+00
2.087998336345810060e+02,2.053691751663654088e+02,1.500000000000000000e+01,1.399414000000000066e-06,0.000000000000000000e+00
2.092236515493212892e+02,2.053687513484506724e+02,1.500000000000000000e+01,1.366803000000000066e-06,0.000000000000000000e+00
2.096435131739821998e+02,2.053683314868260084e+02,1.500000000000000000e+01,1.364037999999999975e-06,0.000000000000000000e+00
2.100648466262713896e+02,2.053679101533737423e+02,1.500000000000000000e+01,1.371445000000000089e-06,0.000000000000000000e+00
2.104944158273915491e+02,2.053674805841725970e+02,1.500000000000000000e+01,1.263716999999999907e-06,0.000000000000000000e+00
2.108937941099236753e+02,2.053670812058900879e+02,1.500000000000000000e+01,1.340741000000000001e-06,0.000000000000000000e+00
2.112978714236488429e+02,2.053666771285763559e+02,1.500000000000000000e+01,1.308856999999999952e-06,0.000000000000000000e+00
2.117199337889874471e+02,2.053662550662110107e+02,1.500000000000000000e+01,1.244231999999999915e-06,0.000000000000000000e+00
2.121278159406662098e+02,2.053658471840593336e+02,1.500000000000000000e+01,1.208361999999999951e-06,0.000000000000000000e+00
2.125583536031229244e+02,2.053654166463968807e+02,1.500000000000000000e+01,1.133666999999999983e-06,0.000000000000000000e+00
2.129627807877862722e+02,2.053650122192122183e+02,1.500000000000000000e+01,1.213847999999999978e-06,0.000000000000000000e+00
2.133738304751504131e+02,2.053646011695248603e+02,1.500000000000000000e+01,1.240493000000000042e-06,0.000000000000000000e+00
2.138045994859361087e+02,2.053641704005140696e+02,1.500000000000000000e+01,1.260254000000000030e-06,0.000000000000000000e+00
2.141896830014530337e+02,2.053637853169985590e+02,1.500000000000000000e+01,1.276479000000000031e-06,0.000000000000000000e+00
2.146322476946419044e+02,2.053633427523053570e+02,1.500000000000000000e+01,1.174659999999999905e-06,0.000000000000000000e+00
2.150677656957239208e+02,2.053629072343042878e+02,1.500000000000000000e+01,1.171399999999999915e-06,0.000000000000000000e+00
2.154553310965648905e+02,2.053625196689034453e+02,1.500000000000000000e+01,1.141074000000000097e-06,0.000000000000000000e+00
2.158933869226813727e+02,2.053620816130773221e+02,1.500000000000000000e+01,1.336724000000000079e-06,0.000000000000000000e+00
2.163028895557251872e+02,2.053616721104442888e+02,1.500000000000000000e+01,1.286257999999999976e-06,0.000000000000000000e+00
2.167058245593580921e+02,2.053612691754406399e+02,1.500000000000000000e+01,1.296256000000000037e-06,0.000000000000000000e+00
2.171364782654030705e+02,2.053608385217345926e+02,1.500000000000000000e+01,1.131528000000000019e-06,0.000000000000000000e+00
2.175740443896085594e+02,2.053604009556104018e+02,1.500000000000000000e+01,1.168926000000000021e-06,0.000000000000000000e+00
2.179755790217518836e+02,2.053599994209782551e+02,1.500000000000000000e+01,1.193387999999999966e-06,0.000000000000000000e+00
2.183854736234096379e+02,2.053595895263765954e+02,1.500000000000000000e+01,1.073014999999999924e-06,0.000000000000000000e+00
2.188285743222625683e+02,2.053591464256777499e+02,1.500000000000000000e+01,1.365172999999999965e-06,0.000000000000000000e+00
2.192451732396443163e+02,2.053587298267603671e+02,1.500000000000000000e+01,1.262712999999999933e-06,0.000000000000000000e+00
2.196758450190839937e+02,2.053582991549809265e+02,1.500000000000000000e+01,1.058070000000000103e-06,0.000000000000000000e+00
2.200975796121900885e+02,2.053578774203878083e+02,1.500000000000000000e+01,1.001245000000000017e-06,0.000000000000000000e+00
2.205142616502428723e+02,2.053574607383497721e+02,1.500000000000000000e+01,1.071123000000000002e-06,0.000000000000000000e+00
2.209328381894714823e+02,2.053570421618105399e+02,1.500000000000000000e+01,1.079082999999999922e-06,0.000000000000000000e+00
2.213203032947226063e+02,2.053566546967052773e+02,1.500000000000000000e+01,1.052904000000000016e-06,0.000000000000000000e+00
2.217611512567499972e+02,2.053562138487432662e+02,1.500000000000000000e+01,1.041218999999999975e-06,0.000000000000000000e+00
2.221608585983443902e+02,2.053558141414016518e+02,1.500000000000000000e+01,1.149703000000000061e-06,0.000000000000000000e+00
2.225847205778763964e+02,2.053553902794221244e+02,1.500000000000000000e+01,1.179141999999999958e-06,0.000000000000000000e+00
2.230278246116655509e+02,2.053549471753883324e+02,1.500000000000000000e+01,1.085150999999999921e-06,0.000000000000000000e+00
2.234244299732287118e+02,2.053545505700267597e+02,1.500000000000000000e+01,1.224717999999999969e-06,0.000000000000000000e+00
2.238394984230922091e+02,2.053541355015769057e+02,1.500000000000000000e+01,1.144363000000000041e-06,0.000000000000000000e+00
2.242326171996103881e+02,2.053537423828003909e+02,1.500000000000000000e+01,1.189007999999999975e-06,0.000000000000000000e+00
2.246619170613519998e+02,2.053533130829386550e+02,1.500000000000000000e+01,1.190302999999999935e-06,0.000000000000000000e+00
2.250849356046280434e+02,2.053528900643953818e+02,1.500000000000000000e+01,1.251450000000000105e-06,0.000000000000000000e+00
2.255008131553859130e+02,2.053524741868446029e+02,1.500000000000000000e+01,1.274106999999999989e-06,0.000000000000000000e+00
2.259162912880430270e+02,2.053520587087119509e+02,1.500000000000000000e+01,1.234803000000000102e-06,0.000000000000000000e+00
2.263396356069484909e+02,2.053516353643930472e+02,1.500000000000000000e+01,1.203807000000000001e-06,0.000000000000000000e+00
2.267474166998258340e+02,2.053512275833001866e+02,1.500000000000000000e+01,1.159656999999999966e-06,0.000000000000000000e+00
2.271709654207400320e+02,2.053508040345792551e+02,1.500000000000000000e+01,1.253355999999999990e-06,0.000000000000000000e+00
2.276088918858432066e+02,2.053503661081141729e+02,1.500000000000000000e+01,1.302410999999999896e-06,0.000000000000000000e+00
2.280395643139380866e+02,2.053499354356860636e+02,1.500000000000000000e+01,1.317049999999999952e-06,0.000000000000000000e+00
2.284425382727641249e+02,2.053495324617272502e+02,1.500000000000000000e+01,1.230292000000000095e-06,0.000000000000000000e+00
2.288515064814058917e+02,2.053491234935185901e+02,1.500000000000000000e+01,1.291744000000000003e-06,0.000000000000000000e+00
2.292670262583295937e+02,2.053487079737416821e+02,1.500000000000000000e+01,1.317996000000000018e-06,0.000000000000000000e+00
2.297140170313223564e+02,2.053482609829686680e+02,1.500000000000000000e+01,1.329667000000000097e-06,0.000000000000000000e+00
2.301126842636513175e+02,2.053478623157363643e+02,1.500000000000000000e+01,1.326145000000000074e-06,0.000000000000000000e+00
2.305362969656949588e+02,2.053474387030342996e+02,1.500000000000000000e+01,1.301320000000000062e-06,0.000000000000000000e+00
2.309408089476058308e+02,2.053470341910523871e+02,1.500000000000000000e+01,1.267559000000000081e-06,0.000000000000000000e+00
2.313710139679274960e+02,2.053466039860320791e+02,1.500000000000000000e+01,1.282183999999999962e-06,0.000000000000000000e+00
2.317800048030188123e+02,2.053461949951969814e+02,1.500000000000000000e+01,1.298699999999999949e-06,0.000000000000000000e+00
2.321820434595420011e+02,2.053457929565404640e+02,1.500000000000000000e+01,1.241759000000000049e-06,0.000000000000000000e+00
2.326192593194682274e+02,2.053453557406805317e+02,1.500000000000000000e+01,1.418098999999999998e-06,0.000000000000000000e+00
2.330272980031662939e+02,2.053449477019968299e+02,1.500000000000000000e+01,1.322142999999999930e-06,0.000000000000000000e+00
2.334487226685044448e+02,2.053445262773315108e+02,1.500000000000000000e+01,1.418534999999999963e-06,0.000000000000000000e+00
2.338527131303704891e+02,2.053441222868696343e+02,1.500000000000000000e+01,1.402309999999999962e-06,0.000000000000000000e+00
2.342519506471227544e+02,2.053437230493528887e+02,1.500000000000000000e+01,1.389198999999999945e-06,0.000000000000000000e+00
2.346822259840818958e+02,2.053432927740159073e+02,1.500000000000000000e+01,1.440275999999999973e-06,0.000000000000000000e+00
2.351035941448053563e+02,2.053428714058551918e+02,1.500000000000000000e+01,1.461157999999999987e-06,0.000000000000000000e+00
2.355229841929435679e+02,2.053424520158070550e+02,1.500000000000000000e+01,1.378036999999999940e-06,0.000000000000000000e+00
2.359469474954198347e+02,2.053420280525045882e+02,1.500000000000000000e+01,1.409105999999999939e-06,0.000000000000000000e+00
2.363597201693268914e+02,2.053416152798306769e+02,1.500000000000000000e+01,1.270513000000000095e-06,0.000000000000000000e+00
2.367719517951599926e+02,2.053412030482048465e+02,1.500000000000000000e+01,1.357112000000000009e-06,0.000000000000000000e+00
2.371987994545218044e+02,2.053407762005454913e+02,1.500000000000000000e+01,1.482549000000000076e-06,0.000000000000000000e+00
2.376185743590314416e+02,2.053403564256409766e+02,1.500000000000000000e+01,1.406660999999999999e-06,0.000000000000000000e+00
2.380371454710589489e+02,2.053399378545289551e+02,1.500000000000000000e+01,1.449691000000000034e-06,0.000000000000000000e+00
2.384610033972486463e+02,2.053395139966027614e+02,1.500000000000000000e+01,1.492735000000000032e-06,0.000000000000000000e+00
2.388761552284570371e+02,2.053390988447715415e+02,1.500000000000000000e+01,1.449429000000000002e-06,0.000000000000000000e+00
2.393196480759137899e+02,2.053386553519240749e+02,1.500000000000000000e+01,1.512831999999999977e-06,0.000000000000000000e+00
2.397377333794838705e+02,2.053382372666205242e+02,1.500000000000000000e+01,1.483494999999999931e-06,0.000000000000000000e+00
2.401459260893062435e+02,2.053378290739106831e+02,1.500000000000000000e+01,1.468623000000000008e-06,0.000000000000000000e+00
2.405765788373273324e+02,2.053373984211626748e+02,1.500000000000000000e+01,1.513398999999999958e-06,0.000000000000000000e+00
2.409830292077578520e+02,2.053369919707922406e+02,1.500000000000000000e+01,1.575769000000000007e-06,0.000000000000000000e+00
2.413966354973360922e+02,2.053365783645026568e+02,1.500000000000000000e+01,1.637744999999999979e-06,0.000000000000000000e+00
2.418232634722300531e+02,2.053361517365277678e+02,1.500000000000000000e+01,1.558641000000000067e-06,0.000000000000000000e+00
2.422087335721194279e+02,2.053357662664278962e+02,1.500000000000000000e+01,1.555337999999999948e-06,0.000000000000000000e+00
2.426536254567141100e+02,2.053353213745432981e+02,1.500000000000000000e+01,1.587483000000000002e-06,0.000000000000000000e+00
2.430526381815926413e+02,2.053349223618183998e+02,1.500000000000000000e+01,1.526800999999999961e-06,0.000000000000000000e+00
2.434762052648854933e+02,2.053344987947351115e+02,1.500000000000000000e+01,1.447915999999999954e-06,0.000000000000000000e+00
2.438865712407018123e+02,2.053340884287592871e+02,1.500000000000000000e+01,1.582201000000000100e-06,0.000000000000000000e+00
2.443044386793893068e+02,2.053336705613206163e+02,1.500000000000000000e+01,1.497202999999999910e-06,0.000000000000000000e+00
2.447250753286634506e+02,2.053332499246713496e+02,1.500000000000000000e+01,1.508349999999999924e-06,0.000000000000000000e+00
2.451215782843511874e+02,2.053328534217156403e+02,1.500000000000000000e+01,1.448176999999999958e-06,0.000000000000000000e+00
2.455641533447550273e+02,2.053324108466552502e+02,1.500000000000000000e+01,1.550404999999999939e-06,0.000000000000000000e+00
2.459936796543589139e+02,2.053319813203456476e+02,1.500000000000000000e+01,1.643188000000000089e-06,0.000000000000000000e+00
2.463811707731863123e+02,2.053315938292268186e+02,1.500000000000000000e+01,1.717068000000000007e-06,0.000000000000000000e+00
2.467967183438916265e+02,2.053311782816561220e+02,1.500000000000000000e+01,1.761902000000000076e-06,0.000000000000000000e+00
2.472407841221373985e+02,2.053307342158778681e+02,1.500000000000000000e+01,1.704858999999999901e-06,0.000000000000000000e+00
2.476647808483228914e+02,2.053303102191516700e+02,1.500000000000000000e+01,1.847408999999999916e-06,0.000000000000000000e+00
2.480948133669959930e+02,2.053298801866330052e+02,1.500000000000000000e+01,1.835491000000000008e-06,0.000000000000000000e+00
2.485116078244274718e+02,2.053294633921755690e+02,1.500000000000000000e+01,1.798252999999999976e-06,0.000000000000000000e+00
2.489297286611710263e+02,2.053290452713388277e+02,1.500000000000000000e+01,1.900000000000000020e-06,0.000000000000000000e+00
2.493449982940599625e+02,2.053286300017059318e+02,1.500000000000000000e+01,1.845503000000000032e-06,0.000000000000000000e+00
2.497368718555921987e+02,2.053282381281444202e+02,1.500000000000000000e+01,1.847248999999999947e-06,0.000000000000000000e+00
2.501661231297709946e+02,2.053278088768702219e+02,1.500000000000000000e+01,1.844252000000000016e-06,0.000000000000000000e+00
2.505891471427151487e+02,2.053273858528572759e+02,1.500000000000000000e+01,1.798121999999999960e-06,0.000000000000000000e+00
2.510057192719291947e+02,2.053269692807280649e+02,1.500000000000000000e+01,1.754175000000000023e-06,0.000000000000000000e+00
2.514294578625954273e+02,2.053265455421374099e+02,1.500000000000000000e+01,1.779583000000000034e-06,0.000000000000000000e+00
2.518282044189985243e+02,2.053261467955809962e+02,1.500000000000000000e+01,1.759690000000000003e-06,0.000000000000000000e+00
2.522518857242824026e+02,2.053257231142757178e+02,1.500000000000000000e+01,1.776294000000000090e-06,0.000000000000000000e+00
2.526672383094783925e+02,2.053253077616905102e+02,1.500000000000000000e+01,1.850407000000000087e-06,0.000000000000000000e+00
2.530746766172856894e+02,2.053249003233827068e+02,1.500000000000000000e+01,1.837456000000000039e-06,0.000000000000000000e+00
2.535215188098026431e+02,2.053244534811902042e+02,1.500000000000000000e+01,1.709705000000000049e-06,0.000000000000000000e+00
2.539224184679978009e+02,2.053240525815320154e+02,1.500000000000000000e+01,1.836232999999999949e-06,0.000000000000000000e+00
2.543293390134386698e+02,2.053236456609865570e+02,1.500000000000000000e+01,1.881199000000000062e-06,0.000000000000000000e+00
2.547460437188523485e+02,2.053232289562811559e+02,1.500000000000000000e+01,1.833905000000000062e-06,0.000000000000000000e+00
2.551539914415215549e+02,2.053228210085584919e+02,1.500000000000000000e+01,1.862106999999999907e-06,0.000000000000000000e+00
2.555846669297998517e+02,2.053223903330701887e+02,1.500000000000000000e+01,1.892491000000000055e-06,0.000000000000000000e+00
2.560171268398577809e+02,2.053219578731601587e+02,1.500000000000000000e+01,1.805427000000000011e-06,0.000000000000000000e+00
2.564235137803608495e+02,2.053215514862196471e+02,1.500000000000000000e+01,1.856359000000000059e-06,0.000000000000000000e+00
2.568396098492366377e+02,2.053211353901507721e+02,1.500000000000000000e+01,1.888081999999999900e-06,0.000000000000000000e+00
2.572621353325670270e+02,2.053207128646674278e+02,1.500000000000000000e+01,1.831314999999999931e-06,0.000000000000000000e+00
2.576618448876377556e+02,2.053203131551123590e+02,1.500000000000000000e+01,1.917476999999999853e-06,0.000000000000000000e+00
2.581005365626423327e+02,2.053198744634373725e+02,1.500000000000000000e+01,1.767227999999999921e-06,0.000000000000000000e+00
2.585309792266487534e+02,2.053194440207733464e+02,1.500000000000000000e+01,1.662149000000000016e-06,0.000000000000000000e+00
2.589534112524186753e+02,2.053190215887475745e+02,1.500000000000000000e+01,1.883788999999999981e-06,0.000000000000000000e+00
2.593818131100455275e+02,2.053185931868899559e+02,1.500000000000000000e+01,1.817635999999999905e-06,0.000000000000000000e+00
2.598005042331714094e+02,2.053181744957668400e+02,1.500000000000000000e+01,1.878870999999999964e-06,0.000000000000000000e+00
2.602042971668495284e+02,2.053177707028331440e+02,1.500000000000000000e+01,1.885112999999999895e-06,0.000000000000000000e+00
2.606393559419661301e+02,2.053173356440580335e+02,1.500000000000000000e+01,1.824868000000000059e-06,0.000000000000000000e+00
2.610270329026716922e+02,2.053169479670973203e+02,1.500000000000000000e+01,1.883047000000000040e-06,0.000000000000000000e+00
2.614730788750762258e+02,2.053165019211249387e+02,1.500000000000000000e+01,1.883555999999999903e-06,0.000000000000000000e+00
2.618750106316794017e+02,2.053160999893683254e+02,1.500000000000000000e+01,1.775043000000000074e-06,0.000000000000000000e+00
2.622769520924561562e+02,2.053156980479075457e+02,1.500000000000000000e+01,1.912543999999999844e-06,0.000000000000000000e+00
2.627027275346981696e+02,2.053152722724653074e+02,1.500000000000000000e+01,1.918830000000000143e-06,0.000000000000000000e+00
2.631152350664102073e+02,2.053148597649336011e+02,1.500000000000000000e+01,1.929802000000000196e-06,0.000000000000000000e+00
2.635515102947235846e+02,2.053144234897052911e+02,1.500000000000000000e+01,1.902794000000000065e-06,0.000000000000000000e+00
2.639369576543558082e+02,2.053140380423456577e+02,1.500000000000000000e+01,1.809268999999999973e-06,0.000000000000000000e+00
2.643662673310891478e+02,2.053136087326689108e+02,1.500000000000000000e+01,1.709034999999999977e-06,0.000000000000000000e+00
2.647786392996015934e+02,2.053131963607004025e+02,1.500000000000000000e+01,1.712745999999999924e-06,0.000000000000000000e+00
2.651839794031922111e+02,2.053127910205968192e+02,1.500000000000000000e+01,1.657942999999999959e-06,0.000000000000000000e+00
2.656144260571230120e+02,2.053123605739428683e+02,1.500000000000000000e+01,1.715773000000000047e-06,0.000000000000000000e+00
2.660496118075335517e+02,2.053119253881924635e+02,1.500000000000000000e+01,1.689899000000000090e-06,0.000000000000000000e+00
2.664530492680705152e+02,2.053115219507319296e+02,1.500000000000000000e+01,1.729654999999999959e-06,0.000000000000000000e+00
2.668576071906061884e+02,2.053111173928093933e+02,1.500000000000000000e+01,1.672887999999999991e-06,0.000000000000000000e+00
2.673008887627118497e+02,2.053106741112372902e+02,1.500000000000000000e+01,1.726991999999999931e-06,0.000000000000000000e+00
2.677225557289812627e+02,2.053102524442710148e+02,1.500000000000000000e+01,1.641295999999999955e-06,0.000000000000000000e+00
2.681534728390188889e+02,2.053098215271609774e+02,1.500000000000000000e+01,1.584078000000000032e-06,0.000000000000000000e+00
2.685614205616881236e+02,2.053094135794383135e+02,1.500000000000000000e+01,1.512206000000000061e-06,0.000000000000000000e+00
2.689908954457019945e+02,2.053089841045542983e+02,1.500000000000000000e+01,1.492793999999999967e-06,0.000000000000000000e+00
2.694067234266327091e+02,2.053085682765733679e+02,1.500000000000000000e+01,1.539709000000000093e-06,0.000000000000000000e+00
2.697944900108675483e+02,2.053081805099891426e+02,1.500000000000000000e+01,1.538181000000000054e-06,0.000000000000000000e+00
2.702385510505243360e+02,2.053077364489494698e+02,1.500000000000000000e+01,1.438427999999999995e-06,0.000000000000000000e+00
2.706625233664122447e+02,2.053073124766335980e+02,1.500000000000000000e+01,1.524283999999999940e-06,0.000000000000000000e+00
2.710612650164607089e+02,2.053069137349835387e+02,1.500000000000000000e+01,1.543768999999999932e-06,0.000000000000000000e+00
2.715091026956691280e+02,2.053064658973043208e+02,1.500000000000000000e+01,1.475607999999999908e-06,0.000000000000000000e+00
2.718945500553012948e+02,2.053060804499446874e+02,1.500000000000000000e+01,1.425695000000000035e-06,0.000000000000000000e+00
2.723141625593723347e+02,2.053056608374406267e+02,1.500000000000000000e+01,1.376028999999999993e-06,0.000000000000000000e+00
2.727329404419768935e+02,2.053052420595580259e+02,1.500000000000000000e+01,1.435065999999999941e-06,0.000000000000000000e+00
2.731410335529799909e+02,2.053048339664470348e+02,1.500000000000000000e+01,1.455905000000000039e-06,0.000000000000000000e+00
2.735715636529244534e+02,2.053044034363470871e+02,1.500000000000000000e+01,1.465771000000000056e-06,0.000000000000000000e+00
2.739772123209046413e+02,2.053039977876790942e+02,1.500000000000000000e+01,1.378429999999999989e-06,0.000000000000000000e+00
2.743899499223368252e+02,2.053035850500776576e+02,1.500000000000000000e+01,1.381689999999999980e-06,0.000000000000000000e+00
2.748181360641943343e+02,2.053031568639358113e+02,1.500000000000000000e+01,1.414533000000000031e-06,0.000000000000000000e+00
2.752033599653011038e+02,2.053027716400347060e+02,1.500000000000000000e+01,1.297462999999999897e-06,0.000000000000000000e+00
2.756478067052794358e+02,2.053023271932947296e+02,1.500000000000000000e+01,1.276653999999999991e-06,0.000000000000000000e+00
2.760805639377372813e+02,2.053018944360622697e+02,1.500000000000000000e+01,1.217020000000000081e-06,0.000000000000000000e+00
2.764709138053435140e+02,2.053015040861946545e+02,1.500000000000000000e+01,1.222113000000000059e-06,0.000000000000000000e+00
2.769112851718928141e+02,2.053010637148281035e+02,1.500000000000000000e+01,1.217923000000000020e-06,0.000000000000000000e+00
2.773189051055607024e+02,2.053006560948944355e+02,1.500000000000000000e+01,1.264793999999999990e-06,0.000000000000000000e+00
2.777208159944481736e+02,2.053002541840055528e+02,1.500000000000000000e+01,1.232212999999999971e-06,0.000000000000000000e+00
2.781519408661707757e+02,2.052998230591338427e+02,1.500000000000000000e+01,1.198117000000000060e-06,0.000000000000000000e+00
2.785906280436079214e+02,2.052993843719563927e+02,1.500000000000000000e+01,1.145977999999999940e-06,0.000000000000000000e+00
2.790326016587809477e+02,2.052989423983412109e+02,1.500000000000000000e+01,1.165681000000000021e-06,0.000000000000000000e+00
2.794128651259542266e+02,2.052985621348740608e+02,1.500000000000000000e+01,1.095919000000000061e-06,0.000000000000000000e+00
2.798462290539932269e+02,2.052981287709460219e+02,1.500000000000000000e+01,1.190521000000000023e-06,0.000000000000000000e+00
2.802614986868820779e+02,2.052977135013131260e+02,1.500000000000000000e+01,1.214532000000000013e-06,0.000000000000000000e+00
2.806900793372657859e+02,2.052972849206627473e+02,1.500000000000000000e+01,1.217092999999999978e-06,0.000000000000000000e+00
2.810982552938625076e+02,2.052968767447061396e+02,1.500000000000000000e+01,1.225183999999999915e-06,0.000000000000000000e+00
2.815320776926930648e+02,2.052964429223073068e+02,1.500000000000000000e+01,1.262712999999999933e-06,0.000000000000000000e+00
2.819371051405274216e+02,2.052960378948594666e+02,1.500000000000000000e+01,1.240332000000000045e-06,0.000000000000000000e+00
2.823383961004055323e+02,2.052956366038995952e+02,1.500000000000000000e+01,1.254811999999999947e-06,0.000000000000000000e+00
2.827759543900588142e+02,2.052951990456099338e+02,1.500000000000000000e+01,1.230728000000000060e-06,0.000000000000000000e+00
2.831772879370229248e+02,2.052947977120629730e+02,1.500000000000000000e+01,1.118139999999999979e-06,0.000000000000000000e+00
2.836012851814213036e+02,2.052943737148185903e+02,1.500000000000000000e+01,1.158535999999999939e-06,0.000000000000000000e+00
2.840002776001335860e+02,2.052939747223998666e+02,1.500000000000000000e+01,1.117019999999999980e-06,0.000000000000000000e+00
2.844439124679936981e+02,2.052935310875320170e+02,1.500000000000000000e+01,1.153471999999999914e-06,0.000000000000000000e+00
2.848485078098237295e+02,2.052931264921901686e+02,1.500000000000000000e+01,1.087784999999999996e-06,0.000000000000000000e+00
2.852472780429408203e+02,2.052927277219570499e+02,1.500000000000000000e+01,1.214022999999999938e-06,0.000000000000000000e+00
2.856781809928216944e+02,2.052922968190071913e+02,1.500000000000000000e+01,1.185806000000000103e-06,0.000000000000000000e+00
2.860997829437022801e+02,2.052918752170562868e+02,1.500000000000000000e+01,1.106629000000000082e-06,0.000000000000000000e+00
2.865165713794972930e+02,2.052914584286205013e+02,1.500000000000000000e+01,1.199761999999999941e-06,0.000000000000000000e+00
2.869352457009568411e+02,2.052910397542990495e+02,1.500000000000000000e+01,1.156862999999999921e-06,0.000000000000000000e+00
2.873654614026717695e+02,2.052906095385973231e+02,1.500000000000000000e+01,1.081861999999999977e-06,0.000000000000000000e+00
2.877935634807962515e+02,2.052901814365192195e+02,1.500000000000000000e+01,1.161751999999999986e-06,0.000000000000000000e+00
2.881980828403872579e+02,2.052897769171596281e+02,1.500000000000000000e+01,1.033550000000000040e-06,0.000000000000000000e+00
2.886240357945870869e+02,2.052893509642054255e+02,1.500000000000000000e+01,1.022694000000000012e-06,0.000000000000000000e+00
2.890544811485328864e+02,2.052889205188514552e+02,1.500000000000000000e+01,1.140724999999999992e-06,0.000000000000000000e+00
2.894586716686944214e+02,2.052885163283312977e+02,1.500000000000000000e+01,1.169159000000000100e-06,0.000000000000000000e+00
2.898690778317916283e+02,2.052881059221681994e+02,1.500000000000000000e+01,1.171138000000000094e-06,0.000000000000000000e+00
2.902846187759429313e+02,2.052876903812240528e+02,1.500000000000000000e+01,1.138235999999999896e-06,0.000000000000000000e+00
2.906917874475190615e+02,2.052872832125524951e+02,1.500000000000000000e+01,1.092499999999999916e-06,0.000000000000000000e+00
2.911291428459648500e+02,2.052868458571540486e+02,1.500000000000000000e+01,1.173685000000000097e-06,0.000000000000000000e+00
2.915483052234824868e+02,2.052864266947765088e+02,1.500000000000000000e+01,1.148292000000000076e-06,0.000000000000000000e+00
2.919523784231494119e+02,2.052860226215768478e+02,1.500000000000000000e+01,1.121327000000000072e-06,0.000000000000000000e+00
2.923901351435311540e+02,2.052855848648564745e+02,1.500000000000000000e+01,1.246909999999999934e-06,0.000000000000000000e+00
2.927776262623585239e+02,2.052851973737376454e+02,1.500000000000000000e+01,1.063308000000000061e-06,0.000000000000000000e+00
2.932032742765440503e+02,2.052847717257234592e+02,1.500000000000000000e+01,1.092558000000000035e-06,0.000000000000000000e+00
2.936225801184843363e+02,2.052843524198815146e+02,1.500000000000000000e+01,1.126420000000000050e-06,0.000000000000000000e+00
2.940419018958600077e+02,2.052839330981041428e+02,1.500000000000000000e+01,1.214691999999999982e-06,0.000000000000000000e+00
2.944667555004240853e+02,2.052835082444995862e+02,1.500000000000000000e+01,1.260691000000000022e-06,0.000000000000000000e+00
2.948807470876797652e+02,2.052830942529123206e+02,1.500000000000000000e+01,1.238265999999999979e-06,0.000000000000000000e+00
2.952692374331380734e+02,2.052827057625668772e+02,1.500000000000000000e+01,1.208608999999999993e-06,0.000000000000000000e+00
2.957163124156687104e+02,2.052822586875843456e+02,1.500000000000000000e+01,1.138033000000000010e-06,0.000000000000000000e+00
2.961152996741334391e+02,2.052818597003258674e+02,1.500000000000000000e+01,1.166234000000000039e-06,0.000000000000000000e+00
2.965387924024905146e+02,2.052814362075975225e+02,1.500000000000000000e+01,1.176419999999999995e-06,0.000000000000000000e+00
2.969864288684496501e+02,2.052809885711315587e+02,1.500000000000000000e+01,1.103996000000000034e-06,0.000000000000000000e+00
2.973741912985394720e+02,2.052806008087014504e+02,1.500000000000000000e+01,1.174935999999999901e-06,0.000000000000000000e+00
2.977894675579823343e+02,2.052801855324420330e+02,1.500000000000000000e+01,1.255030000000000035e-06,0.000000000000000000e+00
2.982134217761488912e+02,2.052797615782238552e+02,1.500000000000000000e+01,1.190943000000000025e-06,0.000000000000000000e+00
2.986592539656488725e+02,2.052793157460343423e+02,1.500000000000000000e+01,1.233929999999999933e-06,0.000000000000000000e+00
2.990527217731127507e+02,2.052789222782269007e+02,1.500000000000000000e+01,1.206048000000000027e-06,0.000000000000000000e+00
2.994799856039441579e+02,2.052784950143960714e+02,1.500000000000000000e+01,1.250154999999999934e-06,0.000000000000000000e+00
2.999233142499668361e+02,2.052780516857500288e+02,1.500000000000000000e+01,1.346736000000000102e-06,0.000000000000000000e+00
3.003383033837835114e+02,2.052776366966162129e+02,1.500000000000000000e+01,1.376553000000000058e-06,0.000000000000000000e+00
3.007532157064816261e+02,2.052772217842935163e+02,1.500000000000000000e+01,1.247550000000000024e-06,0.000000000000000000e+00
3.011610984884300706e+02,2.052768139015115594e+02,1.500000000000000000e+01,1.155233000000000032e-06,0.000000000000000000e+00
3.015917685550085707e+02,2.052763832314449814e+02,1.500000000000000000e+01,1.245527999999999902e-06,0.000000000000000000e+00
3.019999440106874999e+02,2.052759750559893064e+02,1.500000000000000000e+01,1.218227999999999968e-06,0.000000000000000000e+00
3.024154853616773266e+02,2.052755595146383314e+02,1.500000000000000000e+01,1.298089000000000024e-06,0.000000000000000000e+00
3.028029698539507422e+02,2.052751720301460523e+02,1.500000000000000000e+01,1.210224999999999920e-06,0.000000000000000000e+00
3.032464162103103718e+02,2.052747285837896811e+02,1.500000000000000000e+01,1.172040000000000005e-06,0.000000000000000000e+00
3.036319648353936600e+02,2.052743430351646055e+02,1.500000000000000000e+01,1.070845999999999979e-06,0.000000000000000000e+00
3.040689056774809274e+02,2.052739060943225127e+02,1.500000000000000000e+01,1.164706000000000000e-06,0.000000000000000000e+00
3.045149124147665134e+02,2.052734600875852493e+02,1.500000000000000000e+01,1.195395999999999913e-06,0.000000000000000000e+00
3.049073744702732824e+02,2.052730676255297340e+02,1.500000000000000000e+01,1.004722000000000068e-06,0.000000000000000000e+00
3.053231952923712811e+02,2.052726518047076354e+02,1.500000000000000000e+01,1.137465000000000001e-06,0.000000000000000000e+00
3.057407882720333419e+02,2.052722342117279766e+02,1.500000000000000000e+01,9.580835000000000572e-07,0.000000000000000000e+00
3.061489686192014688e+02,2.052718260313808116e+02,1.500000000000000000e+01,7.721827999999999627e-07,0.000000000000000000e+00
3.065794167049077146e+02,2.052713955832950887e+02,1.500000000000000000e+01,6.908667000000000383e-07,0.000000000000000000e+00
3.070110954726973773e+02,2.052709639045272922e+02,1.500000000000000000e+01,6.122572999999999512e-07,0.000000000000000000e+00
3.074182618967274720e+02,2.052705567381032665e+02,1.500000000000000000e+01,7.965427000000000113e-07,0.000000000000000000e+00
3.078431455392689600e+02,2.052701318544607432e+02,1.500000000000000000e+01,8.080387000000000237e-07,0.000000000000000000e+00
3.082586995059372157e+02,2.052697163004940535e+02,1.500000000000000000e+01,8.468050999999999572e-07,0.000000000000000000e+00
3.086875605959532436e+02,2.052692874394040530e+02,1.500000000000000000e+01,8.298520999999999774e-07,0.000000000000000000e+00
3.090957357211945009e+02,2.052688792642788087e+02,1.500000000000000000e+01,9.114009999999999963e-07,0.000000000000000000e+00
3.095264057877729442e+02,2.052684485942122308e+02,1.500000000000000000e+01,7.073539999999999957e-07,0.000000000000000000e+00
3.099475435290375458e+02,2.052680274564709748e+02,1.500000000000000000e+01,6.926129999999999830e-07,0.000000000000000000e+00
3.103350412744188134e+02,2.052676399587255958e+02,1.500000000000000000e+01,8.256466000000000394e-07,0.000000000000000000e+00
3.107783666072943447e+02,2.052671966333927003e+02,1.500000000000000000e+01,8.432688999999999867e-07,0.000000000000000000e+00
3.111868855916030725e+02,2.052667881144083992e+02,1.500000000000000000e+01,9.756477000000000524e-07,0.000000000000000000e+00
3.116120547374812872e+02,2.052663629452625287e+02,1.500000000000000000e+01,8.524365999999999769e-07,0.000000000000000000e+00
3.119975074647582005e+02,2.052659774925352565e+02,1.500000000000000000e+01,6.749323999999999934e-07,0.000000000000000000e+00
3.124400001760059240e+02,2.052655349998239842e+02,1.500000000000000000e+01,6.369372999999999843e-07,0.000000000000000000e+00
3.128555427105255831e+02,2.052651194572894724e+02,1.500000000000000000e+01,7.253692999999999915e-07,0.000000000000000000e+00
3.132451923105977585e+02,2.052647298076894060e+02,1.500000000000000000e+01,9.863142999999999767e-07,0.000000000000000000e+00
3.136758855318687438e+02,2.052642991144681446e+02,1.500000000000000000e+01,7.982744000000000400e-07,0.000000000000000000e+00
3.141172142086932126e+02,2.052638577857913162e+02,1.500000000000000000e+01,7.474882000000000137e-07,0.000000000000000000e+00
3.145147361453883263e+02,2.052634602638546255e+02,1.500000000000000000e+01,8.178904000000000483e-07,0.000000000000000000e+00
3.149332805640522679e+02,2.052630417194359609e+02,1.500000000000000000e+01,8.808128999999999952e-07,0.000000000000000000e+00
3.153763253625954235e+02,2.052625986746374167e+02,1.500000000000000000e+01,5.907641000000000271e-07,0.000000000000000000e+00
3.157624318499964602e+02,2.052622125681500052e+02,1.500000000000000000e+01,5.829933999999999534e-07,0.000000000000000000e+00
3.161864293124672258e+02,2.052617885706875427e+02,1.500000000000000000e+01,9.629002000000000105e-07,0.000000000000000000e+00
3.166228800364338554e+02,2.052613521199635613e+02,1.500000000000000000e+01,8.637579999999999978e-07,0.000000000000000000e+00
3.170306003565310107e+02,2.052609443996434777e+02,1.500000000000000000e+01,8.569477000000000284e-07,0.000000000000000000e+00
3.174529481867097616e+02,2.052605220518132967e+02,1.500000000000000000e+01,8.518108999999999847e-07,0.000000000000000000e+00
3.178684926166242235e+02,2.052601065073833695e+02,1.500000000000000000e+01,9.518262000000000002e-07,0.000000000000000000e+00
3.182559868762424458e+02,2.052597190131237710e+02,1.500000000000000000e+01,8.603528999999999827e-07,0.000000000000000000e+00
3.186855738179609716e+02,2.052592894261820504e+02,1.500000000000000000e+01,8.364732000000000392e-07,0.000000000000000000e+00
3.191276213263358841e+02,2.052588473786736643e+02,1.500000000000000000e+01,7.784547000000000415e-07,0.000000000000000000e+00
3.195696471384268307e+02,2.052584053528615868e+02,1.500000000000000000e+01,7.921916999999999745e-07,0.000000000000000000e+00
3.200003226267050991e+02,2.052579746773732836e+02,1.500000000000000000e+01,1.099105999999999942e-06,0.000000000000000000e+00
3.203993508717019267e+02,2.052575756491283130e+02,1.500000000000000000e+01,8.616626000000000093e-07,0.000000000000000000e+00
3.208037109507779405e+02,2.052571712890492108e+02,1.500000000000000000e+01,7.994240000000000518e-07,0.000000000000000000e+00
3.212250754050008936e+02,2.052567499245949989e+02,1.500000000000000000e+01,9.535870000000000274e-07,0.000000000000000000e+00
3.216327957250981058e+02,2.052563422042749153e+02,1.500000000000000000e+01,8.533971000000000205e-07,0.000000000000000000e+00
3.220636999973975207e+02,2.052559113000025945e+02,1.500000000000000000e+01,8.469069000000000356e-07,0.000000000000000000e+00
3.224688116488549667e+02,2.052555061883511485e+02,1.500000000000000000e+01,7.360650000000000203e-07,0.000000000000000000e+00
3.228806149908552925e+02,2.052550943850091585e+02,1.500000000000000000e+01,6.835761999999999639e-07,0.000000000000000000e+00
3.233104956401804202e+02,2.052546645043598232e+02,1.500000000000000000e+01,8.609494999999999763e-07,0.000000000000000000e+00
3.237155332464992057e+02,2.052542594667534956e+02,1.500000000000000000e+01,1.157240999999999980e-06,0.000000000000000000e+00
3.241395262615997694e+02,2.052538354737384054e+02,1.500000000000000000e+01,1.103675000000000068e-06,0.000000000000000000e+00
3.245380243574512633e+02,2.052534369756425576e+02,1.500000000000000000e+01,1.203297999999999927e-06,0.000000000000000000e+00
3.249855692387616841e+02,2.052529894307612324e+02,1.500000000000000000e+01,8.752686000000000320e-07,0.000000000000000000e+00
3.253736401171087209e+02,2.052526013598829024e+02,1.500000000000000000e+01,9.198119999999999781e-07,0.000000000000000000e+00
3.257886075457894890e+02,2.052521863924542060e+02,1.500000000000000000e+01,7.510388999999999609e-07,0.000000000000000000e+00
3.262122587248438208e+02,2.052517627412751722e+02,1.500000000000000000e+01,8.490023999999999632e-07,0.000000000000000000e+00
3.266574809752373767e+02,2.052513175190247523e+02,1.500000000000000000e+01,8.773058999999999625e-07,0.000000000000000000e+00
3.270511139415756929e+02,2.052509238860584162e+02,1.500000000000000000e+01,1.074440999999999900e-06,0.000000000000000000e+00
3.274780204670395278e+02,2.052504969795329544e+02,1.500000000000000000e+01,1.116495999999999915e-06,0.000000000000000000e+00
3.279042092027291346e+02,2.052500707907972810e+02,1.500000000000000000e+01,1.115345999999999934e-06,0.000000000000000000e+00
3.283366095581413902e+02,2.052496383904418735e+02,1.500000000000000000e+01,9.086651999999999487e-07,0.000000000000000000e+00
3.287307886763945817e+02,2.052492442113235995e+02,1.500000000000000000e+01,9.561189999999999339e-07,0.000000000000000000e+00
3.291599419934073580e+02,2.052488150580065849e+02,1.500000000000000000e+01,6.785413000000000437e-07,0.000000000000000000e+00
3.295996772976454849e+02,2.052483753227023442e+02,1.500000000000000000e+01,7.676426000000000184e-07,0.000000000000000000e+00
3.299987906538569860e+02,2.052479762093461488e+02,1.500000000000000000e+01,8.840580000000000406e-07,0.000000000000000000e+00
3.304135092642069935e+02,2.052475614907357908e+02,1.500000000000000000e+01,6.891933000000000520e-07,0.000000000000000000e+00
3.308371829312513910e+02,2.052471378170687615e+02,1.500000000000000000e+01,7.365305999999999977e-07,0.000000000000000000e+00
3.312448977351559165e+02,2.052467301022648485e+02,1.500000000000000000e+01,8.294300999999999753e-07,0.000000000000000000e+00
3.316686406068847077e+02,2.052463063593931167e+02,1.500000000000000000e+01,1.000488000000000085e-06,0.000000000000000000e+00
3.320673812748091791e+02,2.052459076187251981e+02,1.500000000000000000e+01,9.830254999999999108e-07,0.000000000000000000e+00
3.325148825903274883e+02,2.052454601174096638e+02,1.500000000000000000e+01,9.525829000000000085e-07,0.000000000000000000e+00
3.329151187690545726e+02,2.052450598812309579e+02,1.500000000000000000e+01,7.272320000000000364e-07,0.000000000000000000e+00
3.333209502775200690e+02,2.052446540497224703e+02,1.500000000000000000e+01,7.998023999999999727e-07,0.000000000000000000e+00
3.337389528381514197e+02,2.052442360471618485e+02,1.500000000000000000e+01,6.501068000000000282e-07,0.000000000000000000e+00
3.341554923515496398e+02,2.052438195076484533e+02,1.500000000000000000e+01,3.704480999999999752e-07,0.000000000000000000e+00
3.345778051390154246e+02,2.052433971948609894e+02,1.500000000000000000e+01,7.737252999999999780e-07,0.000000000000000000e+00
3.350081892515356685e+02,2.052429668107484702e+02,1.500000000000000000e+01,1.187407000000000039e-06,0.000000000000000000e+00
3.353984101932302906e+02,2.052425765898067596e+02,1.500000000000000000e+01,9.174836999999999559e-07,0.000000000000000000e+00
3.358328105992366659e+02,2.052421421894007665e+02,1.500000000000000000e+01,1.127030999999999976e-06,0.000000000000000000e+00
3.362559540621543874e+02,2.052417190459378560e+02,1.500000000000000000e+01,1.185456999999999999e-06,0.000000000000000000e+00
3.366552954625697680e+02,2.052413197045374318e+02,1.500000000000000000e+01,9.454670000000000315e-07,0.000000000000000000e+00
3.370945826948016588e+02,2.052408804173051919e+02,1.500000000000000000e+01,6.402406000000000268e-07,0.000000000000000000e+00
3.375254801639521816e+02,2.052404495198360621e+02,1.500000000000000000e+01,7.451016999999999943e-07,0.000000000000000000e+00
3.379270206598439472e+02,2.052400479793401473e+02,1.500000000000000000e+01,9.268551000000000420e-07,0.000000000000000000e+00
3.383341790309584098e+02,2.052396408209690435e+02,1.500000000000000000e+01,5.907932000000000257e-07,0.000000000000000000e+00
3.387495507247884916e+02,2.052392254492752102e+02,1.500000000000000000e+01,6.722111999999999677e-07,0.000000000000000000e+00
3.391976596318258430e+02,2.052387773403681877e+02,1.500000000000000000e+01,9.569629999999999380e-07,0.000000000000000000e+00
3.396334020741254562e+02,2.052383415979258814e+02,1.500000000000000000e+01,1.055057999999999970e-06,0.000000000000000000e+00
3.400202336526717772e+02,2.052379547663473431e+02,1.500000000000000000e+01,9.869254000000000529e-07,0.000000000000000000e+00
3.404660798282396854e+02,2.052375089201717628e+02,1.500000000000000000e+01,7.517664999999999707e-07,0.000000000000000000e+00
3.408810715233121869e+02,2.052370939284766962e+02,1.500000000000000000e+01,8.618372000000000009e-07,0.000000000000000000e+00
3.412685631341780095e+02,2.052367064368658305e+02,1.500000000000000000e+01,9.812792999999999054e-07,0.000000000000000000e+00
3.416960916030534463e+02,2.052362789083969403e+02,1.500000000000000000e+01,9.857758000000000410e-07,0.000000000000000000e+00
3.421164103373556600e+02,2.052358585896626550e+02,1.500000000000000000e+01,1.068256000000000060e-06,0.000000000000000000e+00
3.425351692127521233e+02,2.052354398307872430e+02,1.500000000000000000e+01,9.363138999999999573e-07,0.000000000000000000e+00
3.429585270110524675e+02,2.052350164729889457e+02,1.500000000000000000e+01,1.036766000000000087e-06,0.000000000000000000e+00
3.433463004956661848e+02,2.052346286995043272e+02,1.500000000000000000e+01,1.338091999999999936e-06,0.000000000000000000e+00
3.437615698218829152e+02,2.052342134301781300e+02,1.500000000000000000e+01,1.254621999999999996e-06,0.000000000000000000e+00
3.442094057311894630e+02,2.052337655942688173e+02,1.500000000000000000e+01,1.059306999999999944e-06,0.000000000000000000e+00
3.446077977195157018e+02,2.052333672022804762e+02,1.500000000000000000e+01,9.550859000000000674e-07,0.000000000000000000e+00
3.450318918466566629e+02,2.052329431081533357e+02,1.500000000000000000e+01,1.241394999999999953e-06,0.000000000000000000e+00
3.454369402476632445e+02,2.052325380597523292e+02,1.500000000000000000e+01,8.509231999999999602e-07,0.000000000000000000e+00
3.458543710298432643e+02,2.052321206289701649e+02,1.500000000000000000e+01,9.942595999999999360e-07,0.000000000000000000e+00
3.462812377512126432e+02,2.052316937622487956e+02,1.500000000000000000e+01,1.145424999999999922e-06,0.000000000000000000e+00
3.467060016551006356e+02,2.052312689983448877e+02,1.500000000000000000e+01,1.280147000000000061e-06,0.000000000000000000e+00
3.471254972271480028e+02,2.052308495027728554e+02,1.500000000000000000e+01,1.264793999999999990e-06,0.000000000000000000e+00
3.475446293335646715e+02,2.052304303706664257e+02,1.500000000000000000e+01,1.414052999999999910e-06,0.000000000000000000e+00
3.479695389211970564e+02,2.052300054610788038e+02,1.500000000000000000e+01,1.212364000000000095e-06,0.000000000000000000e+00
3.483965781168444096e+02,2.052295784218831614e+02,1.500000000000000000e+01,1.184744000000000011e-06,0.000000000000000000e+00
3.488136952085185953e+02,2.052291613047914893e+02,1.500000000000000000e+01,7.729394999999999711e-07,0.000000000000000000e+00
3.492188123765446903e+02,2.052287561876234463e+02,1.500000000000000000e+01,1.097651000000000013e-06,0.000000000000000000e+00
3.496525479354614845e+02,2.052283224520645319e+02,1.500000000000000000e+01,7.350027000000000042e-07,0.000000000000000000e+00
3.500420427338438003e+02,2.052279329572661482e+02,1.500000000000000000e+01,1.012449999999999937e-06,0.000000000000000000e+00
3.504900403573038261e+02,2.052274849596427089e+02,1.500000000000000000e+01,1.346940000000000016e-06,0.000000000000000000e+00
3.509053099901927339e+02,2.052270696900098130e+02,1.500000000000000000e+01,1.236986000000000010e-06,0.000000000000000000e+00
3.512928011090201039e+02,2.052266821988909840e+02,1.500000000000000000e+01,1.267209999999999976e-06,0.000000000000000000e+00
3.517159218112814756e+02,2.052262590781887184e+02,1.500000000000000000e+01,1.312583000000000101e-06,0.000000000000000000e+00
3.521341694958651374e+02,2.052258408305041257e+02,1.500000000000000000e+01,1.135238999999999966e-06,0.000000000000000000e+00
3.525545396005291536e+02,2.052254204603994765e+02,1.500000000000000000e+01,8.660718000000000433e-07,0.000000000000000000e+00
3.529822074037161883e+02,2.052249927925962822e+02,1.500000000000000000e+01,4.754402000000000118e-07,0.000000000000000000e+00
3.533933933237909173e+02,2.052245816066762245e+02,1.500000000000000000e+01,8.468923999999999530e-07,0.000000000000000000e+00
3.538067279601136192e+02,2.052241682720398899e+02,1.500000000000000000e+01,4.989270000000000048e-07,0.000000000000000000e+00
3.542304653339694482e+02,2.052237445346660252e+02,1.500000000000000000e+01,5.610491000000000287e-07,0.000000000000000000e+00
3.546294572866719363e+02,2.052233455427133322e+02,1.500000000000000000e+01,1.239837999999999961e-06,0.000000000000000000e+00
3.550708640385157651e+02,2.052229041359614996e+02,1.500000000000000000e+01,1.272855999999999973e-06,0.000000000000000000e+00
3.555014162002266289e+02,2.052224735837997684e+02,1.500000000000000000e+01,1.177729999999999945e-06,0.000000000000000000e+00
3.558893757039864454e+02,2.052220856242960281e+02,1.500000000000000000e+01,1.094463999999999920e-06,0.000000000000000000e+00
3.563049203424603206e+02,2.052216700796575424e+02,1.500000000000000000e+01,7.608759999999999637e-07,0.000000000000000000e+00
3.567260649025178054e+02,2.052212489350974920e+02,1.500000000000000000e+01,9.999493999999999980e-07,0.000000000000000000e+00
3.571342400277590627e+02,2.052208407599722477e+02,1.500000000000000000e+01,1.109684999999999947e-06,0.000000000000000000e+00
3.575719075092439994e+02,2.052204030924907556e+02,1.500000000000000000e+01,1.198161000000000004e-06,0.000000000000000000e+00
3.579959005243445631e+02,2.052199790994756654e+02,1.500000000000000000e+01,1.381472000000000103e-06,0.000000000000000000e+00
3.583826515694330510e+02,2.052195923484305808e+02,1.500000000000000000e+01,1.187291000000000014e-06,0.000000000000000000e+00
3.588256997163834967e+02,2.052191493002836182e+02,1.500000000000000000e+01,1.086853000000000104e-06,0.000000000000000000e+00
3.592423891754500005e+02,2.052187326108245600e+02,1.500000000000000000e+01,1.246065999999999930e-06,0.000000000000000000e+00
3.596730577384515186e+02,2.052183019422615473e+02,1.500000000000000000e+01,1.110180000000000059e-06,0.000000000000000000e+00
3.601141086323624450e+02,2.052178608913676499e+02,1.500000000000000000e+01,1.047402999999999999e-06,0.000000000000000000e+00
3.605116826180304201e+02,2.052174633173819700e+02,1.500000000000000000e+01,1.318840000000000023e-06,0.000000000000000000e+00
3.609295436980492013e+02,2.052170454563019462e+02,1.500000000000000000e+01,1.218926999999999993e-06,0.000000000000000000e+00
3.613503025825199870e+02,2.052166246974174726e+02,1.500000000000000000e+01,1.230916999999999984e-06,0.000000000000000000e+00
3.617593290698728197e+02,2.052162156709301257e+02,1.500000000000000000e+01,1.351858000000000034e-06,0.000000000000000000e+00
3.621833177118321032e+02,2.052157916822881703e+02,1.500000000000000000e+01,1.356005999999999973e-06,0.000000000000000000e+00
3.625823085398029662e+02,2.052153926914602096e+02,1.500000000000000000e+01,1.432242999999999943e-06,0.000000000000000000e+00
3.630284564394613085e+02,2.052149465435605293e+02,1.500000000000000000e+01,1.355568999999999980e-06,0.000000000000000000e+00
3.634136799462156091e+02,2.052145613200537753e+02,1.500000000000000000e+01,1.299064000000000044e-06,0.000000000000000000e+00
3.638372673876166346e+02,2.052141377326123859e+02,1.500000000000000000e+01,1.340857000000000027e-06,0.000000000000000000e+00
3.642528106448962149e+02,2.052137221893551100e+02,1.500000000000000000e+01,1.266496999999999989e-06,0.000000000000000000e+00
3.646679353199609750e+02,2.052133070646800377e+02,1.500000000000000000e+01,1.240216000000000019e-06,0.000000000000000000e+00
3.650911447992887133e+02,2.052128838552007153e+02,1.500000000000000000e+01,1.349719000000000070e-06,0.000000000000000000e+00
3.655220481682932245e+02,2.052124529518317217e+02,1.500000000000000000e+01,1.329331999999999955e-06,0.000000000000000000e+00
3.659230007509721077e+02,2.052120519992490415e+02,1.500000000000000000e+01,1.427134999999999974e-06,0.000000000000000000e+00
3.663302684329941030e+02,2.052116447315670200e+02,1.500000000000000000e+01,1.433888000000000035e-06,0.000000000000000000e+00
3.667709808172904786e+02,2.052112040191827020e+02,1.500000000000000000e+01,1.311141999999999923e-06,0.000000000000000000e+00
3.671947236890193267e+02,2.052107802763109703e+02,1.500000000000000000e+01,1.347259999999999955e-06,0.000000000000000000e+00
3.675932195610687927e+02,2.052103817804389223e+02,1.500000000000000000e+01,1.517605000000000016e-06,0.000000000000000000e+00
3.680169642519084050e+02,2.052099580357480875e+02,1.500000000000000000e+01,1.410211999999999975e-06,0.000000000000000000e+00
3.684621691266202106e+02,2.052095128308733933e+02,1.500000000000000000e+01,1.309396000000000008e-06,0.000000000000000000e+00
3.688771574512298912e+02,2.052090978425487720e+02,1.500000000000000000e+01,1.208346999999999961e-06,0.000000000000000000e+00
3.692649232517824771e+02,2.052087100767482184e+02,1.500000000000000000e+01,1.200417000000000021e-06,0.000000000000000000e+00
3.696928895458685815e+02,2.052082821104541210e+02,1.500000000000000000e+01,1.339808999999999897e-06,0.000000000000000000e+00
3.701235662726897999e+02,2.052078514337273134e+02,1.500000000000000000e+01,1.422435000000000045e-06,0.000000000000000000e+00
3.705315133119361235e+02,2.052074434866880779e+02,1.500000000000000000e+01,1.572843999999999946e-06,0.000000000000000000e+00
3.709535023595832968e+02,2.052070214976404259e+02,1.500000000000000000e+01,1.427891999999999906e-06,0.000000000000000000e+00
3.713703591871787353e+02,2.052066046408128273e+02,1.500000000000000000e+01,1.380788000000000069e-06,0.000000000000000000e+00
3.717568254325699399e+02,2.052062181745674252e+02,1.500000000000000000e+01,1.431689999999999925e-06,0.000000000000000000e+00
3.722053808268327089e+02,2.052057696191731679e+02,1.500000000000000000e+01,1.560736999999999902e-06,0.000000000000000000e+00
3.726043732455449913e+02,2.052053706267544442e+02,1.500000000000000000e+01,1.600143000000000063e-06,0.000000000000000000e+00
3.730485152193620024e+02,2.052049264847806285e+02,1.500000000000000000e+01,1.601757999999999962e-06,0.000000000000000000e+00
3.734748382760815275e+02,2.052045001617239279e+02,1.500000000000000000e+01,1.650245000000000071e-06,0.000000000000000000e+00
3.738623353545207237e+02,2.052041126646454927e+02,1.500000000000000000e+01,1.645618000000000039e-06,0.000000000000000000e+00
3.742776049874095747e+02,2.052036973950125969e+02,1.500000000000000000e+01,1.466657999999999977e-06,0.000000000000000000e+00
3.747034842678696123e+02,2.052032715157321263e+02,1.500000000000000000e+01,1.254142000000000087e-06,0.000000000000000000e+00
3.751114309817614298e+02,2.052028635690182341e+02,1.500000000000000000e+01,1.279273000000000076e-06,0.000000000000000000e+00
3.755423347907178595e+02,2.052024326652092725e+02,1.500000000000000000e+01,1.023494000000000072e-06,0.000000000000000000e+00
3.759453156000858485e+02,2.052020296843999176e+02,1.500000000000000000e+01,6.063054999999999627e-07,0.000000000000000000e+00
3.763545062574215194e+02,2.052016204937425812e+02,1.500000000000000000e+01,3.492023000000000087e-07,0.000000000000000000e+00
3.767927953796607881e+02,2.052011822046203520e+02,1.500000000000000000e+01,1.611769999999999880e-07,0.000000000000000000e+00
3.771806562773592191e+02,2.052007943437226345e+02,1.500000000000000000e+01,1.486478000000000111e-07,0.000000000000000000e+00
3.776155274621880835e+02,2.052003594725378264e+02,1.500000000000000000e+01,8.911592999999999958e-08,0.000000000000000000e+00
3.780392735418307097e+02,2.051999357264581647e+02,1.500000000000000000e+01,8.604546999999999817e-08,0.000000000000000000e+00
3.784869634691335136e+02,2.051994880365308802e+02,1.500000000000000000e+01,1.467852000000000113e-07,0.000000000000000000e+00
3.789027889776551774e+02,2.051990722110223544e+02,1.500000000000000000e+01,1.750740999999999888e-07,0.000000000000000000e+00
3.793290886009845622e+02,2.051986459113990122e+02,1.500000000000000000e+01,9.409267999999999814e-07,0.000000000000000000e+00
3.797143132058121751e+02,2.051982606867941854e+02,1.500000000000000000e+01,1.614011000000000012e-06,0.000000000000000000e+00
3.801594887607051874e+02,2.051978155112392983e+02,1.500000000000000000e+01,1.494481999999999975e-06,0.000000000000000000e+00
3.805829755251795063e+02,2.051973920244748228e+02,1.500000000000000000e+01,1.446066999999999948e-06,0.000000000000000000e+00
3.809836072572704779e+02,2.051969913927427456e+02,1.500000000000000000e+01,1.492953999999999936e-06,0.000000000000000000e+00
3.814232904137620039e+02,2.051965517095862310e+02,1.500000000000000000e+01,1.537934000000000012e-06,0.000000000000000000e+00
3.818299520667938509e+02,2.051961450479332143e+02,1.500000000000000000e+01,1.600113999999999898e-06,0.000000000000000000e+00
3.822306325760138748e+02,2.051957443674239983e+02,1.500000000000000000e+01,1.635969999999999898e-06,0.000000000000000000e+00
3.826478658433890132e+02,2.051953271341565994e+02,1.500000000000000000e+01,1.678009999999999923e-06,0.000000000000000000e+00
3.830690194578182286e+02,2.051949059805421882e+02,1.500000000000000000e+01,1.756881999999999995e-06,0.000000000000000000e+00
3.834996319516527024e+02,2.051944753680483586e+02,1.500000000000000000e+01,1.743959999999999901e-06,0.000000000000000000e+00
3.838874076348503763e+02,2.051940875923651504e+02,1.500000000000000000e+01,1.737410999999999966e-06,0.000000000000000000e+00
3.843029552055556906e+02,2.051936720447944538e+02,1.500000000000000000e+01,1.809312000000000101e-06,0.000000000000000000e+00
3.847463971488549532e+02,2.051932286028511498e+02,1.500000000000000000e+01,1.822132999999999949e-06,0.000000000000000000e+00
3.851319445668061690e+02,2.051928430554332010e+02,1.500000000000000000e+01,1.750741000000000099e-06,0.000000000000000000e+00
3.855691323533480954e+02,2.051924058676466416e+02,1.500000000000000000e+01,1.717897000000000020e-06,0.000000000000000000e+00
3.859710225828977741e+02,2.051920039774171016e+02,1.500000000000000000e+01,1.677587999999999921e-06,0.000000000000000000e+00
3.863993840401204238e+02,2.051915756159598914e+02,1.500000000000000000e+01,1.589855000000000044e-06,0.000000000000000000e+00
3.868085718490245881e+02,2.051911664281509786e+02,1.500000000000000000e+01,1.734530000000000061e-06,0.000000000000000000e+00
3.872517760600276802e+02,2.051907232239399832e+02,1.500000000000000000e+01,1.707449000000000032e-06,0.000000000000000000e+00
3.876674338039069880e+02,2.051903075661960827e+02,1.500000000000000000e+01,1.756648999999999916e-06,0.000000000000000000e+00
3.880903938877924588e+02,2.051898846061122015e+02,1.500000000000000000e+01,1.752473000000000052e-06,0.000000000000000000e+00
3.885212967786428635e+02,2.051894537032213464e+02,1.500000000000000000e+01,1.699969000000000020e-06,0.000000000000000000e+00
3.889415770922681190e+02,2.051890334229077268e+02,1.500000000000000000e+01,1.603722999999999993e-06,0.000000000000000000e+00
3.893293506721798281e+02,2.051886456493278104e+02,1.500000000000000000e+01,1.755760999999999968e-06,0.000000000000000000e+00
3.897704049562250930e+02,2.051882045950437714e+02,1.500000000000000000e+01,1.798209000000000032e-06,0.000000000000000000e+00
3.901941478279538842e+02,2.051877808521720397e+02,1.500000000000000000e+01,1.763518000000000003e-06,0.000000000000000000e+00
3.905926339960399787e+02,2.051873823660039591e+02,1.500000000000000000e+01,1.735083000000000079e-06,0.000000000000000000e+00
3.910163828316515264e+02,2.051869586171683579e+02,1.500000000000000000e+01,1.533014999999999967e-06,0.000000000000000000e+00
3.914228411736896192e+02,2.051865521588263164e+02,1.500000000000000000e+01,1.593594999999999944e-06,0.000000000000000000e+00
3.918492957039864564e+02,2.051861257042960176e+02,1.500000000000000000e+01,1.696288000000000055e-06,0.000000000000000000e+00
3.922616863655093198e+02,2.051857133136344942e+02,1.500000000000000000e+01,1.660242999999999920e-06,0.000000000000000000e+00
3.926615973052792015e+02,2.051853134026947316e+02,1.500000000000000000e+01,1.631167999999999906e-06,0.000000000000000000e+00
3.931003095764568229e+02,2.051848746904235554e+02,1.500000000000000000e+01,1.717286000000000095e-06,0.000000000000000000e+00
3.935286157776717459e+02,2.051844463842223263e+02,1.500000000000000000e+01,1.640873999999999953e-06,0.000000000000000000e+00
3.939261957494632611e+02,2.051840488042505513e+02,1.500000000000000000e+01,1.620181000000000074e-06,0.000000000000000000e+00
3.943417433201686322e+02,2.051836332566798262e+02,1.500000000000000000e+01,1.580890999999999938e-06,0.000000000000000000e+00
3.947344305928193648e+02,2.051832405694071895e+02,1.500000000000000000e+01,1.524793000000000014e-06,0.000000000000000000e+00
3.951805547994943026e+02,2.051827944452004999e+02,1.500000000000000000e+01,1.585823999999999947e-06,0.000000000000000000e+00
3.956045478145948664e+02,2.051823704521854097e+02,1.500000000000000000e+01,1.514548999999999939e-06,0.000000000000000000e+00
3.960032841260526197e+02,2.051819717158739422e+02,1.500000000000000000e+01,1.529028000000000025e-06,0.000000000000000000e+00
3.964466971855699740e+02,2.051815283028144279e+02,1.500000000000000000e+01,1.446024000000000032e-06,0.000000000000000000e+00
3.968416107603557066e+02,2.051811333892396476e+02,1.500000000000000000e+01,1.481152000000000053e-06,0.000000000000000000e+00
3.972492679653618097e+02,2.051807257320346309e+02,1.500000000000000000e+01,1.388892999999999968e-06,0.000000000000000000e+00
3.976800045819869638e+02,2.051802949954180235e+02,1.500000000000000000e+01,1.391818000000000029e-06,0.000000000000000000e+00
3.981106800702652890e+02,2.051798643199297487e+02,1.500000000000000000e+01,1.351464999999999985e-06,0.000000000000000000e+00
3.985379084398854843e+02,2.051794370915601178e+02,1.500000000000000000e+01,1.313397999999999940e-06,0.000000000000000000e+00
3.989380403870113128e+02,2.051790369596130006e+02,1.500000000000000000e+01,1.350985000000000076e-06,0.000000000000000000e+00
3.993679763601231230e+02,2.051786070236398700e+02,1.500000000000000000e+01,1.431660999999999971e-06,0.000000000000000000e+00
3.997963548249264818e+02,2.051781786451750804e+02,1.500000000000000000e+01,1.457388999999999922e-06,0.000000000000000000e+00
4.002190520350450811e+02,2.051777559479649540e+02,1.500000000000000000e+01,1.408784999999999972e-06,0.000000000000000000e+00
4.006267716071390055e+02,2.051773482283928729e+02,1.500000000000000000e+01,1.378342999999999917e-06,0.000000000000000000e+00
4.010572210106267335e+02,2.051769177789893774e+02,1.500000000000000000e+01,1.286985999999999954e-06,0.000000000000000000e+00
4.014857677461765206e+02,2.051764892322538287e+02,1.500000000000000000e+01,1.309498000000000070e-06,0.000000000000000000e+00
4.018732555979643166e+02,2.051761017444020467e+02,1.500000000000000000e+01,1.422754999999999984e-06,0.000000000000000000e+00
4.023042455084470248e+02,2.051756707544915628e+02,1.500000000000000000e+01,1.374705000000000080e-06,0.000000000000000000e+00
4.026894654655071122e+02,2.051752855345344813e+02,1.500000000000000000e+01,1.393899000000000086e-06,0.000000000000000000e+00
4.031324058324784687e+02,2.051748425941675293e+02,1.500000000000000000e+01,1.301873000000000080e-06,0.000000000000000000e+00
4.035467910365392754e+02,2.051744282089634623e+02,1.500000000000000000e+01,1.310051000000000089e-06,0.000000000000000000e+00
4.039504355301102123e+02,2.051740245644699030e+02,1.500000000000000000e+01,1.265943999999999970e-06,0.000000000000000000e+00
4.043937564906700572e+02,2.051735812435093180e+02,1.500000000000000000e+01,1.233857000000000035e-06,0.000000000000000000e+00
4.047809668555676126e+02,2.051731940331444264e+02,1.500000000000000000e+01,1.197957000000000091e-06,0.000000000000000000e+00
4.052060163522012886e+02,2.051727689836478135e+02,1.500000000000000000e+01,1.377703000000000038e-06,0.000000000000000000e+00
4.056366873726442464e+02,2.051723383126273461e+02,1.500000000000000000e+01,1.332955000000000014e-06,0.000000000000000000e+00
4.060448659735865817e+02,2.051719301340264110e+02,1.500000000000000000e+01,1.378735999999999965e-06,0.000000000000000000e+00
4.064703789916768528e+02,2.051715046210083244e+02,1.500000000000000000e+01,1.359657999999999985e-06,0.000000000000000000e+00
4.068856494097065593e+02,2.051710893505903073e+02,1.500000000000000000e+01,1.350301000000000042e-06,0.000000000000000000e+00
4.073146119817827184e+02,2.051706603880182058e+02,1.500000000000000000e+01,1.419538999999999937e-06,0.000000000000000000e+00
4.076998359593155783e+02,2.051702751640406746e+02,1.500000000000000000e+01,1.502659999999999984e-06,0.000000000000000000e+00
4.081438130470669989e+02,2.051698311869529334e+02,1.500000000000000000e+01,1.443885000000000068e-06,0.000000000000000000e+00
4.085841402793199109e+02,2.051693908597206928e+02,1.500000000000000000e+01,1.500914000000000069e-06,0.000000000000000000e+00
4.089915429700135974e+02,2.051689834570299809e+02,1.500000000000000000e+01,1.549372000000000012e-06,0.000000000000000000e+00
4.094061508458133858e+02,2.051685688491541839e+02,1.500000000000000000e+01,1.518506999999999927e-06,0.000000000000000000e+00
4.098217050430725976e+02,2.051681532949569373e+02,1.500000000000000000e+01,1.582432999999999940e-06,0.000000000000000000e+00
4.102393377775849785e+02,2.051677356622224124e+02,1.500000000000000000e+01,1.570763000000000101e-06,0.000000000000000000e+00
4.106475126715968145e+02,2.051673274873284072e+02,1.500000000000000000e+01,1.555890999999999966e-06,0.000000000000000000e+00
4.110855883675613995e+02,2.051668894116324395e+02,1.500000000000000000e+01,1.440232000000000029e-06,0.000000000000000000e+00
4.114859084799721813e+02,2.051664890915200203e+02,1.500000000000000000e+01,1.421038000000000022e-06,0.000000000000000000e+00
4.118977686431467760e+02,2.051660772313568657e+02,1.500000000000000000e+01,1.444073999999999991e-06,0.000000000000000000e+00
4.123243042883476619e+02,2.051656506957116619e+02,1.500000000000000000e+01,1.465378000000000008e-06,0.000000000000000000e+00
4.127304716717557653e+02,2.051652445283282589e+02,1.500000000000000000e+01,1.538763000000000026e-06,0.000000000000000000e+00
4.131542140776259089e+02,2.051648207859223874e+02,1.500000000000000000e+01,1.520630999999999900e-06,0.000000000000000000e+00
4.135857976136612137e+02,2.051643892023863316e+02,1.500000000000000000e+01,1.249093000000000053e-06,0.000000000000000000e+00
4.140015506766134195e+02,2.051639734493233789e+02,1.500000000000000000e+01,1.647451000000000026e-06,0.000000000000000000e+00
4.144171583279879201e+02,2.051635578416720023e+02,1.500000000000000000e+01,1.739972999999999959e-06,0.000000000000000000e+00
4.148049273846316964e+02,2.051631700726153724e+02,1.500000000000000000e+01,1.814551000000000086e-06,0.000000000000000000e+00
4.152256158591225699e+02,2.051627493841408807e+02,1.500000000000000000e+01,1.781256000000000052e-06,0.000000000000000000e+00
4.156562933795975141e+02,2.051623187066203968e+02,1.500000000000000000e+01,1.697874000000000001e-06,0.000000000000000000e+00
4.160644664726420956e+02,2.051619105335273616e+02,1.500000000000000000e+01,1.722029999999999969e-06,0.000000000000000000e+00
4.164943850456796781e+02,2.051614806149543142e+02,1.500000000000000000e+01,1.683757999999999982e-06,0.000000000000000000e+00
4.169191454122137088e+02,2.051610558545878007e+02,1.500000000000000000e+01,1.615132000000000040e-06,0.000000000000000000e+00
4.172976569332308827e+02,2.051606773430667658e+02,1.500000000000000000e+01,1.622466000000000044e-06,0.000000000000000000e+00
4.177418847377084035e+02,2.051602331152622867e+02,1.500000000000000000e+01,1.669977999999999921e-06,0.000000000000000000e+00
4.181730705905316086e+02,2.051598019294094684e+02,1.500000000000000000e+01,1.726323000000000099e-06,0.000000000000000000e+00
4.185641137775232892e+02,2.051594108862224743e+02,1.500000000000000000e+01,1.702588999999999921e-06,0.000000000000000000e+00
4.190116812865471729e+02,2.051589633187134609e+02,1.500000000000000000e+01,1.721054999999999948e-06,0.000000000000000000e+00
4.194297765538461249e+02,2.051585452234461684e+02,1.500000000000000000e+01,1.619512000000000030e-06,0.000000000000000000e+00
4.198608399561048259e+02,2.051581141600439082e+02,1.500000000000000000e+01,1.587788999999999978e-06,0.000000000000000000e+00
4.202812144815770807e+02,2.051576937855184326e+02,1.500000000000000000e+01,1.567604999999999961e-06,0.000000000000000000e+00
4.206833284229109040e+02,2.051572916715770987e+02,1.500000000000000000e+01,1.762294999999999913e-06,0.000000000000000000e+00
4.211202870759688608e+02,2.051568547129240301e+02,1.500000000000000000e+01,1.569482000000000104e-06,0.000000000000000000e+00
4.215467165281697817e+02,2.051564282834718256e+02,1.500000000000000000e+01,1.599080999999999971e-06,0.000000000000000000e+00
4.219497856240888609e+02,2.051560252143759158e+02,1.500000000000000000e+01,1.776294000000000090e-06,0.000000000000000000e+00
4.223535434929268035e+02,2.051556214565070775e+02,1.500000000000000000e+01,1.723863999999999984e-06,0.000000000000000000e+00
4.227525397492511843e+02,2.051552224602507408e+02,1.500000000000000000e+01,1.867330999999999901e-06,0.000000000000000000e+00
4.231832082600681133e+02,2.051547917917399388e+02,1.500000000000000000e+01,1.783919000000000080e-06,0.000000000000000000e+00
4.235911579596617003e+02,2.051543838420403461e+02,1.500000000000000000e+01,1.849620999999999989e-06,0.000000000000000000e+00
4.240220588735876959e+02,2.051539529411264198e+02,1.500000000000000000e+01,1.734807000000000084e-06,0.000000000000000000e+00
4.244422306083175727e+02,2.051535327693916884e+02,1.500000000000000000e+01,1.763647999999999991e-06,0.000000000000000000e+00
4.248298418062188944e+02,2.051531451581937802e+02,1.500000000000000000e+01,1.815963000000000099e-06,0.000000000000000000e+00
4.252707370118561698e+02,2.051527042629881521e+02,1.500000000000000000e+01,1.849330000000000004e-06,0.000000000000000000e+00
4.256942297402133022e+02,2.051522807702597788e+02,1.500000000000000000e+01,1.844425999999999949e-06,0.000000000000000000e+00
4.260932281228082275e+02,2.051518817718771857e+02,1.500000000000000000e+01,1.998007000000000164e-06,0.000000000000000000e+00
4.265383778898744254e+02,2.051514366221101398e+02,1.500000000000000000e+01,2.032261999999999805e-06,0.000000000000000000e+00
4.269412081891267121e+02,2.051510337918108746e+02,1.500000000000000000e+01,1.980370000000000150e-06,0.000000000000000000e+00
4.273499452254353628e+02,2.051506250547745651e+02,1.500000000000000000e+01,1.859444000000000090e-06,0.000000000000000000e+00
4.277654869905898067e+02,2.051502095130094006e+02,1.500000000000000000e+01,1.853550000000000024e-06,0.000000000000000000e+00
4.282129379751908118e+02,2.051497620620248199e+02,1.500000000000000000e+01,1.952067000000000059e-06,0.000000000000000000e+00
4.286369301061571377e+02,2.051493380698938438e+02,1.500000000000000000e+01,1.973036000000000145e-06,0.000000000000000000e+00
4.290356715305343300e+02,2.051489393284694813e+02,1.500000000000000000e+01,1.993656000000000127e-06,0.000000000000000000e+00
4.294829617176483225e+02,2.051484920382823418e+02,1.500000000000000000e+01,1.889406000000000024e-06,0.000000000000000000e+00
4.298712771893298736e+02,2.051481037228106743e+02,1.500000000000000000e+01,1.847875000000000074e-06,0.000000000000000000e+00
4.302860008588012874e+02,2.051476889991411952e+02,1.500000000000000000e+01,1.512729999999999914e-06,0.000000000000000000e+00
4.307101305944352134e+02,2.051472648694055749e+02,1.500000000000000000e+01,5.689217000000000141e-07,0.000000000000000000e+00
4.311294839433036259e+02,2.051468455160566862e+02,1.500000000000000000e+01,1.091771999999999938e-06,0.000000000000000000e+00
4.315496579939710386e+02,2.051464253420060402e+02,1.500000000000000000e+01,1.656997000000000104e-06,0.000000000000000000e+00
4.319765189047632248e+02,2.051459984810952335e+02,1.500000000000000000e+01,1.998182000000000124e-06,0.000000000000000000e+00
4.323637320857740747e+02,2.051456112679142336e+02,1.500000000000000000e+01,1.921086000000000160e-06,0.000000000000000000e+00
4.327962289275877765e+02,2.051451787710724091e+02,1.500000000000000000e+01,1.946172999999999993e-06,0.000000000000000000e+00
4.331816723473281741e+02,2.051447933276526783e+02,1.500000000000000000e+01,1.793042999999999944e-06,0.000000000000000000e+00
4.336235842729008141e+02,2.051443514157271011e+02,1.500000000000000000e+01,2.010143000000000161e-06,0.000000000000000000e+00
4.340225796397814406e+02,2.051439524203602218e+02,1.500000000000000000e+01,1.992826999999999902e-06,0.000000000000000000e+00
4.344465726548820044e+02,2.051435284273451316e+02,1.500000000000000000e+01,1.981897999999999977e-06,0.000000000000000000e+00
4.348839591348142335e+02,2.051430910408651869e+02,1.500000000000000000e+01,1.930805999999999958e-06,0.000000000000000000e+00
4.352943025778287165e+02,2.051426806974221790e+02,1.500000000000000000e+01,1.940483000000000052e-06,0.000000000000000000e+00
4.356982270049880981e+02,2.051422767729950181e+02,1.500000000000000000e+01,1.960986999999999797e-06,0.000000000000000000e+00
4.361289036160569026e+02,2.051418460963839436e+02,1.500000000000000000e+01,1.991952999999999917e-06,0.000000000000000000e+00
4.365546091103910271e+02,2.051414203908896070e+02,1.500000000000000000e+01,1.947497000000000118e-06,0.000000000000000000e+00
4.369603037485089772e+02,2.051410146962514887e+02,1.500000000000000000e+01,1.923807000000000095e-06,0.000000000000000000e+00
4.373880163400845049e+02,2.051405869836599152e+02,1.500000000000000000e+01,1.749489000000000056e-06,0.000000000000000000e+00
4.378061446162520838e+02,2.051401688553837630e+02,1.500000000000000000e+01,1.749067000000000054e-06,0.000000000000000000e+00
4.382107516305255217e+02,2.051397642483694881e+02,1.500000000000000000e+01,1.777327000000000017e-06,0.000000000000000000e+00
4.386454500349157684e+02,2.051393295499650833e+02,1.500000000000000000e+01,1.857203000000000064e-06,0.000000000000000000e+00
4.390765732460096729e+02,2.051388984267539968e+02,1.500000000000000000e+01,1.846433999999999896e-06,0.000000000000000000e+00
4.395082255950762260e+02,2.051384667744049182e+02,1.500000000000000000e+01,1.935127999999999830e-06,0.000000000000000000e+00
4.399319684668049604e+02,2.051380430315331864e+02,1.500000000000000000e+01,1.845240999999999999e-06,0.000000000000000000e+00
4.403121832421543331e+02,2.051376628167578531e+02,1.500000000000000000e+01,1.858774000000000019e-06,0.000000000000000000e+00
4.407552264107932842e+02,2.051372197735892087e+02,1.500000000000000000e+01,1.833323000000000091e-06,0.000000000000000000e+00
4.411851790245277698e+02,2.051367898209754799e+02,1.500000000000000000e+01,1.851934999999999913e-06,0.000000000000000000e+00
4.415776873377862444e+02,2.051363973126622113e+02,1.500000000000000000e+01,1.737353000000000059e-06,0.000000000000000000e+00
4.420220225963182088e+02,2.051359529774036901e+02,1.500000000000000000e+01,1.797671000000000004e-06,0.000000000000000000e+00
4.424171387557983053e+02,2.051355578612441946e+02,1.500000000000000000e+01,1.743202999999999969e-06,0.000000000000000000e+00
4.428324083886872131e+02,2.051351425916113271e+02,1.500000000000000000e+01,1.662614999999999963e-06,0.000000000000000000e+00
4.432274247802317859e+02,2.051347475752197624e+02,1.500000000000000000e+01,1.779756999999999967e-06,0.000000000000000000e+00
4.436560425095963751e+02,2.051343189574903931e+02,1.500000000000000000e+01,1.780951000000000103e-06,0.000000000000000000e+00
4.440797013907995847e+02,2.051338952986091897e+02,1.500000000000000000e+01,1.822089000000000005e-06,0.000000000000000000e+00
4.444937583969465891e+02,2.051334812416030502e+02,1.500000000000000000e+01,1.894761000000000035e-06,0.000000000000000000e+00
4.449093058022106106e+02,2.051330656941977963e+02,1.500000000000000000e+01,1.907231999999999962e-06,0.000000000000000000e+00
4.452967969210379806e+02,2.051326782030789673e+02,1.500000000000000000e+01,1.810025000000000089e-06,0.000000000000000000e+00
4.457413608721582250e+02,2.051322336391278327e+02,1.500000000000000000e+01,1.869556999999999937e-06,0.000000000000000000e+00
4.461653479233759754e+02,2.051318096520766403e+02,1.500000000000000000e+01,1.748253000000000031e-06,0.000000000000000000e+00
4.465643463059711280e+02,2.051314106536940187e+02,1.500000000000000000e+01,1.888619999999999927e-06,0.000000000000000000e+00
4.470123543060374232e+02,2.051309626456939554e+02,1.500000000000000000e+01,1.957028999999999809e-06,0.000000000000000000e+00
4.474303631139503068e+02,2.051305446368860430e+02,1.500000000000000000e+01,1.868757000000000089e-06,0.000000000000000000e+00
4.478456327468392146e+02,2.051301293672531756e+02,1.500000000000000000e+01,1.956184999999999805e-06,0.000000000000000000e+00
4.482818759453480766e+02,2.051296931240546542e+02,1.500000000000000000e+01,1.894993999999999902e-06,0.000000000000000000e+00
4.486670970090215178e+02,2.051293079029909734e+02,1.500000000000000000e+01,1.869092000000000019e-06,0.000000000000000000e+00
4.491077981459480952e+02,2.051288672018540638e+02,1.500000000000000000e+01,1.783803000000000055e-06,0.000000000000000000e+00
4.495511739532866500e+02,2.051284238260467134e+02,1.500000000000000000e+01,1.597683999999999948e-06,0.000000000000000000e+00
4.499552838894056777e+02,2.051280197161106003e+02,1.500000000000000000e+01,1.836146000000000089e-06,0.000000000000000000e+00
4.503658562451295211e+02,2.051276091437548814e+02,1.500000000000000000e+01,1.816209999999999929e-06,0.000000000000000000e+00
4.507530760526943254e+02,2.051272219239473031e+02,1.500000000000000000e+01,1.733672000000000094e-06,0.000000000000000000e+00
4.511834196491075772e+02,2.051267915803508970e+02,1.500000000000000000e+01,1.814215999999999945e-06,0.000000000000000000e+00
4.516140926630811805e+02,2.051263609073369309e+02,1.500000000000000000e+01,1.849141000000000080e-06,0.000000000000000000e+00
4.520220374383552553e+02,2.051259529625616551e+02,1.500000000000000000e+01,1.799532999999999945e-06,0.000000000000000000e+00
4.524419315591368900e+02,2.051255330684408591e+02,1.500000000000000000e+01,1.799155000000000099e-06,0.000000000000000000e+00
4.528604362734212714e+02,2.051251145637265836e+02,1.500000000000000000e+01,1.670923999999999987e-06,0.000000000000000000e+00
4.532461080089349821e+02,2.051247288919910545e+02,1.500000000000000000e+01,1.785854999999999946e-06,0.000000000000000000e+00
4.536944622686609705e+02,2.051242805377313516e+02,1.500000000000000000e+01,1.742432000000000074e-06,0.000000000000000000e+00
4.540937048307450254e+02,2.051238812951692694e+02,1.500000000000000000e+01,1.594512000000000057e-06,0.000000000000000000e+00
4.545179479892173617e+02,2.051234570520107923e+02,1.500000000000000000e+01,1.773675000000000005e-06,0.000000000000000000e+00
4.549629904100511339e+02,2.051230120095899565e+02,1.500000000000000000e+01,1.577063999999999966e-06,0.000000000000000000e+00
4.553507594666949672e+02,2.051226242405332982e+02,1.500000000000000000e+01,1.444946999999999949e-06,0.000000000000000000e+00
4.557660224730299205e+02,2.051222089775269808e+02,1.500000000000000000e+01,1.443927999999999984e-06,0.000000000000000000e+00
4.561778476609280233e+02,2.051217971523390702e+02,1.500000000000000000e+01,1.374865000000000049e-06,0.000000000000000000e+00
4.566021926707292664e+02,2.051213728073292657e+02,1.500000000000000000e+01,1.453649000000000022e-06,0.000000000000000000e+00
4.570361541908396816e+02,2.051209388458091496e+02,1.500000000000000000e+01,1.452674000000000002e-06,0.000000000000000000e+00
4.574408104599770013e+02,2.051205341895400238e+02,1.500000000000000000e+01,1.347347000000000028e-06,0.000000000000000000e+00
4.578429265131072725e+02,2.051201320734869000e+02,1.500000000000000000e+01,1.420979999999999903e-06,0.000000000000000000e+00
4.582859746600577182e+02,2.051196890253399374e+02,1.500000000000000000e+01,1.422173000000000012e-06,0.000000000000000000e+00
4.587101091592027728e+02,2.051192648908408103e+02,1.500000000000000000e+01,1.434993000000000044e-06,0.000000000000000000e+00
4.591407846474810981e+02,2.051188342153525070e+02,1.500000000000000000e+01,1.464868999999999933e-06,0.000000000000000000e+00
4.595487323701502760e+02,2.051184262676298431e+02,1.500000000000000000e+01,1.593944000000000049e-06,0.000000000000000000e+00
4.599748257463953109e+02,2.051180001742536092e+02,1.500000000000000000e+01,1.734952000000000063e-06,0.000000000000000000e+00
4.603900947120100113e+02,2.051175849052879983e+02,1.500000000000000000e+01,1.818786000000000097e-06,0.000000000000000000e+00
4.608336987345932698e+02,2.051171413012654057e+02,1.500000000000000000e+01,1.850145000000000054e-06,0.000000000000000000e+00
4.612288139859250578e+02,2.051167461860140691e+02,1.500000000000000000e+01,2.012602999999999880e-06,0.000000000000000000e+00
4.616575584689119864e+02,2.051163174415310948e+02,1.500000000000000000e+01,1.922816999999999873e-06,0.000000000000000000e+00
4.620473065139913160e+02,2.051159276934860145e+02,1.500000000000000000e+01,1.631138999999999953e-06,0.000000000000000000e+00
4.624953266391009379e+02,2.051154796733609089e+02,1.500000000000000000e+01,1.729974999999999899e-06,0.000000000000000000e+00
4.628945395982632931e+02,2.051150804604017424e+02,1.500000000000000000e+01,1.783016999999999958e-06,0.000000000000000000e+00
4.632983718313143982e+02,2.051146766281686951e+02,1.500000000000000000e+01,1.801745000000000018e-06,0.000000000000000000e+00
4.637204748716169433e+02,2.051142545251283877e+02,1.500000000000000000e+01,1.777108999999999929e-06,0.000000000000000000e+00
4.641284245905620764e+02,2.051138465754094398e+02,1.500000000000000000e+01,1.881169999999999897e-06,0.000000000000000000e+00
4.645652574708366274e+02,2.051134097425291714e+02,1.500000000000000000e+01,1.864435000000000006e-06,0.000000000000000000e+00
4.649675046870527240e+02,2.051130074953129565e+02,1.500000000000000000e+01,1.939698000000000194e-06,0.000000000000000000e+00
4.653755504813400989e+02,2.051125994495186546e+02,1.500000000000000000e+01,1.855557999999999972e-06,0.000000000000000000e+00
4.658191512052375742e+02,2.051121558487947709e+02,1.500000000000000000e+01,1.778549999999999895e-06,0.000000000000000000e+00
4.662174819585312662e+02,2.051117575180414576e+02,1.500000000000000000e+01,1.664447999999999950e-06,0.000000000000000000e+00
4.666454317536326357e+02,2.051113295682463615e+02,1.500000000000000000e+01,1.641135999999999986e-06,0.000000000000000000e+00
4.670763277241380251e+02,2.051108986722758516e+02,1.500000000000000000e+01,1.798777000000000041e-06,0.000000000000000000e+00
4.675070069788120009e+02,2.051104679930211887e+02,1.500000000000000000e+01,1.620516000000000004e-06,0.000000000000000000e+00
4.679064462366412727e+02,2.051100685537633694e+02,1.500000000000000000e+01,1.782914999999999895e-06,0.000000000000000000e+00
4.683115961894663997e+02,2.051096634038105435e+02,1.500000000000000000e+01,1.680687999999999942e-06,0.000000000000000000e+00
4.687546801784394006e+02,2.051092203198215600e+02,1.500000000000000000e+01,1.644614000000000065e-06,0.000000000000000000e+00
4.691784273066463129e+02,2.051087965726933646e+02,1.500000000000000000e+01,1.459905999999999944e-06,0.000000000000000000e+00
4.695774195858778626e+02,2.051083975804141346e+02,1.500000000000000000e+01,1.654495000000000072e-06,0.000000000000000000e+00
4.700240082028149686e+02,2.051079509917971961e+02,1.500000000000000000e+01,1.654028999999999915e-06,0.000000000000000000e+00
4.704249012123380567e+02,2.051075500987876694e+02,1.500000000000000000e+01,1.683510999999999940e-06,0.000000000000000000e+00
4.708320976255732262e+02,2.051071429023744201e+02,1.500000000000000000e+01,1.757144000000000028e-06,0.000000000000000000e+00
4.712480787317284694e+02,2.051067269212682618e+02,1.500000000000000000e+01,1.853578999999999978e-06,0.000000000000000000e+00
4.716564813012079753e+02,2.051063185186987994e+02,1.500000000000000000e+01,1.630439999999999928e-06,0.000000000000000000e+00
4.720871567894863006e+02,2.051058878432105246e+02,1.500000000000000000e+01,1.670007000000000086e-06,0.000000000000000000e+00
4.724946091164122208e+02,2.051054803908835993e+02,1.500000000000000000e+01,1.729698999999999903e-06,0.000000000000000000e+00
4.729090082922044758e+02,2.051050659917077894e+02,1.500000000000000000e+01,1.299763000000000069e-06,0.000000000000000000e+00
4.733337259073559835e+02,2.051046412740926428e+02,1.500000000000000000e+01,8.703645999999999770e-07,0.000000000000000000e+00
4.737410871499797622e+02,2.051042339128500203e+02,1.500000000000000000e+01,1.343024999999999944e-06,0.000000000000000000e+00
4.741645798783367809e+02,2.051038104201216754e+02,1.500000000000000000e+01,1.540829999999999908e-06,0.000000000000000000e+00
4.745630750196817758e+02,2.051034119249803211e+02,1.500000000000000000e+01,1.485387000000000065e-06,0.000000000000000000e+00
4.750107361318586072e+02,2.051029642638681310e+02,1.500000000000000000e+01,1.506269000000000079e-06,0.000000000000000000e+00
4.754286759148620831e+02,2.051025463240851536e+02,1.500000000000000000e+01,1.621884000000000072e-06,0.000000000000000000e+00
4.758348009122354938e+02,2.051021401990877564e+02,1.500000000000000000e+01,1.681080999999999990e-06,0.000000000000000000e+00
4.762352666964498553e+02,2.051017397333035603e+02,1.500000000000000000e+01,1.529435000000000037e-06,0.000000000000000000e+00
4.766774464140877967e+02,2.051012975535859084e+02,1.500000000000000000e+01,1.505511999999999935e-06,0.000000000000000000e+00
4.770995304472983207e+02,2.051008754695527045e+02,1.500000000000000000e+01,1.628519000000000052e-06,0.000000000000000000e+00
4.775165298518792270e+02,2.051004584701481122e+02,1.500000000000000000e+01,1.668333000000000041e-06,0.000000000000000000e+00
4.779354679664970149e+02,2.051000395320334917e+02,1.500000000000000000e+01,1.722451999999999971e-06,0.000000000000000000e+00
4.783232353126408043e+02,2.050996517646873656e+02,1.500000000000000000e+01,1.703869000000000102e-06,0.000000000000000000e+00
4.787408276261115248e+02,2.050992341723738832e+02,1.500000000000000000e+01,1.648498999999999944e-06,0.000000000000000000e+00
4.791888996908396621e+02,2.050987861003091552e+02,1.500000000000000000e+01,1.621533999999999940e-06,0.000000000000000000e+00
4.796251285480688011e+02,2.050983498714519442e+02,1.500000000000000000e+01,1.589883999999999998e-06,0.000000000000000000e+00
4.800556523042864683e+02,2.050979193476957221e+02,1.500000000000000000e+01,1.559833999999999964e-06,0.000000000000000000e+00
4.804601268484457819e+02,2.050975148731515674e+02,1.500000000000000000e+01,1.490160000000000103e-06,0.000000000000000000e+00
4.808709593871761854e+02,2.050971040406128338e+02,1.500000000000000000e+01,1.313296000000000089e-06,0.000000000000000000e+00
4.812826119955151967e+02,2.050966923880044988e+02,1.500000000000000000e+01,1.392021999999999943e-06,0.000000000000000000e+00
4.816875949270238948e+02,2.050962874050729852e+02,1.500000000000000000e+01,1.433305000000000035e-06,0.000000000000000000e+00
4.821303447729007985e+02,2.050958446552270971e+02,1.500000000000000000e+01,1.477194000000000065e-06,0.000000000000000000e+00
4.825264412656964623e+02,2.050954485587343186e+02,1.500000000000000000e+01,1.603825000000000056e-06,0.000000000000000000e+00
4.829478661909935795e+02,2.050950271338089976e+02,1.500000000000000000e+01,1.586333000000000021e-06,0.000000000000000000e+00
4.833655210513532552e+02,2.050946094789486551e+02,1.500000000000000000e+01,1.485649000000000097e-06,0.000000000000000000e+00
4.837763127860873738e+02,2.050941986872139182e+02,1.500000000000000000e+01,1.380526000000000036e-06,0.000000000000000000e+00
4.842000556578162787e+02,2.050937749443421865e+02,1.500000000000000000e+01,1.393928000000000040e-06,0.000000000000000000e+00
4.846242047614504145e+02,2.050933507952385639e+02,1.500000000000000000e+01,1.308464999999999931e-06,0.000000000000000000e+00
4.850434422849706948e+02,2.050929315577150192e+02,1.500000000000000000e+01,1.333072000000000067e-06,0.000000000000000000e+00
4.854680305192400169e+02,2.050925069694807519e+02,1.500000000000000000e+01,1.281630999999999944e-06,0.000000000000000000e+00
4.858702766917149916e+02,2.050921047233082959e+02,1.500000000000000000e+01,1.352090999999999901e-06,0.000000000000000000e+00
4.862714035528932186e+02,2.050917035964471040e+02,1.500000000000000000e+01,1.305816000000000077e-06,0.000000000000000000e+00
4.867182567580333057e+02,2.050912567432419564e+02,1.500000000000000000e+01,1.378983000000000007e-06,0.000000000000000000e+00
4.871389606123016733e+02,2.050908360393877103e+02,1.500000000000000000e+01,1.333580999999999929e-06,0.000000000000000000e+00
4.875402466221373743e+02,2.050904347533778775e+02,1.500000000000000000e+01,1.376625999999999955e-06,0.000000000000000000e+00
4.879883170503883321e+02,2.050899866829496148e+02,1.500000000000000000e+01,1.158826999999999925e-06,0.000000000000000000e+00
4.884034945955268086e+02,2.050895715054044786e+02,1.500000000000000000e+01,1.070351999999999895e-06,0.000000000000000000e+00
4.888122161839783075e+02,2.050891627838160218e+02,1.500000000000000000e+01,1.246371999999999906e-06,0.000000000000000000e+00
4.892145118396911130e+02,2.050887604881603181e+02,1.500000000000000000e+01,1.293840000000000050e-06,0.000000000000000000e+00
4.896599565504902216e+02,2.050883150434495121e+02,1.500000000000000000e+01,1.309293999999999945e-06,0.000000000000000000e+00
4.900584472881679972e+02,2.050879165527118460e+02,1.500000000000000000e+01,1.349472000000000028e-06,0.000000000000000000e+00
4.904824357336768230e+02,2.050874925642663129e+02,1.500000000000000000e+01,1.394989999999999920e-06,0.000000000000000000e+00
4.909235322437511968e+02,2.050870514677562539e+02,1.500000000000000000e+01,1.199761999999999941e-06,0.000000000000000000e+00
4.913072501710353208e+02,2.050866677498289619e+02,1.500000000000000000e+01,1.206426999999999901e-06,0.000000000000000000e+00
4.917382174942748065e+02,2.050862367825057220e+02,1.500000000000000000e+01,1.291816999999999900e-06,0.000000000000000000e+00
4.921369594885373999e+02,2.050858380405114758e+02,1.500000000000000000e+01,1.274515000000000028e-06,0.000000000000000000e+00
4.925604536590486191e+02,2.050854145463409566e+02,1.500000000000000000e+01,1.269407000000000059e-06,0.000000000000000000e+00
4.929626775711312234e+02,2.050850123224288666e+02,1.500000000000000000e+01,1.281615999999999953e-06,0.000000000000000000e+00
4.933974306358841204e+02,2.050845775693641144e+02,1.500000000000000000e+01,1.277992999999999895e-06,0.000000000000000000e+00
4.938037652183788282e+02,2.050841712347816213e+02,1.500000000000000000e+01,1.191001999999999960e-06,0.000000000000000000e+00
4.942176305789737398e+02,2.050837573694210221e+02,1.500000000000000000e+01,1.117484999999999898e-06,0.000000000000000000e+00
4.946413734507024742e+02,2.050833336265492903e+02,1.500000000000000000e+01,1.076012000000000067e-06,0.000000000000000000e+00
4.950816914697143716e+02,2.050828933085302879e+02,1.500000000000000000e+01,1.074499000000000019e-06,0.000000000000000000e+00
4.954886030869056981e+02,2.050824863969130831e+02,1.500000000000000000e+01,1.013628000000000055e-06,0.000000000000000000e+00
4.959028909269223959e+02,2.050820721090730672e+02,1.500000000000000000e+01,7.540510999999999725e-07,0.000000000000000000e+00
4.963178826219948974e+02,2.050816571173780005e+02,1.500000000000000000e+01,1.129606999999999932e-06,0.000000000000000000e+00
4.967259282773483733e+02,2.050812490717226524e+02,1.500000000000000000e+01,1.273321999999999919e-06,0.000000000000000000e+00
4.971554800988895977e+02,2.050808195199011266e+02,1.500000000000000000e+01,1.347943999999999990e-06,0.000000000000000000e+00
4.975863844882026115e+02,2.050803886155117937e+02,1.500000000000000000e+01,1.232256000000000099e-06,0.000000000000000000e+00
4.979937615153032766e+02,2.050799812384846916e+02,1.500000000000000000e+01,1.187028999999999981e-06,0.000000000000000000e+00
4.984089004670394729e+02,2.050795660995329683e+02,1.500000000000000000e+01,1.257619999999999955e-06,0.000000000000000000e+00
4.988247239949109257e+02,2.050791502760050946e+02,1.500000000000000000e+01,1.253487000000000006e-06,0.000000000000000000e+00
4.992668082828486149e+02,2.050787081917171406e+02,1.500000000000000000e+01,1.352483999999999950e-06,0.000000000000000000e+00
4.997016437892124827e+02,2.050782733562107865e+02,1.500000000000000000e+01,1.442530999999999962e-06,0.000000000000000000e+00
5.000917166549555759e+02,2.050778832833450451e+02,1.500000000000000000e+01,1.294524000000000085e-06,0.000000000000000000e+00
5.005248847366411837e+02,2.050774501152633604e+02,1.500000000000000000e+01,1.244829000000000089e-06,0.000000000000000000e+00
5.009706919606647944e+02,2.050770043080393350e+02,1.500000000000000000e+01,1.368811000000000014e-06,0.000000000000000000e+00
5.013579051416757011e+02,2.050766170948583351e+02,1.500000000000000000e+01,1.228080000000000022e-06,0.000000000000000000e+00
5.017734467073106543e+02,2.050762015532926910e+02,1.500000000000000000e+01,1.017761000000000004e-06,0.000000000000000000e+00
5.021759120989913754e+02,2.050757990879010038e+02,1.500000000000000000e+01,1.105916000000000094e-06,0.000000000000000000e+00
5.026062949230658887e+02,2.050753687050769258e+02,1.500000000000000000e+01,1.217879000000000076e-06,0.000000000000000000e+00
5.030252403498867011e+02,2.050749497596501101e+02,1.500000000000000000e+01,1.396808999999999945e-06,0.000000000000000000e+00
5.034214290370292133e+02,2.050745535709629621e+02,1.500000000000000000e+01,1.437569000000000000e-06,0.000000000000000000e+00
5.038647484952421678e+02,2.050741102515047487e+02,1.500000000000000000e+01,1.362364999999999957e-06,0.000000000000000000e+00
5.042522658447445565e+02,2.050737227341552682e+02,1.500000000000000000e+01,1.276828999999999952e-06,0.000000000000000000e+00
5.046675512569445914e+02,2.050733074487430656e+02,1.500000000000000000e+01,1.380351000000000076e-06,0.000000000000000000e+00
5.050933369179389842e+02,2.050728816630820575e+02,1.500000000000000000e+01,1.285225000000000049e-06,0.000000000000000000e+00
5.055107432849065958e+02,2.050724642567151079e+02,1.500000000000000000e+01,1.227905000000000062e-06,0.000000000000000000e+00
5.059344861566353870e+02,2.050720405138433762e+02,1.500000000000000000e+01,1.385094999999999950e-06,0.000000000000000000e+00
5.063488467612231148e+02,2.050716261532387819e+02,1.500000000000000000e+01,1.444815999999999932e-06,0.000000000000000000e+00
5.067588576648024059e+02,2.050712161423352029e+02,1.500000000000000000e+01,1.289270999999999925e-06,0.000000000000000000e+00
5.071881500362169959e+02,2.050707868499637812e+02,1.500000000000000000e+01,1.264269999999999925e-06,0.000000000000000000e+00
5.076180715449016247e+02,2.050703569284551122e+02,1.500000000000000000e+01,9.804789000000000884e-07,0.000000000000000000e+00
5.080609523469963165e+02,2.050699140476530147e+02,1.500000000000000000e+01,1.007792999999999924e-06,0.000000000000000000e+00
5.084660395019084262e+02,2.050695089604980978e+02,1.500000000000000000e+01,8.394126999999999710e-07,0.000000000000000000e+00
5.088775347459379077e+02,2.050690974652540604e+02,1.500000000000000000e+01,7.582421000000000396e-07,0.000000000000000000e+00
5.092925264410104660e+02,2.050686824735589937e+02,1.500000000000000000e+01,1.114050999999999975e-06,0.000000000000000000e+00
5.096977180391221509e+02,2.050682772819608886e+02,1.500000000000000000e+01,1.042775999999999967e-06,0.000000000000000000e+00
5.101411366387508224e+02,2.050678338633612441e+02,1.500000000000000000e+01,1.285733999999999911e-06,0.000000000000000000e+00
5.105768485066145672e+02,2.050673981514933928e+02,1.500000000000000000e+01,1.443157000000000089e-06,0.000000000000000000e+00
5.109618402220680196e+02,2.050670131597779289e+02,1.500000000000000000e+01,1.364066999999999928e-06,0.000000000000000000e+00
5.113966851199405710e+02,2.050665783148800756e+02,1.500000000000000000e+01,1.366322999999999946e-06,0.000000000000000000e+00
5.118057591297502427e+02,2.050661692408702379e+02,1.500000000000000000e+01,1.324341000000000040e-06,0.000000000000000000e+00
5.122088651332653626e+02,2.050657661348667489e+02,1.500000000000000000e+01,1.344756999999999897e-06,0.000000000000000000e+00
5.126281180342730295e+02,2.050653468819657235e+02,1.500000000000000000e+01,1.153676000000000040e-06,0.000000000000000000e+00
5.130399331224504067e+02,2.050649350668775526e+02,1.500000000000000000e+01,1.271546000000000023e-06,0.000000000000000000e+00
5.134876963384313058e+02,2.050644873036615650e+02,1.500000000000000000e+01,1.213338999999999904e-06,0.000000000000000000e+00
5.138753807759536585e+02,2.050640996192240380e+02,1.500000000000000000e+01,1.358260999999999962e-06,0.000000000000000000e+00
5.142910129657805101e+02,2.050636839870342101e+02,1.500000000000000000e+01,1.325141000000000100e-06,0.000000000000000000e+00
5.147146861946173431e+02,2.050632603138053867e+02,1.500000000000000000e+01,1.252076000000000021e-06,0.000000000000000000e+00
5.151228613198586572e+02,2.050628521386801424e+02,1.500000000000000000e+01,1.075502999999999992e-06,0.000000000000000000e+00
5.155557334300808634e+02,2.050624192665699184e+02,1.500000000000000000e+01,1.042469999999999990e-06,0.000000000000000000e+00
5.159940165716860747e+02,2.050619809834283274e+02,1.500000000000000000e+01,1.042949999999999899e-06,0.000000000000000000e+00
5.163817821352841975e+02,2.050615932178647256e+02,1.500000000000000000e+01,9.430078000000000382e-07,0.000000000000000000e+00
5.167967706968483981e+02,2.050611782293031524e+02,1.500000000000000000e+01,8.551579000000000477e-07,0.000000000000000000e+00
5.172191696402160233e+02,2.050607558303597955e+02,1.500000000000000000e+01,4.453032000000000113e-07,0.000000000000000000e+00
5.176271146978963316e+02,2.050603478853020931e+02,1.500000000000000000e+01,6.594491000000000098e-07,0.000000000000000000e+00
5.180635722741477593e+02,2.050599114277258650e+02,1.500000000000000000e+01,4.818139000000000102e-07,0.000000000000000000e+00
5.184995362865599873e+02,2.050594754637134542e+02,1.500000000000000000e+01,7.956551000000000319e-07,0.000000000000000000e+00
5.189150244334296076e+02,2.050590599755665835e+02,1.500000000000000000e+01,9.181821999999999671e-07,0.000000000000000000e+00
5.193022362298557937e+02,2.050586727637701472e+02,1.500000000000000000e+01,9.301001999999999815e-07,0.000000000000000000e+00
5.197455069459421111e+02,2.050582294930540570e+02,1.500000000000000000e+01,1.099818999999999930e-06,0.000000000000000000e+00
5.201692439609723806e+02,2.050578057560390164e+02,1.500000000000000000e+01,9.511858999999999862e-07,0.000000000000000000e+00
5.206070359852526508e+02,2.050573679640147589e+02,1.500000000000000000e+01,9.641370999999999123e-07,0.000000000000000000e+00
5.210159192899461686e+02,2.050569590807100440e+02,1.500000000000000000e+01,1.020977000000000051e-06,0.000000000000000000e+00
5.214282289301814899e+02,2.050565467710698329e+02,1.500000000000000000e+01,8.392525999999999562e-07,0.000000000000000000e+00
5.218429205985427188e+02,2.050561320794014648e+02,1.500000000000000000e+01,9.633512999999999053e-07,0.000000000000000000e+00
5.222513350608317069e+02,2.050557236649391655e+02,1.500000000000000000e+01,8.109927999999999774e-07,0.000000000000000000e+00
5.226664150435370857e+02,2.050553085849564638e+02,1.500000000000000000e+01,1.097985999999999943e-06,0.000000000000000000e+00
5.230892642088826960e+02,2.050548857357911174e+02,1.500000000000000000e+01,1.012259999999999986e-06,0.000000000000000000e+00
5.235184832793272562e+02,2.050544565167206770e+02,1.500000000000000000e+01,1.110936999999999991e-06,0.000000000000000000e+00
5.239034286104143803e+02,2.050540715713895850e+02,1.500000000000000000e+01,1.156805000000000015e-06,0.000000000000000000e+00
5.243316403902764478e+02,2.050536433596097368e+02,1.500000000000000000e+01,1.115723999999999992e-06,0.000000000000000000e+00
5.247548992856368386e+02,2.050532201007143556e+02,1.500000000000000000e+01,9.638316000000000555e-07,0.000000000000000000e+00
5.251538813578567897e+02,2.050528211186421572e+02,1.500000000000000000e+01,6.994232999999999523e-07,0.000000000000000000e+00
5.255932930707841706e+02,2.050523817069292249e+02,1.500000000000000000e+01,1.006454000000000020e-06,0.000000000000000000e+00
5.260219680241734750e+02,2.050519530319758417e+02,1.500000000000000000e+01,1.015185000000000047e-06,0.000000000000000000e+00
5.264165040740053882e+02,2.050515584959260025e+02,1.500000000000000000e+01,9.694922000000000738e-07,0.000000000000000000e+00
5.268360126052624537e+02,2.050511389873947508e+02,1.500000000000000000e+01,9.828218000000000266e-07,0.000000000000000000e+00
5.272608394476104650e+02,2.050507141605523884e+02,1.500000000000000000e+01,1.097373999999999990e-06,0.000000000000000000e+00
5.276897714870638083e+02,2.050502852285129336e+02,1.500000000000000000e+01,1.077525999999999930e-06,0.000000000000000000e+00
5.280981685931773200e+02,2.050498768314068343e+02,1.500000000000000000e+01,1.030347999999999956e-06,0.000000000000000000e+00
5.285293001574530081e+02,2.050494456998425505e+02,1.500000000000000000e+01,1.046616999999999902e-06,0.000000000000000000e+00
5.289510874787956709e+02,2.050490239125211929e+02,1.500000000000000000e+01,9.206997000000000027e-07,0.000000000000000000e+00
5.293734226664851121e+02,2.050486015773335282e+02,1.500000000000000000e+01,9.670038999999999760e-07,0.000000000000000000e+00
5.297676955852417677e+02,2.050482073044147739e+02,1.500000000000000000e+01,1.039792999999999999e-06,0.000000000000000000e+00
5.301951485866712801e+02,2.050477798514133383e+02,1.500000000000000000e+01,1.026317000000000071e-06,0.000000000000000000e+00
5.306030963093405717e+02,2.050473719036906743e+02,1.500000000000000000e+01,1.062944999999999993e-06,0.000000000000000000e+00
5.310373992013168163e+02,2.050469376007986853e+02,1.500000000000000000e+01,1.089486999999999967e-06,0.000000000000000000e+00
5.314419469228600974e+02,2.050465330530771553e+02,1.500000000000000000e+01,1.131570999999999936e-06,0.000000000000000000e+00
5.318440375921753684e+02,2.050461309624078297e+02,1.500000000000000000e+01,1.149747000000000005e-06,0.000000000000000000e+00
5.322705726205300607e+02,2.050457044273794622e+02,1.500000000000000000e+01,1.046165999999999946e-06,0.000000000000000000e+00
5.326766500644097277e+02,2.050452983499355923e+02,1.500000000000000000e+01,1.000545999999999992e-06,0.000000000000000000e+00
5.331073201309883416e+02,2.050448676798690144e+02,1.500000000000000000e+01,9.062350999999999540e-07,0.000000000000000000e+00
5.335154952562295421e+02,2.050444595047437701e+02,1.500000000000000000e+01,8.268689000000000251e-07,0.000000000000000000e+00
5.339342034881254904e+02,2.050440407965118652e+02,1.500000000000000000e+01,7.670751000000000235e-07,0.000000000000000000e+00
5.343650308490183534e+02,2.050436099691509924e+02,1.500000000000000000e+01,9.409414000000000032e-07,0.000000000000000000e+00
5.347404401383643062e+02,2.050432345598616450e+02,1.500000000000000000e+01,1.155102000000000016e-06,0.000000000000000000e+00
5.351815669371733293e+02,2.050427934330628261e+02,1.500000000000000000e+01,1.070512000000000077e-06,0.000000000000000000e+00
5.356237170791288236e+02,2.050423512829208619e+02,1.500000000000000000e+01,1.114894999999999979e-06,0.000000000000000000e+00
5.360227089561068397e+02,2.050419522910438843e+02,1.500000000000000000e+01,1.097316000000000083e-06,0.000000000000000000e+00
5.364464464056870838e+02,2.050415285535943042e+02,1.500000000000000000e+01,1.111503999999999972e-06,0.000000000000000000e+00
5.368594925196269969e+02,2.050411155074803844e+02,1.500000000000000000e+01,1.152423999999999997e-06,0.000000000000000000e+00
5.372713196787447032e+02,2.050407036803212577e+02,1.500000000000000000e+01,1.138105000000000092e-06,0.000000000000000000e+00
5.377075603830791124e+02,2.050402674396169118e+02,1.500000000000000000e+01,1.000108999999999999e-06,0.000000000000000000e+00
5.381078205295801808e+02,2.050398671794704342e+02,1.500000000000000000e+01,1.068619999999999943e-06,0.000000000000000000e+00
5.385278738901214410e+02,2.050394471261098772e+02,1.500000000000000000e+01,1.171108999999999929e-06,0.000000000000000000e+00
5.389737353498728680e+02,2.050390012646501248e+02,1.500000000000000000e+01,1.142515000000000063e-06,0.000000000000000000e+00
5.393892822244016543e+02,2.050385857177755895e+02,1.500000000000000000e+01,1.159424000000000099e-06,0.000000000000000000e+00
5.398045584838445166e+02,2.050381704415161437e+02,1.500000000000000000e+01,1.181658999999999980e-06,0.000000000000000000e+00
5.402475958300532284e+02,2.050377274041699422e+02,1.500000000000000000e+01,1.236868999999999956e-06,0.000000000000000000e+00
5.406443876919073546e+02,2.050373306123080965e+02,1.500000000000000000e+01,1.143561999999999953e-06,0.000000000000000000e+00
5.410750463065212443e+02,2.050368999536934780e+02,1.500000000000000000e+01,1.129300999999999956e-06,0.000000000000000000e+00
5.414812933915408166e+02,2.050364937066084678e+02,1.500000000000000000e+01,1.133056000000000058e-06,0.000000000000000000e+00
5.418942065194687530e+02,2.050360807934805223e+02,1.500000000000000000e+01,1.133507000000000013e-06,0.000000000000000000e+00
5.423040286819818903e+02,2.050356709713180123e+02,1.500000000000000000e+01,1.081148999999999989e-06,0.000000000000000000e+00
5.427072920023422284e+02,2.050352677079976615e+02,1.500000000000000000e+01,1.032269000000000043e-06,0.000000000000000000e+00
5.431448560125274980e+02,2.050348301439874774e+02,1.500000000000000000e+01,1.114400000000000079e-06,0.000000000000000000e+00
5.435577010622193939e+02,2.050344172989377967e+02,1.500000000000000000e+01,1.176246000000000063e-06,0.000000000000000000e+00
5.439860714310705134e+02,2.050339889285689310e+02,1.500000000000000000e+01,1.112478999999999992e-06,0.000000000000000000e+00
5.443864534847327832e+02,2.050335885465152614e+02,1.500000000000000000e+01,1.143097000000000035e-06,0.000000000000000000e+00
5.447888321827869049e+02,2.050331861678172061e+02,1.500000000000000000e+01,1.126449000000000004e-06,0.000000000000000000e+00
5.452124471210773891e+02,2.050327625528789213e+02,1.500000000000000000e+01,1.049003999999999935e-06,0.000000000000000000e+00
5.456314013279262554e+02,2.050323435986720710e+02,1.500000000000000000e+01,1.163120000000000055e-06,0.000000000000000000e+00
5.460624013758105093e+02,2.050319125986241886e+02,1.500000000000000000e+01,1.214880999999999905e-06,0.000000000000000000e+00
5.464915383486627434e+02,2.050314834616513338e+02,1.500000000000000000e+01,1.140884999999999962e-06,0.000000000000000000e+00
5.469158752554988041e+02,2.050310591247445018e+02,1.500000000000000000e+01,1.135267999999999919e-06,0.000000000000000000e+00
5.472940266221374941e+02,2.050306809733778550e+02,1.500000000000000000e+01,1.227991999999999923e-06,0.000000000000000000e+00
5.477383624094086372e+02,2.050302366375906047e+02,1.500000000000000000e+01,1.157691999999999935e-06,0.000000000000000000e+00
5.481703232859838408e+02,2.050298046767140079e+02,1.500000000000000000e+01,1.137552000000000074e-06,0.000000000000000000e+00
5.485889938843447453e+02,2.050293860061156579e+02,1.500000000000000000e+01,1.170220999999999981e-06,0.000000000000000000e+00
5.489969854664969944e+02,2.050289780145334930e+02,1.500000000000000000e+01,1.182780000000000007e-06,0.000000000000000000e+00
5.494400335335435557e+02,2.050285349664664523e+02,1.500000000000000000e+01,1.099339000000000021e-06,0.000000000000000000e+00
5.498452728853264944e+02,2.050281297271146741e+02,1.500000000000000000e+01,1.028819999999999918e-06,0.000000000000000000e+00
5.502447919600954265e+02,2.050277302080399124e+02,1.500000000000000000e+01,1.165171999999999946e-06,0.000000000000000000e+00
5.506754621396196399e+02,2.050272995378603866e+02,1.500000000000000000e+01,1.424152000000000006e-06,0.000000000000000000e+00
5.510972926497425988e+02,2.050268777073502520e+02,1.500000000000000000e+01,1.415464999999999923e-06,0.000000000000000000e+00
5.515028858625953490e+02,2.050264721141374196e+02,1.500000000000000000e+01,1.446896999999999989e-06,0.000000000000000000e+00
5.519107932718874281e+02,2.050260642067281083e+02,1.500000000000000000e+01,1.483770999999999926e-06,0.000000000000000000e+00
5.523337326116574104e+02,2.050256412673883517e+02,1.500000000000000000e+01,1.294378000000000078e-06,0.000000000000000000e+00
5.527491890626762370e+02,2.050252258109373145e+02,1.500000000000000000e+01,1.358596000000000104e-06,0.000000000000000000e+00
5.531478502616951118e+02,2.050248271497383143e+02,1.500000000000000000e+01,1.369946000000000004e-06,0.000000000000000000e+00
5.535880377845246585e+02,2.050243869622154875e+02,1.500000000000000000e+01,1.325649999999999962e-06,0.000000000000000000e+00
5.539955801846418808e+02,2.050239794198153618e+02,1.500000000000000000e+01,1.258085999999999901e-06,0.000000000000000000e+00
5.544240885562064705e+02,2.050235509114438059e+02,1.500000000000000000e+01,1.289211999999999990e-06,0.000000000000000000e+00
5.548393491942324545e+02,2.050231356508057559e+02,1.500000000000000000e+01,1.342269000000000040e-06,0.000000000000000000e+00
5.552328402369687410e+02,2.050227421597630268e+02,1.500000000000000000e+01,1.419553999999999928e-06,0.000000000000000000e+00
5.556621870049880272e+02,2.050223128129950112e+02,1.500000000000000000e+01,1.428837999999999973e-06,0.000000000000000000e+00
5.561023987595419840e+02,2.050218726012404602e+02,1.500000000000000000e+01,1.494801999999999914e-06,0.000000000000000000e+00
5.565008066986185895e+02,2.050214741933013727e+02,1.500000000000000000e+01,1.385341999999999992e-06,0.000000000000000000e+00
5.569257889386507259e+02,2.050210492110613529e+02,1.500000000000000000e+01,1.387044999999999990e-06,0.000000000000000000e+00
5.573453611026585577e+02,2.050206296388973328e+02,1.500000000000000000e+01,1.357374000000000042e-06,0.000000000000000000e+00
5.577375561552988756e+02,2.050202374438447066e+02,1.500000000000000000e+01,1.343520000000000056e-06,0.000000000000000000e+00
5.581670949387347491e+02,2.050198079050612705e+02,1.500000000000000000e+01,1.344145999999999971e-06,0.000000000000000000e+00
5.586077978463226827e+02,2.050193672021536884e+02,1.500000000000000000e+01,1.471751999999999983e-06,0.000000000000000000e+00
5.590516296057254522e+02,2.050189233703942762e+02,1.500000000000000000e+01,1.421532999999999922e-06,0.000000000000000000e+00
5.594368538648044478e+02,2.050185381461351994e+02,1.500000000000000000e+01,1.314882000000000034e-06,0.000000000000000000e+00
5.598788224449697282e+02,2.050180961775550372e+02,1.500000000000000000e+01,1.293447000000000002e-06,0.000000000000000000e+00
5.602946569682189875e+02,2.050176803430317705e+02,1.500000000000000000e+01,1.388849000000000024e-06,0.000000000000000000e+00
5.607174449499024149e+02,2.050172575550500937e+02,1.500000000000000000e+01,1.566834000000000066e-06,0.000000000000000000e+00
5.611251659760143866e+02,2.050168498340239864e+02,1.500000000000000000e+01,1.619090000000000028e-06,0.000000000000000000e+00
5.615560676509368250e+02,2.050164189323490689e+02,1.500000000000000000e+01,1.541121000000000106e-06,0.000000000000000000e+00
5.619606623421359473e+02,2.050160143376578787e+02,1.500000000000000000e+01,1.528693000000000095e-06,0.000000000000000000e+00
5.623652935196007547e+02,2.050156097064804044e+02,1.500000000000000000e+01,1.461186999999999941e-06,0.000000000000000000e+00
5.627914713806115969e+02,2.050151835286193887e+02,1.500000000000000000e+01,1.392094000000000025e-06,0.000000000000000000e+00
5.631943658675063489e+02,2.050147806341325065e+02,1.500000000000000000e+01,1.295425999999999996e-06,0.000000000000000000e+00
5.636300991138774634e+02,2.050143449008861296e+02,1.500000000000000000e+01,1.360197000000000040e-06,0.000000000000000000e+00
5.640168450506929503e+02,2.050139581549493073e+02,1.500000000000000000e+01,1.254564000000000089e-06,0.000000000000000000e+00
5.644614925876053348e+02,2.050135135074123980e+02,1.500000000000000000e+01,1.287306000000000106e-06,0.000000000000000000e+00
5.648645869014051186e+02,2.050131104130985875e+02,1.500000000000000000e+01,1.396344000000000026e-06,0.000000000000000000e+00
5.652755253169207208e+02,2.050126994746830746e+02,1.500000000000000000e+01,1.385501999999999961e-06,0.000000000000000000e+00
5.656995230917505069e+02,2.050122754769082576e+02,1.500000000000000000e+01,1.387016000000000037e-06,0.000000000000000000e+00
5.661233425569051860e+02,2.050118516574430885e+02,1.500000000000000000e+01,1.374414000000000094e-06,0.000000000000000000e+00
5.665425034824662589e+02,2.050114324965175285e+02,1.500000000000000000e+01,1.495354999999999933e-06,0.000000000000000000e+00
5.669677744596707498e+02,2.050110072255403395e+02,1.500000000000000000e+01,1.398294000000000067e-06,0.000000000000000000e+00
5.673830374660057032e+02,2.050105919625339936e+02,1.500000000000000000e+01,1.475491000000000066e-06,0.000000000000000000e+00
5.678153829217256998e+02,2.050101596170782727e+02,1.500000000000000000e+01,1.496548000000000041e-06,0.000000000000000000e+00
5.682087980378209977e+02,2.050097662019621794e+02,1.500000000000000000e+01,1.304419000000000055e-06,0.000000000000000000e+00
5.686394756573411087e+02,2.050093355243426743e+02,1.500000000000000000e+01,8.746574000000000166e-07,0.000000000000000000e+00
5.690774192075192559e+02,2.050088975807924783e+02,1.500000000000000000e+01,8.395290999999999654e-07,0.000000000000000000e+00
5.694785560703519423e+02,2.050084964439296584e+02,1.500000000000000000e+01,1.060660000000000023e-06,0.000000000000000000e+00
5.699001485340776298e+02,2.050080748514659206e+02,1.500000000000000000e+01,1.105975000000000029e-06,0.000000000000000000e+00
5.703323797174437004e+02,2.050076426202825530e+02,1.500000000000000000e+01,1.025589999999999908e-06,0.000000000000000000e+00
5.707179866422745818e+02,2.050072570133577301e+02,1.500000000000000000e+01,1.107560999999999974e-06,0.000000000000000000e+00
5.711589119549607858e+02,2.050068160880450421e+02,1.500000000000000000e+01,1.123829999999999919e-06,0.000000000000000000e+00
5.715526456472424570e+02,2.050064223543527646e+02,1.500000000000000000e+01,1.042804999999999920e-06,0.000000000000000000e+00
5.719796146229491569e+02,2.050059953853770480e+02,1.500000000000000000e+01,1.225679000000000026e-06,0.000000000000000000e+00
5.723914908390622713e+02,2.050055835091609424e+02,1.500000000000000000e+01,1.153340999999999898e-06,0.000000000000000000e+00
5.728048828225863645e+02,2.050051701171774141e+02,1.500000000000000000e+01,1.153501000000000080e-06,0.000000000000000000e+00
5.732291314471110582e+02,2.050047458685529023e+02,1.500000000000000000e+01,1.321298999999999926e-06,0.000000000000000000e+00
5.736377747445429804e+02,2.050043372252554548e+02,1.500000000000000000e+01,1.248015999999999970e-06,0.000000000000000000e+00
5.740584750157222516e+02,2.050039165249842767e+02,1.500000000000000000e+01,1.207793999999999943e-06,0.000000000000000000e+00
5.744864638854870691e+02,2.050034885361145029e+02,1.500000000000000000e+01,1.062028000000000092e-06,0.000000000000000000e+00
5.748970975728660733e+02,2.050030779024271226e+02,1.500000000000000000e+01,8.358038000000000266e-07,0.000000000000000000e+00
5.753172751801097320e+02,2.050026577248198976e+02,1.500000000000000000e+01,1.128034999999999949e-06,0.000000000000000000e+00
5.757357185521892688e+02,2.050022392814477996e+02,1.500000000000000000e+01,1.256150000000000035e-06,0.000000000000000000e+00
5.761265509122265485e+02,2.050018484490877881e+02,1.500000000000000000e+01,1.099236999999999959e-06,0.000000000000000000e+00
5.765689640515266774e+02,2.050014060359484631e+02,1.500000000000000000e+01,1.222288000000000019e-06,0.000000000000000000e+00
5.769932086931628419e+02,2.050009817913068275e+02,1.500000000000000000e+01,8.248899000000000311e-07,0.000000000000000000e+00
5.773799453823521617e+02,2.050005950546176621e+02,1.500000000000000000e+01,1.168082000000000017e-06,0.000000000000000000e+00
5.778235494049354202e+02,2.050001514505950695e+02,1.500000000000000000e+01,9.786453999999999814e-07,0.000000000000000000e+00
5.782408467609299123e+02,2.049997341532390749e+02,1.500000000000000000e+01,1.065157000000000066e-06,0.000000000000000000e+00
5.786715220507037429e+02,2.049993034779492973e+02,1.500000000000000000e+01,1.195497999999999976e-06,0.000000000000000000e+00
5.790745570305343790e+02,2.049989004429694717e+02,1.500000000000000000e+01,1.157997999999999911e-06,0.000000000000000000e+00
5.795209514725655708e+02,2.049984540485274351e+02,1.500000000000000000e+01,1.146253999999999935e-06,0.000000000000000000e+00
5.799408831828664006e+02,2.049980341168171378e+02,1.500000000000000000e+01,1.038905000000000051e-06,0.000000000000000000e+00
5.803564279325699999e+02,2.049976185720674380e+02,1.500000000000000000e+01,1.045758999999999935e-06,0.000000000000000000e+00
5.807909319251372153e+02,2.049971840680748585e+02,1.500000000000000000e+01,1.119973999999999994e-06,0.000000000000000000e+00
5.811937628683206185e+02,2.049967812371316711e+02,1.500000000000000000e+01,1.183304000000000072e-06,0.000000000000000000e+00
5.816117900526506901e+02,2.049963632099473614e+02,1.500000000000000000e+01,1.003950999999999961e-06,0.000000000000000000e+00
5.820263286887876575e+02,2.049959486713112256e+02,1.500000000000000000e+01,8.356728000000000104e-07,0.000000000000000000e+00
5.824471772873538384e+02,2.049955278227126598e+02,1.500000000000000000e+01,1.101536000000000104e-06,0.000000000000000000e+00
5.828346617796273677e+02,2.049951403382203807e+02,1.500000000000000000e+01,1.213266000000000006e-06,0.000000000000000000e+00
5.832502093503326250e+02,2.049947247906496557e+02,1.500000000000000000e+01,1.002220000000000037e-06,0.000000000000000000e+00
5.836659843619664798e+02,2.049943090156380379e+02,1.500000000000000000e+01,7.445632999999999979e-07,0.000000000000000000e+00
5.840892493019018730e+02,2.049938857506980980e+02,1.500000000000000000e+01,9.609794000000000136e-07,0.000000000000000000e+00
5.845312551561415830e+02,2.049934437448438587e+02,1.500000000000000000e+01,1.112638999999999962e-06,0.000000000000000000e+00
5.849333723211985898e+02,2.049930416276787923e+02,1.500000000000000000e+01,9.483482999999999661e-07,0.000000000000000000e+00
5.853412404484851095e+02,2.049926337595515236e+02,1.500000000000000000e+01,8.867500999999999618e-07,0.000000000000000000e+00
5.857558589179390083e+02,2.049922191410820744e+02,1.500000000000000000e+01,1.106353000000000087e-06,0.000000000000000000e+00
5.861634961080869743e+02,2.049918115038919098e+02,1.500000000000000000e+01,1.136052999999999989e-06,0.000000000000000000e+00
5.866035889806531713e+02,2.049913714110193439e+02,1.500000000000000000e+01,9.022042000000000076e-07,0.000000000000000000e+00
5.870260088041578683e+02,2.049909489911958360e+02,1.500000000000000000e+01,8.972856000000000366e-07,0.000000000000000000e+00
5.874597853759906911e+02,2.049905152146240255e+02,1.500000000000000000e+01,1.025822999999999987e-06,0.000000000000000000e+00
5.878750450070482430e+02,2.049900999549929566e+02,1.500000000000000000e+01,1.072402999999999971e-06,0.000000000000000000e+00
5.882867864042558494e+02,2.049896882135957412e+02,1.500000000000000000e+01,8.663191999999999479e-07,0.000000000000000000e+00
5.887110295627280721e+02,2.049892639704372641e+02,1.500000000000000000e+01,5.749461999999999765e-07,0.000000000000000000e+00
5.891333547660133263e+02,2.049888416452339754e+02,1.500000000000000000e+01,9.537471000000000422e-07,0.000000000000000000e+00
5.895534272831366707e+02,2.049884215727168737e+02,1.500000000000000000e+01,1.138033000000000010e-06,0.000000000000000000e+00
5.899681719668924416e+02,2.049880068280331216e+02,1.500000000000000000e+01,9.869836999999999893e-07,0.000000000000000000e+00
5.903804246998612371e+02,2.049875945753001361e+02,1.500000000000000000e+01,1.053020000000000042e-06,0.000000000000000000e+00
5.907968966840724079e+02,2.049871781033159266e+02,1.500000000000000000e+01,1.196837000000000091e-06,0.000000000000000000e+00
5.912190453176031042e+02,2.049867559546823941e+02,1.500000000000000000e+01,1.188382000000000060e-06,0.000000000000000000e+00
5.916149394522900593e+02,2.049863600605477245e+02,1.500000000000000000e+01,1.011358000000000075e-06,0.000000000000000000e+00
5.920578917649099822e+02,2.049859171082350997e+02,1.500000000000000000e+01,1.217035000000000071e-06,0.000000000000000000e+00
5.924624279376893128e+02,2.049855125720623050e+02,1.500000000000000000e+01,1.289954999999999959e-06,0.000000000000000000e+00
5.928732470755504664e+02,2.049851017529244643e+02,1.500000000000000000e+01,1.151115000000000074e-06,0.000000000000000000e+00
5.932929463751897856e+02,2.049846820536248231e+02,1.500000000000000000e+01,1.055581000000000008e-06,0.000000000000000000e+00
5.936959836545801181e+02,2.049842790163454254e+02,1.500000000000000000e+01,1.354230000000000077e-06,0.000000000000000000e+00
5.941315686547678752e+02,2.049838434313452353e+02,1.500000000000000000e+01,1.255001000000000082e-06,0.000000000000000000e+00
5.945568485760292106e+02,2.049834181514239617e+02,1.500000000000000000e+01,1.015825999999999954e-06,0.000000000000000000e+00
5.949635676602963485e+02,2.049830114323397083e+02,1.500000000000000000e+01,1.156222000000000015e-06,0.000000000000000000e+00
5.953867559276069414e+02,2.049825882440723888e+02,1.500000000000000000e+01,1.237465999999999919e-06,0.000000000000000000e+00
5.958023137767174831e+02,2.049821726862232936e+02,1.500000000000000000e+01,1.180159999999999895e-06,0.000000000000000000e+00
5.962055013111838662e+02,2.049817694986888057e+02,1.500000000000000000e+01,1.025939000000000013e-06,0.000000000000000000e+00
5.966361797527650879e+02,2.049813388202472311e+02,1.500000000000000000e+01,1.238571999999999955e-06,0.000000000000000000e+00
5.970441245221313693e+02,2.049809308754778669e+02,1.500000000000000000e+01,1.232808999999999906e-06,0.000000000000000000e+00
5.974691998642881572e+02,2.049805058001357168e+02,1.500000000000000000e+01,1.065579000000000068e-06,0.000000000000000000e+00
5.978844694971770650e+02,2.049800905305028209e+02,1.500000000000000000e+01,1.236170999999999959e-06,0.000000000000000000e+00
5.982855043511450504e+02,2.049796894956488700e+02,1.500000000000000000e+01,1.152788000000000092e-06,0.000000000000000000e+00
5.987099471137039473e+02,2.049792650528862907e+02,1.500000000000000000e+01,1.120118999999999973e-06,0.000000000000000000e+00
5.991549353410148342e+02,2.049788200646589758e+02,1.500000000000000000e+01,1.103616999999999949e-06,0.000000000000000000e+00
5.995786763358778444e+02,2.049783963236641284e+02,1.500000000000000000e+01,1.172710000000000077e-06,0.000000000000000000e+00
6.000247013441477293e+02,2.049779502986558555e+02,1.500000000000000000e+01,1.124353999999999984e-06,0.000000000000000000e+00
6.004264140995729804e+02,2.049775485859004220e+02,1.500000000000000000e+01,1.162392000000000076e-06,0.000000000000000000e+00
6.008290148495184440e+02,2.049771459851504858e+02,1.500000000000000000e+01,1.263149999999999926e-06,0.000000000000000000e+00
6.012600921151134798e+02,2.049767149078848831e+02,1.500000000000000000e+01,1.139865999999999998e-06,0.000000000000000000e+00
6.016598436260406970e+02,2.049763151563739711e+02,1.500000000000000000e+01,1.180044000000000081e-06,0.000000000000000000e+00
6.020987153260609830e+02,2.049758762846739444e+02,1.500000000000000000e+01,1.217514999999999980e-06,0.000000000000000000e+00
6.024843900882652861e+02,2.049754906099117306e+02,1.500000000000000000e+01,1.090942999999999924e-06,0.000000000000000000e+00
6.029245271501272327e+02,2.049750504728498868e+02,1.500000000000000000e+01,1.025400999999999985e-06,0.000000000000000000e+00
6.033117383306384909e+02,2.049746632616693773e+02,1.500000000000000000e+01,1.210545000000000071e-06,0.000000000000000000e+00
6.037209187031593274e+02,2.049742540812968343e+02,1.500000000000000000e+01,9.915675000000000147e-07,0.000000000000000000e+00
6.041652319442721364e+02,2.049738097680557303e+02,1.500000000000000000e+01,8.010101999999999817e-07,0.000000000000000000e+00
6.045642204212887236e+02,2.049734107795786997e+02,1.500000000000000000e+01,1.157240999999999980e-06,0.000000000000000000e+00
6.049877131496457423e+02,2.049729872868503548e+02,1.500000000000000000e+01,1.124382999999999938e-06,0.000000000000000000e+00
6.054296692302799556e+02,2.049725453307697194e+02,1.500000000000000000e+01,8.417263999999999714e-07,0.000000000000000000e+00
6.058171651114586211e+02,2.049721578348885487e+02,1.500000000000000000e+01,1.104635999999999913e-06,0.000000000000000000e+00
6.062356284964541828e+02,2.049717393715035598e+02,1.500000000000000000e+01,1.082851999999999988e-06,0.000000000000000000e+00
6.066698961610763945e+02,2.049713051038389153e+02,1.500000000000000000e+01,9.068462999999999694e-07,0.000000000000000000e+00
6.070988695224841649e+02,2.049708761304775066e+02,1.500000000000000000e+01,1.093575999999999972e-06,0.000000000000000000e+00
6.075160308368934921e+02,2.049704589691631043e+02,1.500000000000000000e+01,9.776559000000000902e-07,0.000000000000000000e+00
6.079351360029686475e+02,2.049700398639970444e+02,1.500000000000000000e+01,7.052877000000000058e-07,0.000000000000000000e+00
6.083504039165584345e+02,2.049696245960834347e+02,1.500000000000000000e+01,8.165807000000000217e-07,0.000000000000000000e+00
6.087409261261977917e+02,2.049692340738737926e+02,1.500000000000000000e+01,8.407950999999999715e-07,0.000000000000000000e+00
6.091789483297022798e+02,2.049687960516702958e+02,1.500000000000000000e+01,5.527254000000000426e-07,0.000000000000000000e+00
6.096130054086877408e+02,2.049683619945913051e+02,1.500000000000000000e+01,1.067076999999999914e-06,0.000000000000000000e+00
6.100211854961831932e+02,2.049679538145038293e+02,1.500000000000000000e+01,9.255454999999999547e-07,0.000000000000000000e+00
6.104417078710772557e+02,2.049675332921289339e+02,1.500000000000000000e+01,7.590424999999999625e-07,0.000000000000000000e+00
6.108604805308928007e+02,2.049671145194691064e+02,1.500000000000000000e+01,1.123160000000000060e-06,0.000000000000000000e+00
6.112459332240294998e+02,2.049667290667759687e+02,1.500000000000000000e+01,1.032734999999999989e-06,0.000000000000000000e+00
6.116942641379803263e+02,2.049662807358620285e+02,1.500000000000000000e+01,1.036198000000000078e-06,0.000000000000000000e+00
6.120957499479527542e+02,2.049658792500520406e+02,1.500000000000000000e+01,9.073119000000000527e-07,0.000000000000000000e+00
6.125266543372657679e+02,2.049654483456627361e+02,1.500000000000000000e+01,1.126899999999999959e-06,0.000000000000000000e+00
6.129283069252605856e+02,2.049650466930747541e+02,1.500000000000000000e+01,9.041541000000000031e-07,0.000000000000000000e+00
6.133356170763644286e+02,2.049646393829236501e+02,1.500000000000000000e+01,8.414935999999999827e-07,0.000000000000000000e+00
6.137760481545801667e+02,2.049641989518454182e+02,1.500000000000000000e+01,1.029301000000000066e-06,0.000000000000000000e+00
6.141664874079081073e+02,2.049638085125920952e+02,1.500000000000000000e+01,1.054052999999999969e-06,0.000000000000000000e+00
6.145936700501213181e+02,2.049633813299498684e+02,1.500000000000000000e+01,1.063207000000000026e-06,0.000000000000000000e+00
6.150345552652671586e+02,2.049629404447347270e+02,1.500000000000000000e+01,1.027786999999999990e-06,0.000000000000000000e+00
6.154393568597514559e+02,2.049625356431402565e+02,1.500000000000000000e+01,8.416681999999999742e-07,0.000000000000000000e+00
6.158411498820473753e+02,2.049621338501179650e+02,1.500000000000000000e+01,1.131250999999999996e-06,0.000000000000000000e+00
6.162782122831367815e+02,2.049616967877168747e+02,1.500000000000000000e+01,1.139415000000000042e-06,0.000000000000000000e+00
6.166800207066007715e+02,2.049612949792933989e+02,1.500000000000000000e+01,1.127307999999999999e-06,0.000000000000000000e+00
6.171037635783296764e+02,2.049608712364216672e+02,1.500000000000000000e+01,1.056730999999999988e-06,0.000000000000000000e+00
6.175399586974879185e+02,2.049604350413025031e+02,1.500000000000000000e+01,1.213047999999999918e-06,0.000000000000000000e+00
6.179445011350870800e+02,2.049600304988649100e+02,1.500000000000000000e+01,8.978968000000000520e-07,0.000000000000000000e+00
6.183626939879291058e+02,2.049596123060120760e+02,1.500000000000000000e+01,1.043779999999999940e-06,0.000000000000000000e+00
6.187907623642917088e+02,2.049591842376356965e+02,1.500000000000000000e+01,1.239503000000000031e-06,0.000000000000000000e+00
6.192137990492301469e+02,2.049587612009507609e+02,1.500000000000000000e+01,1.117572999999999998e-06,0.000000000000000000e+00
6.196447027251631425e+02,2.049583302972748413e+02,1.500000000000000000e+01,1.141409000000000027e-06,0.000000000000000000e+00
6.200548539373170343e+02,2.049579201460626905e+02,1.500000000000000000e+01,1.312087999999999990e-06,0.000000000000000000e+00
6.204929071084369525e+02,2.049574820928915528e+02,1.500000000000000000e+01,1.257765999999999961e-06,0.000000000000000000e+00
6.209084546791423236e+02,2.049570665453208562e+02,1.500000000000000000e+01,1.232226999999999934e-06,0.000000000000000000e+00
6.212962171092320887e+02,2.049566787828907763e+02,1.500000000000000000e+01,1.195250999999999934e-06,0.000000000000000000e+00
6.217184893045043736e+02,2.049562565106955105e+02,1.500000000000000000e+01,1.255728000000000033e-06,0.000000000000000000e+00
6.221371537767881819e+02,2.049558378462232042e+02,1.500000000000000000e+01,1.317748999999999977e-06,0.000000000000000000e+00
6.225577947231679445e+02,2.049554172052768308e+02,1.500000000000000000e+01,1.241263999999999937e-06,0.000000000000000000e+00
6.229519812073348248e+02,2.049550230187926729e+02,1.500000000000000000e+01,1.309409999999999971e-06,0.000000000000000000e+00
6.233872415808306187e+02,2.049545877584191658e+02,1.500000000000000000e+01,1.378880999999999945e-06,0.000000000000000000e+00
6.237972588396946776e+02,2.049541777411602936e+02,1.500000000000000000e+01,1.408043000000000031e-06,0.000000000000000000e+00
0.000000000000000000e+00,2.055779750000000092e+02,2.000000000000000000e+01,2.230042999999999953e-05,0.000000000000000000e+00
0.000000000000000000e+00,2.055779750000000092e+02,2.000000000000000000e+01,-2.088490999999999957e-06,0.000000000000000000e+00
0.000000000000000000e+00,2.055779750000000092e+02,2.000000000000000000e+01,-1.130509000000000055e-06,0.000000000000000000e+00
3.435502273265569895e-02,2.055779406449772750e+02,2.000000000000000000e+01,-5.708716000000000096e-07,0.000000000000000000e+00
1.857022049350361137e-01,2.055777892977950785e+02,2.000000000000000000e+01,-1.668376999999999985e-07,0.000000000000000000e+00
3.783501303588377995e-01,2.055775966498696334e+02,2.000000000000000000e+01,1.397566000000000035e-07,0.000000000000000000e+00
6.070193797521702406e-01,2.055773679806202381e+02,2.000000000000000000e+01,3.562599999999999886e-07,0.000000000000000000e+00
8.610558815757246576e-01,2.055771139441184232e+02,2.000000000000000000e+01,6.467017000000000131e-07,0.000000000000000000e+00
1.165629074525635911e+00,2.055768093709254742e+02,2.000000000000000000e+01,7.475173000000000123e-07,0.000000000000000000e+00
1.512754432807789540e+00,2.055764622455671997e+02,2.000000000000000000e+01,6.136396999999999517e-07,0.000000000000000000e+00
1.912643485815163524e+00,2.055760623565141998e+02,2.000000000000000000e+01,7.747440000000000188e-07,0.000000000000000000e+00
2.318125516219152971e+00,2.055756568744837693e+02,2.000000000000000000e+01,8.459465000000000371e-07,0.000000000000000000e+00
2.736327865403049397e+00,2.055752386721345886e+02,2.000000000000000000e+01,9.191571999999999874e-07,0.000000000000000000e+00
3.144486213046496115e+00,2.055748305137869636e+02,2.000000000000000000e+01,9.045179000000000080e-07,0.000000000000000000e+00
3.575429383925396110e+00,2.055743995706160661e+02,2.000000000000000000e+01,1.015054000000000031e-06,0.000000000000000000e+00
3.982004105517784609e+00,2.055739929958944856e+02,2.000000000000000000e+01,1.057865999999999978e-06,0.000000000000000000e+00
4.395739993469041984e+00,2.055735792600065395e+02,2.000000000000000000e+01,1.043095999999999906e-06,0.000000000000000000e+00
4.804763449280756049e+00,2.055731702365507090e+02,2.000000000000000000e+01,9.746727000000000321e-07,0.000000000000000000e+00
5.207593853024224728e+00,2.055727674061469656e+02,2.000000000000000000e+01,1.169289999999999904e-06,0.000000000000000000e+00
5.638292081559714397e+00,2.055723367079184527e+02,2.000000000000000000e+01,1.158056000000000030e-06,0.000000000000000000e+00
6.068847046474811435e+00,2.055719061529535168e+02,2.000000000000000000e+01,1.108564999999999948e-06,0.000000000000000000e+00
6.499699925125241862e+00,2.055714753000748658e+02,2.000000000000000000e+01,1.226886999999999914e-06,0.000000000000000000e+00
6.907936432695018780e+00,2.055710670635673125e+02,2.000000000000000000e+01,1.253589000000000069e-06,0.000000000000000000e+00
7.322731916162122268e+00,2.055706522680838475e+02,2.000000000000000000e+01,1.064313000000000062e-06,0.000000000000000000e+00
7.746554833769889292e+00,2.055702284451662365e+02,2.000000000000000000e+01,1.131047999999999898e-06,0.000000000000000000e+00
8.177536005829537658e+00,2.055697974639941776e+02,2.000000000000000000e+01,1.115316999999999981e-06,0.000000000000000000e+00
8.585532180902605504e+00,2.055693894678190929e+02,2.000000000000000000e+01,9.436626000000000289e-07,0.000000000000000000e+00
9.017045341171666450e+00,2.055689579546588277e+02,2.000000000000000000e+01,9.560171999999999614e-07,0.000000000000000000e+00
9.448617900678540238e+00,2.055685263820993214e+02,2.000000000000000000e+01,1.013307999999999904e-06,0.000000000000000000e+00
9.821965963219975393e+00,2.055681530340367829e+02,2.000000000000000000e+01,1.118664000000000044e-06,0.000000000000000000e+00
1.026494184633816786e+01,2.055677100581536649e+02,2.000000000000000000e+01,1.017266000000000104e-06,0.000000000000000000e+00
1.069302109972891657e+01,2.055672819789002688e+02,2.000000000000000000e+01,1.128034999999999949e-06,0.000000000000000000e+00
1.108648352687022864e+01,2.055668885164731421e+02,2.000000000000000000e+01,1.159234999999999964e-06,0.000000000000000000e+00
1.153215806424636725e+01,2.055664428419357534e+02,2.000000000000000000e+01,1.151172999999999981e-06,0.000000000000000000e+00
1.193447412161549614e+01,2.055660405258783783e+02,2.000000000000000000e+01,1.005231999999999958e-06,0.000000000000000000e+00
1.234241426131580432e+01,2.055656325857386832e+02,2.000000000000000000e+01,1.127874999999999980e-06,0.000000000000000000e+00
1.275718843957155535e+01,2.055652178115604443e+02,2.000000000000000000e+01,1.137552000000000074e-06,0.000000000000000000e+00
1.316476593197137213e+01,2.055648102340680339e+02,2.000000000000000000e+01,1.187464999999999946e-06,0.000000000000000000e+00
1.359529773105766459e+01,2.055643797022689512e+02,2.000000000000000000e+01,1.099776000000000014e-06,0.000000000000000000e+00
1.400331280085012331e+01,2.055639716871991425e+02,2.000000000000000000e+01,1.072126999999999976e-06,0.000000000000000000e+00
1.441935198375699123e+01,2.055635556480162336e+02,2.000000000000000000e+01,1.222259000000000066e-06,0.000000000000000000e+00
1.485114984376535752e+01,2.055631238501562450e+02,2.000000000000000000e+01,1.197448000000000017e-06,0.000000000000000000e+00
1.522917224003339776e+01,2.055627458277599828e+02,2.000000000000000000e+01,1.197083999999999921e-06,0.000000000000000000e+00
1.567360497363009664e+01,2.055623013950263669e+02,2.000000000000000000e+01,1.301362999999999978e-06,0.000000000000000000e+00
1.610187116410552122e+01,2.055618731288358845e+02,2.000000000000000000e+01,1.322666999999999995e-06,0.000000000000000000e+00
1.649584498019513745e+01,2.055614791550198106e+02,2.000000000000000000e+01,1.180073000000000035e-06,0.000000000000000000e+00
1.693840814321838550e+01,2.055610365918567766e+02,2.000000000000000000e+01,1.279550000000000099e-06,0.000000000000000000e+00
1.734331447866787457e+01,2.055606316855213436e+02,2.000000000000000000e+01,1.172448000000000044e-06,0.000000000000000000e+00
1.774281339951422609e+01,2.055602321866005013e+02,2.000000000000000000e+01,1.196197000000000001e-06,0.000000000000000000e+00
1.817363365170020728e+01,2.055598013663482959e+02,2.000000000000000000e+01,1.270804000000000081e-06,0.000000000000000000e+00
1.861509368463942238e+01,2.055593599063153647e+02,2.000000000000000000e+01,1.278997000000000081e-06,0.000000000000000000e+00
1.903882812580152972e+01,2.055589361718741941e+02,2.000000000000000000e+01,1.261752999999999903e-06,0.000000000000000000e+00
1.944345022029060743e+01,2.055585315497797012e+02,2.000000000000000000e+01,1.259221000000000103e-06,0.000000000000000000e+00
1.987390234219524743e+01,2.055581010976578114e+02,2.000000000000000000e+01,1.295703000000000019e-06,0.000000000000000000e+00
2.028908303498290522e+01,2.055576859169650277e+02,2.000000000000000000e+01,1.253022000000000088e-06,0.000000000000000000e+00
2.071262501138098244e+01,2.055572623749886247e+02,2.000000000000000000e+01,1.309962999999999989e-06,0.000000000000000000e+00
2.112069017284379058e+01,2.055568543098271448e+02,2.000000000000000000e+01,1.337975999999999910e-06,0.000000000000000000e+00
2.155662126788492117e+01,2.055564183787321042e+02,2.000000000000000000e+01,1.298685999999999986e-06,0.000000000000000000e+00
2.195951209767734369e+01,2.055560154879023287e+02,2.000000000000000000e+01,1.329274000000000048e-06,0.000000000000000000e+00
2.236594431659024096e+01,2.055556090556834192e+02,2.000000000000000000e+01,1.316585000000000033e-06,0.000000000000000000e+00
2.279841414014009615e+01,2.055551765858598685e+02,2.000000000000000000e+01,1.316467999999999980e-06,0.000000000000000000e+00
2.320202295932632097e+01,2.055547729770406704e+02,2.000000000000000000e+01,1.316992000000000045e-06,0.000000000000000000e+00
2.362561277770885937e+01,2.055543493872222882e+02,2.000000000000000000e+01,1.288993999999999902e-06,0.000000000000000000e+00
2.402425796302392769e+01,2.055539507420369887e+02,2.000000000000000000e+01,1.281644999999999907e-06,0.000000000000000000e+00
2.446991812929731935e+01,2.055535050818706964e+02,2.000000000000000000e+01,1.242252999999999920e-06,0.000000000000000000e+00
2.487209390720198243e+01,2.055531029060927892e+02,2.000000000000000000e+01,1.111039000000000053e-06,0.000000000000000000e+00
2.527350606790892940e+01,2.055527014939320907e+02,2.000000000000000000e+01,1.207779999999999980e-06,0.000000000000000000e+00
2.570013937592713305e+01,2.055522748606240668e+02,2.000000000000000000e+01,1.145526999999999985e-06,0.000000000000000000e+00
2.612008116160070159e+01,2.055518549188384156e+02,2.000000000000000000e+01,1.161708000000000042e-06,0.000000000000000000e+00
2.653894016854980364e+01,2.055514360598314454e+02,2.000000000000000000e+01,1.175969000000000040e-06,0.000000000000000000e+00
2.696308575184880851e+01,2.055510119142481642e+02,2.000000000000000000e+01,1.134263999999999945e-06,0.000000000000000000e+00
2.740624507392583453e+01,2.055505687549260756e+02,2.000000000000000000e+01,1.229228999999999975e-06,0.000000000000000000e+00
2.780848485725439190e+01,2.055501665151427346e+02,2.000000000000000000e+01,1.199238000000000088e-06,0.000000000000000000e+00
2.821338049858059449e+01,2.055497616195014245e+02,2.000000000000000000e+01,1.224907000000000104e-06,0.000000000000000000e+00
2.864772620849688778e+01,2.055493272737915049e+02,2.000000000000000000e+01,1.298060000000000071e-06,0.000000000000000000e+00
2.908649013358778745e+01,2.055488885098664014e+02,2.000000000000000000e+01,1.267922999999999964e-06,0.000000000000000000e+00
2.948677606263148121e+01,2.055484882239373690e+02,2.000000000000000000e+01,1.259045999999999931e-06,0.000000000000000000e+00
2.989889124118005626e+01,2.055480761087588348e+02,2.000000000000000000e+01,1.289095999999999965e-06,0.000000000000000000e+00
3.032517566238723106e+01,2.055476498243376113e+02,2.000000000000000000e+01,1.281529000000000093e-06,0.000000000000000000e+00
3.073165664180920942e+01,2.055472433433581898e+02,2.000000000000000000e+01,1.293112000000000072e-06,0.000000000000000000e+00
3.115544954221236296e+01,2.055468195504577977e+02,2.000000000000000000e+01,1.348962999999999954e-06,0.000000000000000000e+00
3.155434060725190903e+01,2.055464206593927372e+02,2.000000000000000000e+01,1.359395999999999952e-06,0.000000000000000000e+00
3.200275403478638481e+01,2.055459722459652028e+02,2.000000000000000000e+01,1.283609999999999938e-06,0.000000000000000000e+00
3.240215283341682806e+01,2.055455728471665964e+02,2.000000000000000000e+01,1.290899999999999999e-06,0.000000000000000000e+00
3.280680041476926334e+01,2.055451681995852198e+02,2.000000000000000000e+01,1.284818000000000037e-06,0.000000000000000000e+00
3.322737080256766262e+01,2.055447476291974453e+02,2.000000000000000000e+01,1.268578000000000045e-06,0.000000000000000000e+00
3.364519061921991039e+01,2.055443298093807698e+02,2.000000000000000000e+01,1.121865000000000100e-06,0.000000000000000000e+00
3.406659019114744780e+01,2.055439084098088642e+02,2.000000000000000000e+01,1.257096000000000102e-06,0.000000000000000000e+00
3.449693597434198722e+01,2.055434780640256633e+02,2.000000000000000000e+01,1.230568000000000091e-06,0.000000000000000000e+00
3.488464281686856339e+01,2.055430903571831323e+02,2.000000000000000000e+01,1.219944999999999930e-06,0.000000000000000000e+00
3.531972156740380342e+01,2.055426552784325906e+02,2.000000000000000000e+01,1.182023000000000075e-06,0.000000000000000000e+00
3.574333936744674389e+01,2.055422316606325523e+02,2.000000000000000000e+01,1.254899000000000019e-06,0.000000000000000000e+00
3.614238181483337087e+01,2.055418326181851683e+02,2.000000000000000000e+01,1.285690999999999995e-06,0.000000000000000000e+00
3.658272728537659191e+01,2.055413922727146314e+02,2.000000000000000000e+01,1.274558999999999972e-06,0.000000000000000000e+00
3.698951735757054848e+01,2.055409854826424407e+02,2.000000000000000000e+01,1.155189000000000088e-06,0.000000000000000000e+00
3.740400470792801002e+01,2.055405709952920859e+02,2.000000000000000000e+01,1.294479999999999929e-06,0.000000000000000000e+00
3.781262786306925250e+01,2.055401623721369333e+02,2.000000000000000000e+01,1.301799999999999971e-06,0.000000000000000000e+00
3.821513216299798188e+01,2.055397598678370059e+02,2.000000000000000000e+01,1.244713000000000063e-06,0.000000000000000000e+00
3.866038493816793675e+01,2.055393146150618406e+02,2.000000000000000000e+01,1.222360999999999917e-06,0.000000000000000000e+00
3.908425074376774688e+01,2.055388907492562396e+02,2.000000000000000000e+01,1.331034999999999954e-06,0.000000000000000000e+00
3.953024481585738670e+01,2.055384447551841447e+02,2.000000000000000000e+01,1.314285000000000072e-06,0.000000000000000000e+00
3.995206357845631828e+01,2.055380229364215552e+02,2.000000000000000000e+01,1.188935000000000078e-06,0.000000000000000000e+00
4.035612973172069928e+01,2.055376188702682896e+02,2.000000000000000000e+01,1.203442999999999906e-06,0.000000000000000000e+00
4.075577467468921355e+01,2.055372192253253161e+02,2.000000000000000000e+01,1.156018999999999917e-06,0.000000000000000000e+00
4.120419080493332586e+01,2.055367708091950760e+02,2.000000000000000000e+01,1.124048000000000008e-06,0.000000000000000000e+00
4.159361877480915837e+01,2.055363813812251976e+02,2.000000000000000000e+01,1.245468999999999967e-06,0.000000000000000000e+00
4.202692077370104329e+01,2.055359480792263014e+02,2.000000000000000000e+01,1.294931000000000096e-06,0.000000000000000000e+00
4.243233497707705482e+01,2.055355426650229163e+02,2.000000000000000000e+01,1.090710000000000057e-06,0.000000000000000000e+00
4.284928380229008127e+01,2.055351257161977117e+02,2.000000000000000000e+01,1.092136000000000033e-06,0.000000000000000000e+00
4.322749748237679768e+01,2.055347475025176323e+02,2.000000000000000000e+01,1.372376999999999981e-06,0.000000000000000000e+00
4.367164028225864314e+01,2.055343033597177396e+02,2.000000000000000000e+01,1.304885000000000001e-06,0.000000000000000000e+00
4.410948739067448088e+01,2.055338655126093386e+02,2.000000000000000000e+01,1.195395999999999913e-06,0.000000000000000000e+00
4.449459138931297275e+01,2.055334804086106999e+02,2.000000000000000000e+01,1.387073999999999944e-06,0.000000000000000000e+00
4.493649303512073345e+01,2.055330385069648855e+02,2.000000000000000000e+01,1.345368000000000033e-06,0.000000000000000000e+00
4.532378959747661185e+01,2.055326512104025198e+02,2.000000000000000000e+01,1.260486999999999897e-06,0.000000000000000000e+00
4.574092957807078363e+01,2.055322340704219357e+02,2.000000000000000000e+01,1.308377000000000043e-06,0.000000000000000000e+00
4.617172229503361081e+01,2.055318032777049666e+02,2.000000000000000000e+01,1.338062999999999982e-06,0.000000000000000000e+00
4.661253961592595374e+01,2.055313624603840879e+02,2.000000000000000000e+01,1.326231999999999934e-06,0.000000000000000000e+00
4.703017215076336299e+01,2.055309448278492255e+02,2.000000000000000000e+01,1.333406999999999997e-06,0.000000000000000000e+00
4.742779847430222873e+01,2.055305472015257067e+02,2.000000000000000000e+01,1.206789999999999969e-06,0.000000000000000000e+00
4.787106897150580664e+01,2.055301039310284921e+02,2.000000000000000000e+01,1.136795999999999958e-06,0.000000000000000000e+00
4.826010600733518885e+01,2.055297148939926615e+02,2.000000000000000000e+01,1.241453000000000072e-06,0.000000000000000000e+00
4.871099733125136311e+01,2.055292640026687536e+02,2.000000000000000000e+01,1.139284000000000026e-06,0.000000000000000000e+00
4.911894589976360948e+01,2.055288560541002312e+02,2.000000000000000000e+01,1.049250999999999977e-06,0.000000000000000000e+00
4.955440724694656751e+01,2.055284205927530650e+02,2.000000000000000000e+01,1.167631000000000061e-06,0.000000000000000000e+00
5.000283014913623703e+01,2.055279721698508695e+02,2.000000000000000000e+01,1.200111000000000045e-06,0.000000000000000000e+00
5.037699081482895735e+01,2.055275980091851693e+02,2.000000000000000000e+01,1.212159999999999970e-06,0.000000000000000000e+00
5.079596392227620072e+01,2.055271790360777402e+02,2.000000000000000000e+01,1.206935999999999976e-06,0.000000000000000000e+00
5.119957775084689899e+01,2.055267754222491590e+02,2.000000000000000000e+01,1.203778000000000047e-06,0.000000000000000000e+00
5.162357571166729286e+01,2.055263514242883218e+02,2.000000000000000000e+01,1.177803000000000055e-06,0.000000000000000000e+00
5.202228379750942366e+01,2.055259527162024824e+02,2.000000000000000000e+01,1.162610999999999981e-06,0.000000000000000000e+00
5.246794721543680140e+01,2.055255070527845760e+02,2.000000000000000000e+01,1.196982000000000070e-06,0.000000000000000000e+00
5.288318820494605887e+01,2.055250918117950505e+02,2.000000000000000000e+01,1.190287999999999944e-06,0.000000000000000000e+00
5.327059594242849982e+01,2.055247044040575872e+02,2.000000000000000000e+01,1.186897999999999965e-06,0.000000000000000000e+00
5.369777248646772705e+01,2.055242772275135223e+02,2.000000000000000000e+01,1.242936999999999955e-06,0.000000000000000000e+00
5.411789098580572954e+01,2.055238571090141875e+02,2.000000000000000000e+01,1.253952999999999952e-06,0.000000000000000000e+00
5.454074047338915676e+01,2.055234342595266241e+02,2.000000000000000000e+01,1.180290999999999911e-06,0.000000000000000000e+00
5.496453337379230675e+01,2.055230104666262037e+02,2.000000000000000000e+01,1.226494000000000077e-06,0.000000000000000000e+00
5.540377302239775048e+01,2.055225712269776182e+02,2.000000000000000000e+01,1.199484999999999918e-06,0.000000000000000000e+00
5.579131972878840173e+01,2.055221836802712119e+02,2.000000000000000000e+01,1.157940000000000005e-06,0.000000000000000000e+00
5.621445963592201878e+01,2.055217605403640846e+02,2.000000000000000000e+01,1.193897000000000040e-06,0.000000000000000000e+00
5.662236729977662719e+01,2.055213526327002285e+02,2.000000000000000000e+01,1.236868999999999956e-06,0.000000000000000000e+00
5.705290092481187258e+01,2.055209220990751930e+02,2.000000000000000000e+01,1.224675000000000052e-06,0.000000000000000000e+00
5.747998221793410778e+01,2.055204950177820820e+02,2.000000000000000000e+01,1.093634999999999906e-06,0.000000000000000000e+00
5.789156654614850339e+01,2.055200834334538627e+02,2.000000000000000000e+01,1.083127999999999983e-06,0.000000000000000000e+00
5.828304870124844683e+01,2.055196919512987677e+02,2.000000000000000000e+01,1.083971999999999987e-06,0.000000000000000000e+00
5.872876237811016154e+01,2.055192462376218998e+02,2.000000000000000000e+01,1.053617000000000004e-06,0.000000000000000000e+00
5.915235516381592618e+01,2.055188226448361775e+02,2.000000000000000000e+01,1.235427999999999990e-06,0.000000000000000000e+00
5.959203866773655278e+01,2.055183829613322644e+02,2.000000000000000000e+01,1.245135000000000065e-06,0.000000000000000000e+00
6.000012283194899254e+01,2.055179748771680579e+02,2.000000000000000000e+01,1.236155999999999968e-06,0.000000000000000000e+00
6.041539196776844278e+01,2.055175596080322293e+02,2.000000000000000000e+01,1.165361000000000081e-06,0.000000000000000000e+00
6.083088843341815277e+01,2.055171441115665800e+02,2.000000000000000000e+01,1.282503999999999902e-06,0.000000000000000000e+00
6.122632314987177438e+01,2.055167486768501419e+02,2.000000000000000000e+01,1.145395999999999968e-06,0.000000000000000000e+00
6.167050623535866549e+01,2.055163044937646362e+02,2.000000000000000000e+01,9.950309000000000721e-07,0.000000000000000000e+00
6.207887256552162825e+01,2.055158961274344733e+02,2.000000000000000000e+01,1.162886999999999976e-06,0.000000000000000000e+00
6.249303981339623704e+01,2.055154819601866052e+02,2.000000000000000000e+01,1.202352000000000072e-06,0.000000000000000000e+00
6.293648369984362034e+01,2.055150385163001658e+02,2.000000000000000000e+01,1.063032000000000065e-06,0.000000000000000000e+00
6.331692736105345887e+01,2.055146580726389516e+02,2.000000000000000000e+01,9.981159000000001027e-07,0.000000000000000000e+00
6.374076454656488266e+01,2.055142342354534435e+02,2.000000000000000000e+01,1.032647999999999917e-06,0.000000000000000000e+00
6.417227943943960611e+01,2.055138027205605624e+02,2.000000000000000000e+01,1.118940000000000039e-06,0.000000000000000000e+00
6.456348056623488674e+01,2.055134115194337596e+02,2.000000000000000000e+01,1.030683000000000098e-06,0.000000000000000000e+00
6.501106183218755064e+01,2.055129639381678146e+02,2.000000000000000000e+01,1.056614999999999962e-06,0.000000000000000000e+00
6.541118547484434487e+01,2.055125638145251514e+02,2.000000000000000000e+01,1.234002000000000014e-06,0.000000000000000000e+00
6.581694788475097369e+01,2.055121580521152396e+02,2.000000000000000000e+01,1.249863999999999948e-06,0.000000000000000000e+00
6.623551898713972719e+01,2.055117394810128530e+02,2.000000000000000000e+01,1.109684999999999947e-06,0.000000000000000000e+00
6.668293342722870420e+01,2.055112920665727643e+02,2.000000000000000000e+01,1.173902999999999973e-06,0.000000000000000000e+00
6.707430137988765750e+01,2.055109006986201052e+02,2.000000000000000000e+01,1.170366999999999987e-06,0.000000000000000000e+00
6.750559950496183603e+01,2.055104694004950545e+02,2.000000000000000000e+01,1.046980999999999997e-06,0.000000000000000000e+00
6.794965247043231216e+01,2.055100253475295631e+02,2.000000000000000000e+01,9.481154999999999774e-07,0.000000000000000000e+00
6.836508886601109225e+01,2.055096099111339925e+02,2.000000000000000000e+01,9.772775000000000635e-07,0.000000000000000000e+00
6.877762340760533277e+01,2.055091973765923967e+02,2.000000000000000000e+01,8.501082999999999546e-07,0.000000000000000000e+00
6.918333358674532008e+01,2.055087916664132592e+02,2.000000000000000000e+01,7.214402999999999568e-07,0.000000000000000000e+00
6.961425777207173837e+01,2.055083607422279215e+02,2.000000000000000000e+01,6.536719999999999521e-07,0.000000000000000000e+00
7.004139719953084864e+01,2.055079336028004775e+02,2.000000000000000000e+01,6.421178000000000484e-07,0.000000000000000000e+00
7.044324362626235825e+01,2.055075317563737372e+02,2.000000000000000000e+01,6.840563999999999631e-07,0.000000000000000000e+00
7.087283140723776853e+01,2.055071021685927519e+02,2.000000000000000000e+01,7.582712000000000382e-07,0.000000000000000000e+00
7.129261846656980595e+01,2.055066823815334374e+02,2.000000000000000000e+01,6.482587000000000051e-07,0.000000000000000000e+00
7.169553831788364562e+01,2.055062794616821122e+02,2.000000000000000000e+01,8.940842000000000116e-07,0.000000000000000000e+00
7.212026057251908640e+01,2.055058547394274910e+02,2.000000000000000000e+01,1.116932000000000092e-06,0.000000000000000000e+00
7.251817691643407215e+01,2.055054568230835628e+02,2.000000000000000000e+01,9.255163999999999561e-07,0.000000000000000000e+00
7.296318918673628673e+01,2.055050118108132722e+02,2.000000000000000000e+01,9.422365000000000080e-07,0.000000000000000000e+00
7.335048971204410861e+01,2.055046245102879539e+02,2.000000000000000000e+01,8.962233999999999597e-07,0.000000000000000000e+00
7.376572758819943942e+01,2.055042092724117992e+02,2.000000000000000000e+01,1.017061999999999979e-06,0.000000000000000000e+00
7.417758127284655245e+01,2.055037974187271459e+02,2.000000000000000000e+01,1.023494000000000072e-06,0.000000000000000000e+00
7.460190050027108555e+01,2.055033730994997256e+02,2.000000000000000000e+01,8.518837000000000037e-07,0.000000000000000000e+00
7.503590870812757885e+01,2.055029390912918643e+02,2.000000000000000000e+01,1.043416000000000057e-06,0.000000000000000000e+00
7.544061467224740625e+01,2.055025343853277491e+02,2.000000000000000000e+01,9.187642999999999839e-07,0.000000000000000000e+00
7.585834382652257091e+01,2.055021166561734844e+02,2.000000000000000000e+01,8.654315000000000293e-07,0.000000000000000000e+00
7.628553417976516471e+01,2.055016894658202489e+02,2.000000000000000000e+01,1.042353999999999965e-06,0.000000000000000000e+00
7.669222766610340614e+01,2.055012827723338944e+02,2.000000000000000000e+01,1.092208999999999930e-06,0.000000000000000000e+00
7.711779287337077449e+01,2.055008572071266428e+02,2.000000000000000000e+01,1.190390000000000007e-06,0.000000000000000000e+00
7.754864922866065058e+01,2.055004263507713347e+02,2.000000000000000000e+01,9.759679000000000820e-07,0.000000000000000000e+00
7.795232678260454406e+01,2.055000226732173871e+02,2.000000000000000000e+01,9.265204000000000357e-07,0.000000000000000000e+00
7.836235483849763739e+01,2.054996126451615055e+02,2.000000000000000000e+01,1.000793000000000033e-06,0.000000000000000000e+00
7.877784608354536999e+01,2.054991971539164695e+02,2.000000000000000000e+01,9.484501999999999837e-07,0.000000000000000000e+00
7.922387996106684227e+01,2.054987511200389463e+02,2.000000000000000000e+01,8.472125000000000433e-07,0.000000000000000000e+00
7.965677143449502751e+01,2.054983182285654948e+02,2.000000000000000000e+01,1.089064999999999965e-06,0.000000000000000000e+00
8.008005530835139041e+01,2.054978949446916374e+02,2.000000000000000000e+01,1.079999000000000008e-06,0.000000000000000000e+00
8.049414238464800064e+01,2.054974808576153578e+02,2.000000000000000000e+01,8.904752999999999613e-07,0.000000000000000000e+00
8.090949524361863610e+01,2.054970655047563923e+02,2.000000000000000000e+01,9.740323999999999122e-07,0.000000000000000000e+00
8.129721533925305721e+01,2.054966777846607613e+02,2.000000000000000000e+01,1.227076000000000049e-06,0.000000000000000000e+00
8.171934675780708801e+01,2.054962556532422013e+02,2.000000000000000000e+01,1.061561999999999934e-06,0.000000000000000000e+00
8.216499908299338983e+01,2.054958100009170039e+02,2.000000000000000000e+01,1.000996999999999947e-06,0.000000000000000000e+00
8.256364130098522480e+01,2.054954113586990161e+02,2.000000000000000000e+01,1.119246000000000015e-06,0.000000000000000000e+00
8.301023245262614125e+01,2.054949647675473727e+02,2.000000000000000000e+01,9.994255000000000842e-07,0.000000000000000000e+00
8.338610143371741401e+01,2.054945888985662918e+02,2.000000000000000000e+01,9.650102999999999601e-07,0.000000000000000000e+00
8.380442653631455130e+01,2.054941705734636912e+02,2.000000000000000000e+01,8.598726999999999835e-07,0.000000000000000000e+00
8.420878669548415019e+01,2.054937662133045251e+02,2.000000000000000000e+01,7.636553999999999865e-07,0.000000000000000000e+00
8.464365831250677275e+01,2.054933313416875080e+02,2.000000000000000000e+01,5.072069999999999704e-07,0.000000000000000000e+00
8.506834900496997420e+01,2.054929066509950246e+02,2.000000000000000000e+01,3.420719000000000020e-07,0.000000000000000000e+00
8.547885089447875373e+01,2.054924961491055342e+02,2.000000000000000000e+01,3.878231000000000100e-07,0.000000000000000000e+00
8.589392215606446257e+01,2.054920810778439488e+02,2.000000000000000000e+01,3.462482999999999943e-07,0.000000000000000000e+00
8.632101843568779032e+01,2.054916539815643262e+02,2.000000000000000000e+01,3.622989999999999807e-07,0.000000000000000000e+00
8.675192128487161369e+01,2.054912230787151373e+02,2.000000000000000000e+01,2.770248000000000230e-07,0.000000000000000000e+00
8.715062464619862226e+01,2.054908243753538102e+02,2.000000000000000000e+01,3.785098999999999740e-07,0.000000000000000000e+00
8.759019996807633390e+01,2.054903848000319329e+02,2.000000000000000000e+01,4.462198999999999894e-07,0.000000000000000000e+00
8.802101536344906663e+01,2.054899539846365428e+02,2.000000000000000000e+01,3.541936000000000066e-07,0.000000000000000000e+00
8.842210936863951076e+01,2.054895528906313587e+02,2.000000000000000000e+01,5.573091999999999622e-07,0.000000000000000000e+00
8.882874542476210422e+01,2.054891462545752461e+02,2.000000000000000000e+01,8.027126999999999666e-07,0.000000000000000000e+00
8.926951410520288732e+01,2.054887054858947977e+02,2.000000000000000000e+01,7.548077999999999808e-07,0.000000000000000000e+00
8.966119596135342817e+01,2.054883138040386541e+02,2.000000000000000000e+01,3.914755999999999827e-07,0.000000000000000000e+00
9.009234945299267849e+01,2.054878826505470215e+02,2.000000000000000000e+01,7.414928000000000499e-07,0.000000000000000000e+00
9.053432734556588457e+01,2.054874406726544294e+02,2.000000000000000000e+01,9.042560000000000207e-07,0.000000000000000000e+00
9.091505972909659761e+01,2.054870599402709104e+02,2.000000000000000000e+01,6.798364000000000484e-07,0.000000000000000000e+00
9.134905230439737522e+01,2.054866259476956145e+02,2.000000000000000000e+01,4.017493000000000093e-07,0.000000000000000000e+00
9.173995409486700225e+01,2.054862350459051470e+02,2.000000000000000000e+01,6.122281999999999526e-07,0.000000000000000000e+00
9.217001214044371693e+01,2.054858049878595523e+02,2.000000000000000000e+01,9.666836999999999465e-07,0.000000000000000000e+00
9.259241692749935737e+01,2.054853825830724929e+02,2.000000000000000000e+01,7.280760000000000405e-07,0.000000000000000000e+00
9.300865266994860292e+01,2.054849663473300438e+02,2.000000000000000000e+01,4.674511999999999791e-07,0.000000000000000000e+00
9.342598413825642467e+01,2.054845490158617451e+02,2.000000000000000000e+01,5.399052000000000269e-07,0.000000000000000000e+00
9.384723371339347864e+01,2.054841277662866048e+02,2.000000000000000000e+01,6.801565000000000329e-07,0.000000000000000000e+00
9.423251857821344402e+01,2.054837424814217854e+02,2.000000000000000000e+01,4.793254999999999731e-07,0.000000000000000000e+00
9.467968896280923730e+01,2.054832953110371818e+02,2.000000000000000000e+01,4.307366999999999980e-07,0.000000000000000000e+00
9.507855630983563344e+01,2.054828964436901799e+02,2.000000000000000000e+01,1.032588999999999983e-06,0.000000000000000000e+00
9.552492674630231306e+01,2.054824500732536876e+02,2.000000000000000000e+01,1.209467999999999988e-06,0.000000000000000000e+00
9.591037898705297948e+01,2.054820646210129382e+02,2.000000000000000000e+01,1.005493999999999991e-06,0.000000000000000000e+00
9.633370538192805554e+01,2.054816412946180719e+02,2.000000000000000000e+01,7.664639000000000080e-07,0.000000000000000000e+00
9.674941152263015454e+01,2.054812255884773720e+02,2.000000000000000000e+01,9.858340000000000382e-07,0.000000000000000000e+00
9.716505692783586312e+01,2.054808099430721597e+02,2.000000000000000000e+01,9.225623000000000024e-07,0.000000000000000000e+00
9.758796651280606227e+01,2.054803870334872045e+02,2.000000000000000000e+01,8.314381999999999680e-07,0.000000000000000000e+00
9.802038068778624336e+01,2.054799546193122239e+02,2.000000000000000000e+01,7.211055999999999505e-07,0.000000000000000000e+00
9.844419312483600493e+01,2.054795308068751751e+02,2.000000000000000000e+01,4.934845000000000141e-07,0.000000000000000000e+00
9.885746445264688020e+01,2.054791175355473456e+02,2.000000000000000000e+01,7.401249999999999653e-07,0.000000000000000000e+00
9.926944865714210664e+01,2.054787055513428697e+02,2.000000000000000000e+01,6.660121000000000138e-07,0.000000000000000000e+00
9.969688357259656186e+01,2.054782781164274184e+02,2.000000000000000000e+01,4.828908000000000481e-07,0.000000000000000000e+00
1.001276500219036620e+02,2.054778473499781057e+02,2.000000000000000000e+01,3.550085000000000121e-07,0.000000000000000000e+00
1.005534013571882781e+02,2.054774215986428203e+02,2.000000000000000000e+01,3.941095000000000126e-07,0.000000000000000000e+00
1.009586937208291175e+02,2.054770163062791823e+02,2.000000000000000000e+01,4.921167000000000354e-07,0.000000000000000000e+00
1.013868625125599152e+02,2.054765881374874539e+02,2.000000000000000000e+01,6.589398000000000120e-07,0.000000000000000000e+00
1.018053015460420738e+02,2.054761696984539583e+02,2.000000000000000000e+01,5.412730000000000056e-07,0.000000000000000000e+00
1.022097788672439833e+02,2.054757652211327468e+02,2.000000000000000000e+01,6.146582999999999473e-07,0.000000000000000000e+00
1.026321613291984818e+02,2.054753428386707981e+02,2.000000000000000000e+01,6.953486999999999854e-07,0.000000000000000000e+00
1.030522351244605375e+02,2.054749227648755436e+02,2.000000000000000000e+01,8.683564000000000451e-07,0.000000000000000000e+00
1.034376410729125979e+02,2.054745373589270798e+02,2.000000000000000000e+01,1.070001999999999975e-06,0.000000000000000000e+00
1.038669931022344741e+02,2.054741080068977794e+02,2.000000000000000000e+01,6.522459000000000370e-07,0.000000000000000000e+00
1.042822349413417129e+02,2.054736927650586722e+02,2.000000000000000000e+01,5.350302999999999704e-07,0.000000000000000000e+00
1.046900242412580013e+02,2.054732849757587303e+02,2.000000000000000000e+01,7.180643000000000462e-07,0.000000000000000000e+00
1.051150855919500344e+02,2.054728599144080476e+02,2.000000000000000000e+01,5.231122000000000167e-07,0.000000000000000000e+00
1.055502090072759387e+02,2.054724247909927328e+02,2.000000000000000000e+01,5.924666999999999513e-07,0.000000000000000000e+00
1.059537785171112603e+02,2.054720212214828905e+02,2.000000000000000000e+01,6.415357000000000316e-07,0.000000000000000000e+00
1.063590278062925591e+02,2.054716159721937174e+02,2.000000000000000000e+01,6.706977999999999510e-07,0.000000000000000000e+00
1.068022916769422466e+02,2.054711727083230528e+02,2.000000000000000000e+01,1.015331000000000054e-06,0.000000000000000000e+00
1.072236413034633813e+02,2.054707513586965320e+02,2.000000000000000000e+01,1.222447999999999989e-06,0.000000000000000000e+00
1.076197505029820007e+02,2.054703552494970324e+02,2.000000000000000000e+01,9.919895000000000168e-07,0.000000000000000000e+00
1.080621922206896386e+02,2.054699128077793091e+02,2.000000000000000000e+01,6.066110999999999704e-07,0.000000000000000000e+00
1.085041920732162453e+02,2.054694708079267969e+02,2.000000000000000000e+01,6.590271000000000078e-07,0.000000000000000000e+00
1.089202886429347785e+02,2.054690547113570744e+02,2.000000000000000000e+01,1.065608000000000022e-06,0.000000000000000000e+00
1.093081132871418362e+02,2.054686668867128674e+02,2.000000000000000000e+01,1.085631000000000042e-06,0.000000000000000000e+00
1.097283539833449026e+02,2.054682466460166665e+02,2.000000000000000000e+01,1.141510000000000062e-06,0.000000000000000000e+00
1.101748840450381550e+02,2.054678001159549581e+02,2.000000000000000000e+01,1.102846000000000054e-06,0.000000000000000000e+00
1.105670009181522460e+02,2.054674079990818427e+02,2.000000000000000000e+01,9.899959000000000008e-07,0.000000000000000000e+00
1.109974706208285795e+02,2.054669775293791645e+02,2.000000000000000000e+01,1.189372000000000070e-06,0.000000000000000000e+00
1.114060092604367753e+02,2.054665689907395745e+02,2.000000000000000000e+01,1.457607000000000010e-06,0.000000000000000000e+00
1.118205279343495562e+02,2.054661544720656536e+02,2.000000000000000000e+01,1.241497000000000016e-06,0.000000000000000000e+00
1.122035790409319560e+02,2.054657714209590722e+02,2.000000000000000000e+01,1.159787999999999982e-06,0.000000000000000000e+00
1.126429889253524834e+02,2.054653320110746506e+02,2.000000000000000000e+01,1.011866999999999938e-06,0.000000000000000000e+00
1.130834148641321946e+02,2.054648915851358595e+02,2.000000000000000000e+01,1.161548000000000072e-06,0.000000000000000000e+00
1.134684528991347037e+02,2.054645065471008536e+02,2.000000000000000000e+01,1.490887000000000054e-06,0.000000000000000000e+00
1.139048450860126849e+02,2.054640701549139976e+02,2.000000000000000000e+01,1.348773000000000003e-06,0.000000000000000000e+00
1.143136033664925151e+02,2.054636613966335119e+02,2.000000000000000000e+01,1.348322000000000048e-06,0.000000000000000000e+00
1.147160236672305444e+02,2.054632589763327815e+02,2.000000000000000000e+01,1.056192999999999960e-06,0.000000000000000000e+00
1.151466739712005563e+02,2.054628283260288129e+02,2.000000000000000000e+01,1.243911999999999975e-06,0.000000000000000000e+00
1.155850610454198346e+02,2.054623899389545727e+02,2.000000000000000000e+01,1.445718000000000055e-06,0.000000000000000000e+00
1.159851812400511761e+02,2.054619898187599460e+02,2.000000000000000000e+01,1.274427999999999955e-06,0.000000000000000000e+00
1.163969909651973609e+02,2.054615780090348096e+02,2.000000000000000000e+01,1.181804999999999987e-06,0.000000000000000000e+00
1.168237551482975363e+02,2.054611512448516919e+02,2.000000000000000000e+01,1.068444999999999983e-06,0.000000000000000000e+00
1.172297522471432956e+02,2.054607452477528682e+02,2.000000000000000000e+01,1.454943999999999982e-06,0.000000000000000000e+00
1.176533700471862431e+02,2.054603216299528299e+02,2.000000000000000000e+01,1.356703999999999970e-06,0.000000000000000000e+00
1.180853010139949220e+02,2.054598896989860179e+02,2.000000000000000000e+01,1.434061999999999967e-06,0.000000000000000000e+00
1.185009999923660757e+02,2.054594740000076456e+02,2.000000000000000000e+01,1.309774000000000066e-06,0.000000000000000000e+00
1.189163316890290929e+02,2.054590586683109734e+02,2.000000000000000000e+01,9.407377000000000131e-07,0.000000000000000000e+00
1.193313490216284976e+02,2.054586436509783880e+02,2.000000000000000000e+01,1.478386999999999962e-06,0.000000000000000000e+00
1.197746766085665655e+02,2.054582003233914236e+02,2.000000000000000000e+01,1.533932000000000080e-06,0.000000000000000000e+00
1.202008377166402937e+02,2.054577741622833571e+02,2.000000000000000000e+01,1.431326000000000041e-06,0.000000000000000000e+00
1.205946136176912802e+02,2.054573803863823116e+02,2.000000000000000000e+01,1.283201999999999899e-06,0.000000000000000000e+00
1.210394079812743797e+02,2.054569355920187377e+02,2.000000000000000000e+01,1.158754000000000028e-06,0.000000000000000000e+00
1.214421580229654865e+02,2.054565328419770367e+02,2.000000000000000000e+01,1.596098000000000003e-06,0.000000000000000000e+00
1.218510743881039957e+02,2.054561239256119052e+02,2.000000000000000000e+01,1.545456999999999940e-06,0.000000000000000000e+00
1.222649347089386822e+02,2.054557100652910719e+02,2.000000000000000000e+01,1.380554999999999990e-06,0.000000000000000000e+00
1.226714300225538068e+02,2.054553035699774455e+02,2.000000000000000000e+01,1.235166999999999985e-06,0.000000000000000000e+00
1.231020377990023604e+02,2.054548729622009944e+02,2.000000000000000000e+01,9.565993000000000841e-07,0.000000000000000000e+00
1.235100569512697604e+02,2.054544649430487198e+02,2.000000000000000000e+01,1.511434999999999955e-06,0.000000000000000000e+00
1.239275221225138353e+02,2.054540474778774808e+02,2.000000000000000000e+01,1.359469000000000062e-06,0.000000000000000000e+00
1.243585674643001937e+02,2.054536164325357106e+02,2.000000000000000000e+01,1.427921000000000071e-06,0.000000000000000000e+00
1.247351372812214407e+02,2.054532398627187888e+02,2.000000000000000000e+01,1.126435000000000041e-06,0.000000000000000000e+00
1.251811303324188174e+02,2.054527938696675733e+02,2.000000000000000000e+01,1.093052999999999934e-06,0.000000000000000000e+00
1.255951774533625667e+02,2.054523798225466464e+02,2.000000000000000000e+01,1.537147999999999915e-06,0.000000000000000000e+00
1.260036378157875845e+02,2.054519713621842243e+02,2.000000000000000000e+01,1.607477000000000068e-06,0.000000000000000000e+00
1.264468903999151763e+02,2.054515281096000763e+02,2.000000000000000000e+01,1.467516999999999971e-06,0.000000000000000000e+00
1.268622420064145047e+02,2.054511127579935987e+02,2.000000000000000000e+01,1.352397000000000089e-06,0.000000000000000000e+00
1.272750915600086046e+02,2.054506999084399865e+02,2.000000000000000000e+01,1.384075999999999985e-06,0.000000000000000000e+00
1.276806405634975761e+02,2.054502943594364979e+02,2.000000000000000000e+01,1.513909000000000060e-06,0.000000000000000000e+00
1.281227464399437110e+02,2.054498522535600671e+02,2.000000000000000000e+01,1.559631000000000077e-06,0.000000000000000000e+00
1.285465643546840511e+02,2.054494284356453306e+02,2.000000000000000000e+01,1.451495000000000068e-06,0.000000000000000000e+00
1.289950921875579866e+02,2.054489799078124577e+02,2.000000000000000000e+01,1.282111000000000065e-06,0.000000000000000000e+00
1.293694497311481655e+02,2.054486055502688657e+02,2.000000000000000000e+01,1.139865999999999998e-06,0.000000000000000000e+00
1.297983254335621552e+02,2.054481766745664402e+02,2.000000000000000000e+01,1.262481000000000093e-06,0.000000000000000000e+00
1.302017585072858310e+02,2.054477732414927118e+02,2.000000000000000000e+01,9.656942000000000553e-07,0.000000000000000000e+00
1.306282047116585545e+02,2.054473467952883539e+02,2.000000000000000000e+01,7.593334999999999484e-07,0.000000000000000000e+00
1.310588560947299754e+02,2.054469161439052698e+02,2.000000000000000000e+01,1.599255000000000115e-07,0.000000000000000000e+00
1.314633385937641492e+02,2.054465116614062481e+02,2.000000000000000000e+01,5.865877000000000216e-08,0.000000000000000000e+00
1.318745902166618009e+02,2.054461004097833268e+02,2.000000000000000000e+01,1.349544999999999926e-07,0.000000000000000000e+00
1.322621025027168855e+02,2.054457128974972875e+02,2.000000000000000000e+01,3.348395999999999777e-07,0.000000000000000000e+00
1.327095856630167532e+02,2.054452654143369728e+02,2.000000000000000000e+01,8.439238000000000226e-07,0.000000000000000000e+00
1.331113540566975644e+02,2.054448636459433146e+02,2.000000000000000000e+01,1.554727000000000022e-07,0.000000000000000000e+00
1.335323709821322211e+02,2.054444426290178569e+02,2.000000000000000000e+01,5.348992999999999542e-07,0.000000000000000000e+00
1.339559387535008170e+02,2.054440190612465074e+02,2.000000000000000000e+01,1.160442000000000036e-06,0.000000000000000000e+00
1.343681422737307685e+02,2.054436068577262802e+02,2.000000000000000000e+01,1.175052999999999954e-06,0.000000000000000000e+00
1.347820781426490555e+02,2.054431929218573600e+02,2.000000000000000000e+01,1.302047000000000012e-06,0.000000000000000000e+00
1.352069184434027704e+02,2.054427680815566077e+02,2.000000000000000000e+01,1.414097000000000066e-06,0.000000000000000000e+00
1.356263625444208003e+02,2.054423486374555807e+02,2.000000000000000000e+01,1.361492000000000000e-06,0.000000000000000000e+00
1.360458652463566978e+02,2.054419291347536500e+02,2.000000000000000000e+01,1.351407000000000078e-06,0.000000000000000000e+00
1.364714887782224935e+02,2.054415035112217822e+02,2.000000000000000000e+01,1.241482000000000026e-06,0.000000000000000000e+00
1.368732073154416753e+02,2.054411017926845489e+02,2.000000000000000000e+01,1.518477999999999974e-06,0.000000000000000000e+00
1.372745618880907443e+02,2.054407004381119179e+02,2.000000000000000000e+01,1.602238999999999899e-06,0.000000000000000000e+00
1.377210439503816701e+02,2.054402539560496166e+02,2.000000000000000000e+01,1.519903999999999949e-06,0.000000000000000000e+00
1.381446610596626954e+02,2.054398303389403395e+02,2.000000000000000000e+01,1.442428999999999899e-06,0.000000000000000000e+00
1.385433282919917133e+02,2.054394316717080073e+02,2.000000000000000000e+01,1.504697000000000097e-06,0.000000000000000000e+00
1.389911844283290918e+02,2.054389838155716745e+02,2.000000000000000000e+01,1.411681000000000079e-06,0.000000000000000000e+00
1.394062036835157699e+02,2.054385687963164742e+02,2.000000000000000000e+01,1.614039999999999966e-06,0.000000000000000000e+00
1.398215355305219134e+02,2.054381534644694796e+02,2.000000000000000000e+01,1.598906000000000011e-06,0.000000000000000000e+00
1.402394998999804727e+02,2.054377355001000183e+02,2.000000000000000000e+01,1.306951000000000067e-06,0.000000000000000000e+00
1.406476696035219334e+02,2.054373273303964709e+02,2.000000000000000000e+01,1.596520000000000005e-06,0.000000000000000000e+00
1.410860547161907448e+02,2.054368889452838118e+02,2.000000000000000000e+01,1.583481000000000069e-06,0.000000000000000000e+00
1.415079978625529122e+02,2.054364670021374479e+02,2.000000000000000000e+01,1.571155999999999937e-06,0.000000000000000000e+00
1.418979604497574769e+02,2.054360770395502414e+02,2.000000000000000000e+01,1.521126000000000012e-06,0.000000000000000000e+00
1.423415366785591232e+02,2.054356334633214374e+02,2.000000000000000000e+01,1.491119999999999921e-06,0.000000000000000000e+00
1.427166538546288450e+02,2.054352583461453605e+02,2.000000000000000000e+01,1.608874000000000090e-06,0.000000000000000000e+00
1.431555896435114335e+02,2.054348194103564822e+02,2.000000000000000000e+01,1.624299000000000032e-06,0.000000000000000000e+00
1.435947343833441892e+02,2.054343802656166531e+02,2.000000000000000000e+01,1.590583000000000023e-06,0.000000000000000000e+00
1.439798440063325415e+02,2.054339951559936708e+02,2.000000000000000000e+01,1.540625999999999994e-06,0.000000000000000000e+00
1.444184340920826060e+02,2.054335565659079066e+02,2.000000000000000000e+01,1.495499999999999912e-06,0.000000000000000000e+00
1.448059530046916166e+02,2.054331690469953173e+02,2.000000000000000000e+01,1.591906999999999936e-06,0.000000000000000000e+00
1.452264777390210782e+02,2.054327485222609937e+02,2.000000000000000000e+01,1.650827000000000043e-06,0.000000000000000000e+00
1.456574067837779296e+02,2.054323175932162258e+02,2.000000000000000000e+01,1.633946999999999960e-06,0.000000000000000000e+00
1.460654193135694072e+02,2.054319095806864368e+02,2.000000000000000000e+01,1.581095000000000064e-06,0.000000000000000000e+00
1.464951435756885019e+02,2.054314798564243176e+02,2.000000000000000000e+01,1.135092999999999959e-06,0.000000000000000000e+00
1.469104410023590503e+02,2.054310645589976332e+02,2.000000000000000000e+01,1.400883999999999986e-06,0.000000000000000000e+00
1.473535141993214665e+02,2.054306214858006854e+02,2.000000000000000000e+01,1.522188999999999920e-06,0.000000000000000000e+00
1.477653256126653503e+02,2.054302096743873278e+02,2.000000000000000000e+01,1.549372000000000012e-06,0.000000000000000000e+00
1.481656271473282516e+02,2.054298093728526737e+02,2.000000000000000000e+01,1.550929000000000004e-06,0.000000000000000000e+00
1.486038325381679499e+02,2.054293711674618237e+02,2.000000000000000000e+01,1.488923000000000051e-06,0.000000000000000000e+00
1.490344593760273995e+02,2.054289405406239837e+02,2.000000000000000000e+01,1.510037999999999932e-06,0.000000000000000000e+00
1.494367727428612511e+02,2.054285382272571496e+02,2.000000000000000000e+01,1.528197999999999984e-06,0.000000000000000000e+00
1.498450210466497197e+02,2.054281299789533648e+02,2.000000000000000000e+01,1.560546999999999951e-06,0.000000000000000000e+00
1.502814396342738235e+02,2.054276935603657250e+02,2.000000000000000000e+01,1.470237999999999907e-06,0.000000000000000000e+00
1.506665458900479280e+02,2.054273084541099479e+02,2.000000000000000000e+01,1.362087999999999934e-06,0.000000000000000000e+00
1.511072189057945252e+02,2.054268677810942165e+02,2.000000000000000000e+01,1.480454000000000056e-06,0.000000000000000000e+00
1.515281697496909601e+02,2.054264468302503133e+02,2.000000000000000000e+01,1.422230999999999919e-06,0.000000000000000000e+00
1.519297540815382206e+02,2.054260452459184592e+02,2.000000000000000000e+01,1.382969999999999949e-06,0.000000000000000000e+00
1.523652470635884129e+02,2.054256097529364240e+02,2.000000000000000000e+01,1.339517999999999912e-06,0.000000000000000000e+00
1.527525834654452694e+02,2.054252224165345524e+02,2.000000000000000000e+01,1.275504000000000011e-06,0.000000000000000000e+00
1.531762763084997232e+02,2.054247987236915094e+02,2.000000000000000000e+01,1.440406999999999989e-06,0.000000000000000000e+00
1.536135883384949068e+02,2.054243614116614935e+02,2.000000000000000000e+01,1.438646000000000083e-06,0.000000000000000000e+00
1.540218119025828969e+02,2.054239531880974141e+02,2.000000000000000000e+01,1.349951999999999937e-06,0.000000000000000000e+00
1.544421460106021868e+02,2.054235328539893999e+02,2.000000000000000000e+01,1.103850000000000028e-06,0.000000000000000000e+00
1.548469476004675869e+02,2.054231280523995338e+02,2.000000000000000000e+01,1.430423999999999918e-06,0.000000000000000000e+00
1.552463545968640801e+02,2.054227286454031400e+02,2.000000000000000000e+01,1.365988000000000016e-06,0.000000000000000000e+00
1.556945274373911445e+02,2.054222804725626190e+02,2.000000000000000000e+01,1.360414999999999917e-06,0.000000000000000000e+00
1.560846824550576457e+02,2.054218903175449498e+02,2.000000000000000000e+01,1.292675999999999895e-06,0.000000000000000000e+00
1.565170435626804135e+02,2.054214579564373082e+02,2.000000000000000000e+01,1.375752999999999998e-06,0.000000000000000000e+00
1.569411366351296522e+02,2.054210338633648689e+02,2.000000000000000000e+01,1.400446999999999994e-06,0.000000000000000000e+00
1.573404232620053165e+02,2.054206345767379958e+02,2.000000000000000000e+01,1.401699000000000037e-06,0.000000000000000000e+00
1.577658301982134788e+02,2.054202091698017796e+02,2.000000000000000000e+01,1.399530000000000092e-06,0.000000000000000000e+00
1.581938278650243035e+02,2.054197811721349751e+02,2.000000000000000000e+01,1.348351000000000001e-06,0.000000000000000000e+00
1.586247095145731976e+02,2.054193502904854256e+02,2.000000000000000000e+01,1.342967000000000037e-06,0.000000000000000000e+00
1.590508712294694078e+02,2.054189241287705272e+02,2.000000000000000000e+01,1.370223000000000027e-06,0.000000000000000000e+00
1.594555978120709199e+02,2.054185194021879397e+02,2.000000000000000000e+01,1.396591000000000068e-06,0.000000000000000000e+00
1.598839251306567064e+02,2.054180910748693520e+02,2.000000000000000000e+01,1.312844999999999922e-06,0.000000000000000000e+00
1.603139711794735831e+02,2.054176610288205325e+02,2.000000000000000000e+01,1.388805999999999896e-06,0.000000000000000000e+00
1.607330607724837819e+02,2.054172419392275231e+02,2.000000000000000000e+01,1.395456000000000078e-06,0.000000000000000000e+00
1.611411449366962358e+02,2.054168338550633166e+02,2.000000000000000000e+01,1.384338000000000018e-06,0.000000000000000000e+00
1.615718150032747076e+02,2.054164031849967387e+02,2.000000000000000000e+01,1.299035000000000091e-06,0.000000000000000000e+00
1.619778139932727186e+02,2.054159971860067344e+02,2.000000000000000000e+01,1.357810000000000007e-06,0.000000000000000000e+00
1.623904545899066818e+02,2.054155845454100984e+02,2.000000000000000000e+01,1.339038000000000003e-06,0.000000000000000000e+00
1.628183631966342091e+02,2.054151566368033741e+02,2.000000000000000000e+01,1.347244999999999965e-06,0.000000000000000000e+00
1.632037878160091964e+02,2.054147712121840073e+02,2.000000000000000000e+01,1.314401999999999914e-06,0.000000000000000000e+00
1.636482101275316836e+02,2.054143267898724616e+02,2.000000000000000000e+01,1.319640000000000083e-06,0.000000000000000000e+00
1.640472574114503459e+02,2.054139277425885552e+02,2.000000000000000000e+01,1.364227999999999926e-06,0.000000000000000000e+00
1.644710204609842776e+02,2.054135039795390298e+02,2.000000000000000000e+01,1.387307000000000023e-06,0.000000000000000000e+00
1.648702380087311212e+02,2.054131047619912636e+02,2.000000000000000000e+01,1.273408999999999991e-06,0.000000000000000000e+00
1.652992780546558151e+02,2.054126757219453339e+02,2.000000000000000000e+01,1.125488999999999974e-06,0.000000000000000000e+00
1.657210164425842152e+02,2.054122539835574059e+02,2.000000000000000000e+01,1.184701000000000094e-06,0.000000000000000000e+00
1.661292171103881969e+02,2.054118457828896283e+02,2.000000000000000000e+01,1.230422999999999900e-06,0.000000000000000000e+00
1.665599179583179819e+02,2.054114150820416853e+02,2.000000000000000000e+01,1.134816999999999963e-06,0.000000000000000000e+00
1.669884411382527389e+02,2.054109865588617367e+02,2.000000000000000000e+01,1.201101000000000056e-06,0.000000000000000000e+00
1.673986267085944633e+02,2.054105763732914056e+02,2.000000000000000000e+01,1.234336999999999944e-06,0.000000000000000000e+00
1.678124806622137442e+02,2.054101625193378027e+02,2.000000000000000000e+01,1.205466000000000056e-06,0.000000000000000000e+00
1.682365498899756631e+02,2.054097384501100407e+02,2.000000000000000000e+01,1.210587999999999987e-06,0.000000000000000000e+00
1.686684029532215732e+02,2.054093065970467933e+02,2.000000000000000000e+01,1.242252999999999920e-06,0.000000000000000000e+00
1.690909051213645284e+02,2.054088840948786299e+02,2.000000000000000000e+01,1.232808999999999906e-06,0.000000000000000000e+00
1.695072936255557181e+02,2.054084677063744380e+02,2.000000000000000000e+01,1.223495999999999907e-06,0.000000000000000000e+00
1.699242674884300470e+02,2.054080507325115832e+02,2.000000000000000000e+01,1.225707999999999980e-06,0.000000000000000000e+00
1.703461008426805563e+02,2.054076288991573165e+02,2.000000000000000000e+01,1.254083999999999969e-06,0.000000000000000000e+00
1.707313013970635893e+02,2.054072436986029402e+02,2.000000000000000000e+01,1.288542999999999947e-06,0.000000000000000000e+00
1.711784191397695736e+02,2.054067965808602310e+02,2.000000000000000000e+01,9.554497000000000723e-07,0.000000000000000000e+00
1.715769613004127052e+02,2.054063980386995922e+02,2.000000000000000000e+01,1.287276999999999940e-06,0.000000000000000000e+00
1.720238173041573475e+02,2.054059511826958442e+02,2.000000000000000000e+01,1.364417000000000061e-06,0.000000000000000000e+00
1.724094955253090404e+02,2.054055655044746800e+02,2.000000000000000000e+01,1.437466999999999937e-06,0.000000000000000000e+00
1.728329337206774881e+02,2.054051420662793248e+02,2.000000000000000000e+01,1.471605999999999976e-06,0.000000000000000000e+00
1.732488483872394909e+02,2.054047261516127492e+02,2.000000000000000000e+01,1.414867999999999961e-06,0.000000000000000000e+00
1.736569518879250609e+02,2.054043180481120885e+02,2.000000000000000000e+01,1.402178999999999946e-06,0.000000000000000000e+00
1.740878091846454083e+02,2.054038871908153681e+02,2.000000000000000000e+01,1.537700999999999933e-06,0.000000000000000000e+00
1.744952363997232965e+02,2.054034797636002736e+02,2.000000000000000000e+01,1.413719000000000008e-06,0.000000000000000000e+00
1.749100002824427520e+02,2.054030649997175715e+02,2.000000000000000000e+01,1.433029000000000040e-06,0.000000000000000000e+00
1.753256566427227199e+02,2.054026493433572682e+02,2.000000000000000000e+01,1.439083000000000076e-06,0.000000000000000000e+00
1.757653493255839123e+02,2.054022096506744219e+02,2.000000000000000000e+01,1.538210000000000008e-06,0.000000000000000000e+00
1.761508421657305234e+02,2.054018241578342838e+02,2.000000000000000000e+01,1.517736000000000032e-06,0.000000000000000000e+00
1.765898196998974186e+02,2.054013851803001103e+02,2.000000000000000000e+01,1.495137000000000056e-06,0.000000000000000000e+00
1.769898064805360889e+02,2.054009851935194604e+02,2.000000000000000000e+01,1.462671000000000035e-06,0.000000000000000000e+00
1.774307283098046355e+02,2.054005442716901939e+02,2.000000000000000000e+01,1.336186000000000051e-06,0.000000000000000000e+00
1.778462136663927708e+02,2.054001287863335961e+02,2.000000000000000000e+01,1.487845999999999968e-06,0.000000000000000000e+00
1.782601600839734601e+02,2.053997148399160153e+02,2.000000000000000000e+01,1.522857999999999964e-06,0.000000000000000000e+00
1.786670265399028494e+02,2.053993079734601110e+02,2.000000000000000000e+01,1.469409000000000105e-06,0.000000000000000000e+00
1.791076739946564942e+02,2.053988673260053588e+02,2.000000000000000000e+01,1.445484999999999976e-06,0.000000000000000000e+00
1.795313634424485087e+02,2.053984436365575448e+02,2.000000000000000000e+01,1.456384999999999948e-06,0.000000000000000000e+00
1.799782578278686174e+02,2.053979967421721256e+02,2.000000000000000000e+01,1.511347000000000067e-06,0.000000000000000000e+00
1.803658601218225499e+02,2.053976091398781705e+02,2.000000000000000000e+01,1.442342000000000039e-06,0.000000000000000000e+00
1.807815466614360673e+02,2.053971934533385593e+02,2.000000000000000000e+01,1.387932999999999939e-06,0.000000000000000000e+00
1.811891745115798074e+02,2.053967858254884220e+02,2.000000000000000000e+01,1.333479000000000078e-06,0.000000000000000000e+00
1.816145476926546962e+02,2.053963604523073343e+02,2.000000000000000000e+01,1.346459999999999895e-06,0.000000000000000000e+00
1.820416621313613064e+02,2.053959333378686551e+02,2.000000000000000000e+01,1.341191999999999957e-06,0.000000000000000000e+00
1.824428409166909262e+02,2.053955321590833023e+02,2.000000000000000000e+01,1.296270000000000000e-06,0.000000000000000000e+00
1.828723808400009148e+02,2.053951026191600135e+02,2.000000000000000000e+01,1.273918000000000065e-06,0.000000000000000000e+00
1.832713727488549864e+02,2.053947036272511468e+02,2.000000000000000000e+01,1.296547000000000023e-06,0.000000000000000000e+00
1.836953102812566954e+02,2.053942796897187577e+02,2.000000000000000000e+01,1.311010999999999907e-06,0.000000000000000000e+00
1.841200443138579885e+02,2.053938549556861517e+02,2.000000000000000000e+01,1.388413000000000059e-06,0.000000000000000000e+00
1.845176508851145059e+02,2.053934573491148967e+02,2.000000000000000000e+01,1.324719000000000098e-06,0.000000000000000000e+00
1.849629598664086814e+02,2.053930120401335842e+02,2.000000000000000000e+01,1.237480000000000093e-06,0.000000000000000000e+00
1.853652811717836926e+02,2.053926097188282256e+02,2.000000000000000000e+01,1.340623999999999948e-06,0.000000000000000000e+00
1.857658039994698811e+02,2.053922091960005218e+02,2.000000000000000000e+01,1.339562000000000067e-06,0.000000000000000000e+00
1.861936699916724933e+02,2.053917813300083424e+02,2.000000000000000000e+01,1.347042000000000079e-06,0.000000000000000000e+00
1.866370791528424036e+02,2.053913379208471497e+02,2.000000000000000000e+01,1.326683999999999917e-06,0.000000000000000000e+00
1.870326612468174403e+02,2.053909423387531774e+02,2.000000000000000000e+01,1.349645999999999961e-06,0.000000000000000000e+00
1.874556894150078392e+02,2.053905193105850060e+02,2.000000000000000000e+01,1.375199999999999979e-06,0.000000000000000000e+00
1.878990366670024059e+02,2.053900759633330040e+02,2.000000000000000000e+01,1.325809999999999932e-06,0.000000000000000000e+00
1.883145286501444673e+02,2.053896604713498562e+02,2.000000000000000000e+01,1.324107999999999961e-06,0.000000000000000000e+00
1.887143111583635005e+02,2.053892606888416310e+02,2.000000000000000000e+01,1.274834999999999967e-06,0.000000000000000000e+00
1.891418080555170036e+02,2.053888331919444852e+02,2.000000000000000000e+01,1.352367999999999924e-06,0.000000000000000000e+00
1.895727768208020052e+02,2.053884022231792130e+02,2.000000000000000000e+01,1.353430000000000017e-06,0.000000000000000000e+00
1.899787719374984931e+02,2.053879962280624909e+02,2.000000000000000000e+01,1.277862000000000091e-06,0.000000000000000000e+00
1.903917624580152790e+02,2.053875832375419748e+02,2.000000000000000000e+01,1.211418000000000028e-06,0.000000000000000000e+00
1.908192528735631868e+02,2.053871557471264282e+02,2.000000000000000000e+01,1.317661000000000089e-06,0.000000000000000000e+00
1.912045904517360100e+02,2.053867704095482623e+02,2.000000000000000000e+01,1.352207999999999954e-06,0.000000000000000000e+00
1.916488619358286485e+02,2.053863261380641632e+02,2.000000000000000000e+01,1.325839999999999913e-06,0.000000000000000000e+00
1.920474791394833005e+02,2.053859275208605197e+02,2.000000000000000000e+01,1.360385999999999963e-06,0.000000000000000000e+00
1.924712970542236121e+02,2.053855037029457833e+02,2.000000000000000000e+01,1.384657999999999957e-06,0.000000000000000000e+00
1.928820415359458309e+02,2.053850929584640426e+02,2.000000000000000000e+01,1.359119999999999957e-06,0.000000000000000000e+00
1.932992306886845029e+02,2.053846757693113148e+02,2.000000000000000000e+01,1.376639999999999918e-06,0.000000000000000000e+00
1.937209094680227963e+02,2.053842540905319822e+02,2.000000000000000000e+01,1.372565999999999904e-06,0.000000000000000000e+00
1.941390360062819695e+02,2.053838359639937323e+02,2.000000000000000000e+01,1.332694000000000009e-06,0.000000000000000000e+00
1.945597828217995868e+02,2.053834152171781966e+02,2.000000000000000000e+01,1.356500000000000057e-06,0.000000000000000000e+00
1.949888659601876668e+02,2.053829861340398111e+02,2.000000000000000000e+01,1.378749999999999928e-06,0.000000000000000000e+00
1.953769129546478780e+02,2.053825980870453520e+02,2.000000000000000000e+01,1.389314999999999970e-06,0.000000000000000000e+00
1.957922648486004960e+02,2.053821827351513889e+02,2.000000000000000000e+01,1.394306000000000098e-06,0.000000000000000000e+00
1.962368017897373704e+02,2.053817381982102575e+02,2.000000000000000000e+01,1.363442000000000040e-06,0.000000000000000000e+00
1.966356473583663558e+02,2.053813393526416462e+02,2.000000000000000000e+01,1.405990999999999927e-06,0.000000000000000000e+00
1.970593869941553464e+02,2.053809156130058398e+02,2.000000000000000000e+01,1.427687999999999992e-06,0.000000000000000000e+00
1.975074822743380025e+02,2.053804675177256627e+02,2.000000000000000000e+01,1.391658000000000060e-06,0.000000000000000000e+00
1.979072479526706445e+02,2.053800677520473243e+02,2.000000000000000000e+01,1.260719999999999976e-06,0.000000000000000000e+00
1.983123766386767954e+02,2.053796626233613267e+02,2.000000000000000000e+01,1.348540999999999952e-06,0.000000000000000000e+00
1.987319567478475903e+02,2.053792430432521599e+02,2.000000000000000000e+01,1.291046000000000005e-06,0.000000000000000000e+00
1.991787250109260867e+02,2.053787962749890710e+02,2.000000000000000000e+01,1.310428999999999935e-06,0.000000000000000000e+00
1.996161546129990541e+02,2.053783588453869982e+02,2.000000000000000000e+01,1.374880000000000040e-06,0.000000000000000000e+00
2.000015105621926068e+02,2.053779734894378066e+02,2.000000000000000000e+01,1.423511999999999916e-06,0.000000000000000000e+00
2.004448327336920670e+02,2.053775301672663147e+02,2.000000000000000000e+01,1.345877999999999924e-06,0.000000000000000000e+00
2.008598800163277929e+02,2.053771151199836709e+02,2.000000000000000000e+01,1.390843000000000009e-06,0.000000000000000000e+00
2.012482785068087878e+02,2.053767267214931849e+02,2.000000000000000000e+01,1.371371999999999980e-06,0.000000000000000000e+00
2.016790248948840940e+02,2.053762959751051085e+02,2.000000000000000000e+01,1.360866000000000084e-06,0.000000000000000000e+00
2.021007252644176333e+02,2.053758742747355939e+02,2.000000000000000000e+01,1.414504000000000078e-06,0.000000000000000000e+00
2.025178978605135001e+02,2.053754571021394781e+02,2.000000000000000000e+01,1.320993999999999977e-06,0.000000000000000000e+00
2.029372499241391949e+02,2.053750377500758759e+02,2.000000000000000000e+01,1.276435999999999903e-06,0.000000000000000000e+00
2.033249978135552851e+02,2.053746500021864563e+02,2.000000000000000000e+01,1.175940000000000086e-06,0.000000000000000000e+00
2.037649236637751926e+02,2.053742100763362259e+02,2.000000000000000000e+01,1.209395000000000090e-06,0.000000000000000000e+00
2.041650526758748754e+02,2.053738099473241334e+02,2.000000000000000000e+01,1.345847999999999942e-06,0.000000000000000000e+00
2.045890957196497482e+02,2.053733859042803545e+02,2.000000000000000000e+01,1.276741000000000064e-06,0.000000000000000000e+00
2.050316790772533864e+02,2.053729433209227579e+02,2.000000000000000000e+01,1.253923999999999999e-06,0.000000000000000000e+00
2.054118331133587958e+02,2.053725631668866356e+02,2.000000000000000000e+01,1.329128000000000042e-06,0.000000000000000000e+00
2.058452213118456484e+02,2.053721297786881621e+02,2.000000000000000000e+01,1.352323999999999980e-06,0.000000000000000000e+00
2.062606577074244001e+02,2.053717143422925915e+02,2.000000000000000000e+01,1.359294000000000101e-06,0.000000000000000000e+00
2.066735878298346449e+02,2.053713014121701690e+02,2.000000000000000000e+01,1.333173999999999918e-06,0.000000000000000000e+00
2.070975672081544303e+02,2.053708774327918434e+02,2.000000000000000000e+01,1.273146999999999959e-06,0.000000000000000000e+00
2.075312707845129978e+02,2.053704437292154807e+02,2.000000000000000000e+01,1.177031999999999948e-06,0.000000000000000000e+00
2.079549386132302971e+02,2.053700200613867821e+02,2.000000000000000000e+01,1.131556999999999973e-06,0.000000000000000000e+00
2.083671622956279919e+02,2.053696078377043648e+02,2.000000000000000000e+01,1.187684000000000062e-06,0.000000000000000000e+00
2.087808534119331227e+02,2.053691941465880575e+02,2.000000000000000000e+01,1.214634000000000075e-06,0.000000000000000000e+00
2.092059645478085486e+02,2.053687690354522033e+02,2.000000000000000000e+01,1.163890999999999950e-06,0.000000000000000000e+00
2.096368244125607134e+02,2.053683381755874393e+02,2.000000000000000000e+01,1.121806999999999981e-06,0.000000000000000000e+00
2.100451335249289571e+02,2.053679298664750661e+02,2.000000000000000000e+01,1.198480999999999944e-06,0.000000000000000000e+00
2.104706554461261021e+02,2.053675043445538790e+02,2.000000000000000000e+01,1.117019999999999980e-06,0.000000000000000000e+00
2.108725544522900748e+02,2.053671024455477152e+02,2.000000000000000000e+01,1.174324999999999976e-06,0.000000000000000000e+00
2.112739998672568902e+02,2.053667010001327355e+02,2.000000000000000000e+01,1.203442999999999906e-06,0.000000000000000000e+00
2.117004253499598860e+02,2.053662745746500491e+02,2.000000000000000000e+01,1.146996999999999904e-06,0.000000000000000000e+00
2.121085777349439638e+02,2.053658664222650714e+02,2.000000000000000000e+01,1.062667999999999970e-06,0.000000000000000000e+00
2.125432727326510758e+02,2.053654317272673495e+02,2.000000000000000000e+01,1.066654999999999912e-06,0.000000000000000000e+00
2.129473774462492486e+02,2.053650276225537539e+02,2.000000000000000000e+01,1.216657000000000013e-06,0.000000000000000000e+00
2.133657638436031903e+02,2.053646092361564115e+02,2.000000000000000000e+01,1.169129999999999935e-06,0.000000000000000000e+00
2.137941121904206341e+02,2.053641808878095958e+02,2.000000000000000000e+01,1.091480999999999952e-06,0.000000000000000000e+00
2.141986194410671089e+02,2.053637763805589316e+02,2.000000000000000000e+01,1.194188000000000026e-06,0.000000000000000000e+00
2.146121359845415952e+02,2.053633628640154711e+02,2.000000000000000000e+01,1.091830000000000056e-06,0.000000000000000000e+00
2.150555710343512033e+02,2.053629194289656539e+02,2.000000000000000000e+01,1.037624000000000054e-06,0.000000000000000000e+00
2.154598709140703647e+02,2.053625151290859208e+02,2.000000000000000000e+01,1.038483000000000049e-06,0.000000000000000000e+00
2.158705437362101236e+02,2.053621044562637792e+02,2.000000000000000000e+01,1.183580000000000067e-06,0.000000000000000000e+00
2.162823058012537558e+02,2.053616926941987515e+02,2.000000000000000000e+01,1.138162999999999999e-06,0.000000000000000000e+00
2.166871535497200512e+02,2.053612878464502955e+02,2.000000000000000000e+01,1.163890999999999950e-06,0.000000000000000000e+00
2.171299618697011056e+02,2.053608450381302930e+02,2.000000000000000000e+01,1.052510999999999967e-06,0.000000000000000000e+00
2.175539608486843974e+02,2.053604210391513050e+02,2.000000000000000000e+01,9.830692000000000372e-07,0.000000000000000000e+00
2.179574759791811687e+02,2.053600175240208330e+02,2.000000000000000000e+01,1.037420999999999956e-06,0.000000000000000000e+00
2.183774406053579469e+02,2.053595975593946434e+02,2.000000000000000000e+01,9.626236999999998955e-07,0.000000000000000000e+00
2.188071486186550771e+02,2.053591678513813577e+02,2.000000000000000000e+01,1.139400000000000052e-06,0.000000000000000000e+00
2.192272398999587892e+02,2.053587477601000444e+02,2.000000000000000000e+01,1.138702000000000054e-06,0.000000000000000000e+00
2.196582659043157264e+02,2.053583167340956948e+02,2.000000000000000000e+01,1.103791999999999909e-06,0.000000000000000000e+00
2.200815938217601229e+02,2.053578934061782491e+02,2.000000000000000000e+01,1.175649000000000100e-06,0.000000000000000000e+00
2.204963669834336315e+02,2.053574786330165693e+02,2.000000000000000000e+01,1.132836999999999942e-06,0.000000000000000000e+00
2.209206191812976954e+02,2.053570543808187097e+02,2.000000000000000000e+01,1.114706000000000056e-06,0.000000000000000000e+00
2.213357817770163081e+02,2.053566392182229947e+02,2.000000000000000000e+01,1.168838999999999949e-06,0.000000000000000000e+00
2.217430331893697257e+02,2.053562319668106397e+02,2.000000000000000000e+01,1.140447999999999969e-06,0.000000000000000000e+00
2.221669223312977124e+02,2.053558080776687120e+02,2.000000000000000000e+01,1.209365999999999925e-06,0.000000000000000000e+00
2.225655125387532962e+02,2.053554094874612588e+02,2.000000000000000000e+01,1.194246999999999960e-06,0.000000000000000000e+00
2.230117965776991866e+02,2.053549632034223009e+02,2.000000000000000000e+01,1.151361999999999904e-06,0.000000000000000000e+00
2.234035257249184951e+02,2.053545714742750761e+02,2.000000000000000000e+01,1.201754999999999898e-06,0.000000000000000000e+00
2.238186008013358901e+02,2.053541563991986720e+02,2.000000000000000000e+01,1.197855000000000028e-06,0.000000000000000000e+00
2.242370532889765968e+02,2.053537379467110213e+02,2.000000000000000000e+01,1.246443999999999988e-06,0.000000000000000000e+00
2.246452444053995521e+02,2.053533297555946149e+02,2.000000000000000000e+01,1.216583999999999904e-06,0.000000000000000000e+00
2.250763987664548438e+02,2.053528986012335338e+02,2.000000000000000000e+01,1.146646999999999984e-06,0.000000000000000000e+00
2.254828061150313658e+02,2.053524921938849843e+02,2.000000000000000000e+01,1.003368999999999990e-06,0.000000000000000000e+00
2.258965849134860093e+02,2.053520784150865097e+02,2.000000000000000000e+01,1.220018000000000039e-06,0.000000000000000000e+00
2.263306711129770861e+02,2.053516443288870335e+02,2.000000000000000000e+01,1.193737000000000070e-06,0.000000000000000000e+00
2.267543046558087951e+02,2.053512206953441819e+02,2.000000000000000000e+01,1.221341999999999952e-06,0.000000000000000000e+00
2.271534273783248921e+02,2.053508215726216690e+02,2.000000000000000000e+01,1.236767000000000105e-06,0.000000000000000000e+00
2.275929017195402082e+02,2.053503820982804484e+02,2.000000000000000000e+01,1.259832000000000028e-06,0.000000000000000000e+00
2.280236715758061905e+02,2.053499513284241971e+02,2.000000000000000000e+01,1.263092000000000019e-06,0.000000000000000000e+00
2.284445630174676012e+02,2.053495304369825476e+02,2.000000000000000000e+01,1.257037999999999983e-06,0.000000000000000000e+00
2.288321864786492483e+02,2.053491428135213539e+02,2.000000000000000000e+01,1.195221999999999981e-06,0.000000000000000000e+00
2.292479641272581148e+02,2.053487270358727415e+02,2.000000000000000000e+01,1.295294999999999979e-06,0.000000000000000000e+00
2.296967041179417208e+02,2.053482782958820678e+02,2.000000000000000000e+01,1.321794000000000037e-06,0.000000000000000000e+00
2.300957775435482802e+02,2.053478792224564415e+02,2.000000000000000000e+01,1.328401000000000091e-06,0.000000000000000000e+00
2.305194699221374321e+02,2.053474555300778661e+02,2.000000000000000000e+01,1.318883999999999967e-06,0.000000000000000000e+00
2.309644807841598890e+02,2.053470105192158428e+02,2.000000000000000000e+01,1.340813000000000083e-06,0.000000000000000000e+00
2.313519441092055899e+02,2.053466230558908023e+02,2.000000000000000000e+01,1.338558000000000094e-06,0.000000000000000000e+00
2.317754495870937035e+02,2.053461995504129050e+02,2.000000000000000000e+01,1.366351999999999899e-06,0.000000000000000000e+00
2.321766339119232896e+02,2.053457983660880757e+02,2.000000000000000000e+01,1.377950000000000080e-06,0.000000000000000000e+00
2.326006727420023878e+02,2.053453743272580141e+02,2.000000000000000000e+01,1.391687000000000013e-06,0.000000000000000000e+00
2.329995364195094680e+02,2.053449754635804823e+02,2.000000000000000000e+01,1.322944000000000017e-06,0.000000000000000000e+00
2.334425093396241095e+02,2.053445324906603844e+02,2.000000000000000000e+01,1.413282000000000015e-06,0.000000000000000000e+00
2.338380405074711064e+02,2.053441369594925447e+02,2.000000000000000000e+01,1.467604000000000044e-06,0.000000000000000000e+00
2.342455678873992042e+02,2.053437294321126103e+02,2.000000000000000000e+01,1.438587999999999964e-06,0.000000000000000000e+00
2.346766463998611982e+02,2.053432983536001473e+02,2.000000000000000000e+01,1.490174000000000066e-06,0.000000000000000000e+00
2.350982531484802109e+02,2.053428767468515161e+02,2.000000000000000000e+01,1.546053999999999902e-06,0.000000000000000000e+00
2.355153551501377081e+02,2.053424596448498676e+02,2.000000000000000000e+01,1.537554999999999927e-06,0.000000000000000000e+00
2.359341205104036874e+02,2.053420408794895877e+02,2.000000000000000000e+01,1.489970999999999969e-06,0.000000000000000000e+00
2.363217553227310930e+02,2.053416532446772749e+02,2.000000000000000000e+01,1.484513999999999895e-06,0.000000000000000000e+00
2.367650273235792895e+02,2.053412099726764097e+02,2.000000000000000000e+01,1.489490000000000032e-06,0.000000000000000000e+00
2.371932155589772719e+02,2.053407817844410204e+02,2.000000000000000000e+01,1.514242999999999962e-06,0.000000000000000000e+00
2.375861232048474392e+02,2.053403888767951457e+02,2.000000000000000000e+01,1.560358000000000028e-06,0.000000000000000000e+00
2.380315377248812467e+02,2.053399434622751301e+02,2.000000000000000000e+01,1.508640999999999910e-06,0.000000000000000000e+00
2.384540938646592849e+02,2.053395209061353341e+02,2.000000000000000000e+01,1.469714000000000054e-06,0.000000000000000000e+00
2.388696480619185252e+02,2.053391053519380876e+02,2.000000000000000000e+01,1.369814999999999988e-06,0.000000000000000000e+00
2.393011590999306009e+02,2.053386738409000714e+02,2.000000000000000000e+01,1.474633000000000099e-06,0.000000000000000000e+00
2.397278480400773901e+02,2.053382471519599335e+02,2.000000000000000000e+01,1.499677000000000016e-06,0.000000000000000000e+00
2.401290557076266055e+02,2.053378459442923827e+02,2.000000000000000000e+01,1.570427999999999959e-06,0.000000000000000000e+00
2.405711129543926461e+02,2.053374038870456104e+02,2.000000000000000000e+01,1.560997999999999907e-06,0.000000000000000000e+00
2.409771668095135908e+02,2.053369978331904804e+02,2.000000000000000000e+01,1.546665000000000039e-06,0.000000000000000000e+00
2.413897047975190446e+02,2.053365852952024966e+02,2.000000000000000000e+01,1.612249999999999895e-06,0.000000000000000000e+00
2.417993017558625013e+02,2.053361756982441477e+02,2.000000000000000000e+01,1.587235999999999960e-06,0.000000000000000000e+00
2.422028994448299954e+02,2.053357721005551753e+02,2.000000000000000000e+01,1.577151000000000038e-06,0.000000000000000000e+00
2.426468100520062876e+02,2.053353281899480010e+02,2.000000000000000000e+01,1.656634000000000036e-06,0.000000000000000000e+00
2.430416782465705978e+02,2.053349333217534252e+02,2.000000000000000000e+01,1.678374000000000018e-06,0.000000000000000000e+00
2.434665508991059539e+02,2.053345084491008947e+02,2.000000000000000000e+01,1.651714999999999991e-06,0.000000000000000000e+00
2.438808270529808340e+02,2.053340941729470330e+02,2.000000000000000000e+01,1.678679999999999994e-06,0.000000000000000000e+00
2.442697309084740311e+02,2.053337052690915243e+02,2.000000000000000000e+01,1.661276000000000059e-06,0.000000000000000000e+00
2.447167763963835228e+02,2.053332582236036217e+02,2.000000000000000000e+01,1.780703000000000034e-06,0.000000000000000000e+00
2.451379277021251539e+02,2.053328370722978775e+02,2.000000000000000000e+01,1.750348000000000051e-06,0.000000000000000000e+00
2.455392555795701242e+02,2.053324357444204225e+02,2.000000000000000000e+01,1.742301000000000058e-06,0.000000000000000000e+00
2.459869435110133224e+02,2.053319880564889957e+02,2.000000000000000000e+01,1.809109000000000004e-06,0.000000000000000000e+00
2.463741500654703884e+02,2.053316008499345457e+02,2.000000000000000000e+01,1.590714000000000039e-06,0.000000000000000000e+00
2.467897042627296003e+02,2.053311852957372707e+02,2.000000000000000000e+01,1.568317999999999949e-06,0.000000000000000000e+00
2.472136154427359997e+02,2.053307613845572632e+02,2.000000000000000000e+01,1.620065000000000048e-06,0.000000000000000000e+00
2.476589705117011704e+02,2.053303160294883014e+02,2.000000000000000000e+01,1.738372000000000023e-06,0.000000000000000000e+00
2.480899647750631232e+02,2.053298850352249474e+02,2.000000000000000000e+01,1.768582000000000027e-06,0.000000000000000000e+00
2.484814496948877718e+02,2.053294935503051022e+02,2.000000000000000000e+01,1.692300000000000086e-06,0.000000000000000000e+00
2.489224341275941867e+02,2.053290525658724164e+02,2.000000000000000000e+01,1.847438000000000082e-06,0.000000000000000000e+00
2.493379842128979647e+02,2.053286370157871090e+02,2.000000000000000000e+01,1.867826000000000013e-06,0.000000000000000000e+00
2.497316066206786900e+02,2.053282433933793243e+02,2.000000000000000000e+01,1.911540000000000082e-06,0.000000000000000000e+00
2.501606099473010829e+02,2.053278143900527084e+02,2.000000000000000000e+01,1.872744000000000030e-06,0.000000000000000000e+00
2.505915108535739080e+02,2.053273834891464276e+02,2.000000000000000000e+01,1.907391999999999932e-06,0.000000000000000000e+00
2.509994066014600094e+02,2.053269755933985437e+02,2.000000000000000000e+01,1.839973000000000061e-06,0.000000000000000000e+00
2.514146103151588818e+02,2.053265603896848575e+02,2.000000000000000000e+01,1.932944999999999922e-06,0.000000000000000000e+00
2.518021000530110030e+02,2.053261728999469824e+02,2.000000000000000000e+01,1.809719999999999929e-06,0.000000000000000000e+00
2.522456286705312891e+02,2.053257293713294587e+02,2.000000000000000000e+01,1.834996999999999924e-06,0.000000000000000000e+00
2.526693715422600519e+02,2.053253056284577553e+02,2.000000000000000000e+01,1.830922000000000094e-06,0.000000000000000000e+00
2.530681181564885094e+02,2.053249068818435035e+02,2.000000000000000000e+01,1.715699999999999938e-06,0.000000000000000000e+00
2.534916065459576942e+02,2.053244833934540452e+02,2.000000000000000000e+01,1.849548000000000092e-06,0.000000000000000000e+00
2.539007721315955166e+02,2.053240742278684081e+02,2.000000000000000000e+01,1.826716000000000037e-06,0.000000000000000000e+00
2.543220450848176881e+02,2.053236529549151896e+02,2.000000000000000000e+01,1.998283999999999975e-06,0.000000000000000000e+00
2.547400721285592908e+02,2.053232349278714537e+02,2.000000000000000000e+01,1.769935000000000106e-06,0.000000000000000000e+00
2.551569383897260934e+02,2.053228180616102634e+02,2.000000000000000000e+01,1.999767999999999858e-06,0.000000000000000000e+00
2.555793829689228289e+02,2.053223956170310771e+02,2.000000000000000000e+01,2.064480000000000180e-06,0.000000000000000000e+00
2.560098310546290463e+02,2.053219651689453826e+02,2.000000000000000000e+01,2.017507000000000147e-06,0.000000000000000000e+00
2.564095526526717777e+02,2.053215654473473251e+02,2.000000000000000000e+01,1.954627999999999813e-06,0.000000000000000000e+00
2.568150544808757445e+02,2.053211599455191276e+02,2.000000000000000000e+01,2.033949999999999813e-06,0.000000000000000000e+00
2.572563965665460159e+02,2.053207186034334484e+02,2.000000000000000000e+01,2.001469999999999829e-06,0.000000000000000000e+00
2.576557785138004419e+02,2.053203192214862156e+02,2.000000000000000000e+01,1.990308999999999853e-06,0.000000000000000000e+00
2.580797715289008920e+02,2.053198952284710970e+02,2.000000000000000000e+01,1.949942000000000058e-06,0.000000000000000000e+00
2.585261500709158327e+02,2.053194488499290742e+02,2.000000000000000000e+01,1.955457000000000038e-06,0.000000000000000000e+00
2.589475036874470106e+02,2.053190274963125432e+02,2.000000000000000000e+01,1.992971999999999881e-06,0.000000000000000000e+00
2.593350000413497014e+02,2.053186399999586627e+02,2.000000000000000000e+01,2.017185999999999968e-06,0.000000000000000000e+00
2.597499932389234232e+02,2.053182250067610823e+02,2.000000000000000000e+01,1.892331000000000085e-06,0.000000000000000000e+00
2.601989861742885068e+02,2.053177760138257213e+02,2.000000000000000000e+01,1.900188999999999943e-06,0.000000000000000000e+00
2.606227230821345984e+02,2.053173522769178589e+02,2.000000000000000000e+01,2.024535000000000175e-06,0.000000000000000000e+00
2.610214658695548451e+02,2.053169535341304481e+02,2.000000000000000000e+01,1.965396000000000164e-06,0.000000000000000000e+00
2.614671774151823342e+02,2.053165078225848106e+02,2.000000000000000000e+01,2.110552000000000118e-06,0.000000000000000000e+00
2.618694513876762358e+02,2.053161055486123132e+02,2.000000000000000000e+01,1.979059999999999988e-06,0.000000000000000000e+00
2.622704931725289157e+02,2.053157045068274726e+02,2.000000000000000000e+01,1.950466000000000123e-06,0.000000000000000000e+00
2.626976699512047162e+02,2.053152773300487866e+02,2.000000000000000000e+01,1.886889000000000003e-06,0.000000000000000000e+00
2.631058450764459735e+02,2.053148691549235423e+02,2.000000000000000000e+01,1.862398000000000104e-06,0.000000000000000000e+00
2.635362931621522193e+02,2.053144387068378478e+02,2.000000000000000000e+01,1.838969000000000087e-06,0.000000000000000000e+00
2.639386648402872311e+02,2.053140363351597273e+02,2.000000000000000000e+01,1.850944999999999903e-06,0.000000000000000000e+00
2.643473946310432439e+02,2.053136276053689642e+02,2.000000000000000000e+01,1.687527000000000047e-06,0.000000000000000000e+00
2.647830867941877955e+02,2.053131919132058272e+02,2.000000000000000000e+01,1.776323000000000043e-06,0.000000000000000000e+00
2.651685425131208262e+02,2.053128064574868858e+02,2.000000000000000000e+01,1.728884000000000064e-06,0.000000000000000000e+00
2.656091334141221409e+02,2.053123658665858784e+02,2.000000000000000000e+01,1.859355999999999990e-06,0.000000000000000000e+00
2.660482277430768931e+02,2.053119267722569248e+02,2.000000000000000000e+01,1.718682999999999906e-06,0.000000000000000000e+00
2.664517952023749103e+02,2.053115232047976235e+02,2.000000000000000000e+01,1.577485999999999968e-06,0.000000000000000000e+00
2.668676207108966878e+02,2.053111073792890977e+02,2.000000000000000000e+01,1.623192999999999995e-06,0.000000000000000000e+00
2.672826124059692461e+02,2.053106923875940311e+02,2.000000000000000000e+01,1.681881000000000050e-06,0.000000000000000000e+00
2.677280945556907454e+02,2.053102469054443020e+02,2.000000000000000000e+01,1.679596999999999896e-06,0.000000000000000000e+00
2.681155333625382013e+02,2.053098594666374765e+02,2.000000000000000000e+01,1.683947999999999933e-06,0.000000000000000000e+00
2.685508238822491194e+02,2.053094241761177443e+02,2.000000000000000000e+01,1.556428999999999994e-06,0.000000000000000000e+00
2.689995192769104619e+02,2.053089754807230918e+02,2.000000000000000000e+01,1.606283999999999959e-06,0.000000000000000000e+00
2.693850569715896768e+02,2.053085899430284087e+02,2.000000000000000000e+01,1.611929999999999956e-06,0.000000000000000000e+00
2.698031138420760158e+02,2.053081718861579361e+02,2.000000000000000000e+01,1.616324999999999936e-06,0.000000000000000000e+00
2.702241320587278892e+02,2.053077508679412801e+02,2.000000000000000000e+01,1.660183999999999985e-06,0.000000000000000000e+00
2.706320797813970671e+02,2.053073429202186162e+02,2.000000000000000000e+01,1.659630999999999967e-06,0.000000000000000000e+00
2.710629813063844722e+02,2.053069120186936232e+02,2.000000000000000000e+01,1.611245999999999921e-06,0.000000000000000000e+00
2.714680226022234137e+02,2.053065069773977882e+02,2.000000000000000000e+01,1.639782999999999907e-06,0.000000000000000000e+00
2.718800178821533677e+02,2.053060949821178554e+02,2.000000000000000000e+01,1.605439999999999955e-06,0.000000000000000000e+00
2.723100084110081980e+02,2.053056649915889977e+02,2.000000000000000000e+01,1.473847000000000002e-06,0.000000000000000000e+00
2.727147516706028227e+02,2.053052602483294038e+02,2.000000000000000000e+01,1.329738999999999967e-06,0.000000000000000000e+00
2.731384885784489143e+02,2.053048365114215414e+02,2.000000000000000000e+01,1.316526000000000099e-06,0.000000000000000000e+00
2.735369866743004081e+02,2.053044380133256936e+02,2.000000000000000000e+01,1.365871999999999990e-06,0.000000000000000000e+00
2.739844162849872760e+02,2.053039905837150059e+02,2.000000000000000000e+01,1.291832000000000103e-06,0.000000000000000000e+00
2.743847165972470634e+02,2.053035902834027411e+02,2.000000000000000000e+01,1.249266999999999986e-06,0.000000000000000000e+00
2.747874545614546946e+02,2.053031875454385613e+02,2.000000000000000000e+01,1.303692000000000104e-06,0.000000000000000000e+00
2.752113245647365147e+02,2.053027636754352727e+02,2.000000000000000000e+01,1.292006000000000035e-06,0.000000000000000000e+00
2.756561931179923022e+02,2.053023188068819991e+02,2.000000000000000000e+01,1.320003999999999966e-06,0.000000000000000000e+00
2.760499431927306091e+02,2.053019250568072778e+02,2.000000000000000000e+01,1.356952000000000040e-06,0.000000000000000000e+00
2.764768674827046766e+02,2.053014981325173096e+02,2.000000000000000000e+01,1.283769999999999908e-06,0.000000000000000000e+00
2.768894705922664912e+02,2.053010855294077430e+02,2.000000000000000000e+01,1.326784999999999952e-06,0.000000000000000000e+00
2.773026618025668881e+02,2.053006723381974439e+02,2.000000000000000000e+01,1.299951999999999993e-06,0.000000000000000000e+00
2.777269096686466696e+02,2.053002480903313653e+02,2.000000000000000000e+01,1.249979999999999974e-06,0.000000000000000000e+00
2.781596789017805236e+02,2.052998153210982082e+02,2.000000000000000000e+01,1.372405999999999935e-06,0.000000000000000000e+00
2.785676266244497015e+02,2.052994073733755442e+02,2.000000000000000000e+01,1.314882000000000034e-06,0.000000000000000000e+00
2.789982027322607223e+02,2.052989767972677555e+02,2.000000000000000000e+01,1.275416999999999939e-06,0.000000000000000000e+00
2.794137503029660365e+02,2.052985612496970305e+02,2.000000000000000000e+01,1.202061000000000086e-06,0.000000000000000000e+00
2.798461183501514711e+02,2.052981288816498591e+02,2.000000000000000000e+01,1.254389999999999945e-06,0.000000000000000000e+00
2.802682830196699229e+02,2.052977067169803433e+02,2.000000000000000000e+01,1.273758000000000096e-06,0.000000000000000000e+00
2.806688536405925447e+02,2.052973061463594036e+02,2.000000000000000000e+01,1.263339000000000060e-06,0.000000000000000000e+00
2.811069062306174260e+02,2.052968680937693762e+02,2.000000000000000000e+01,1.189836999999999989e-06,0.000000000000000000e+00
2.815150762611148139e+02,2.052964599237388938e+02,2.000000000000000000e+01,1.207764999999999989e-06,0.000000000000000000e+00
2.819334245521774847e+02,2.052960415754478163e+02,2.000000000000000000e+01,1.203428999999999943e-06,0.000000000000000000e+00
2.823385722748092235e+02,2.052956364277251851e+02,2.000000000000000000e+01,1.230116999999999923e-06,0.000000000000000000e+00
2.827384642970224036e+02,2.052952365357029691e+02,2.000000000000000000e+01,1.190680999999999993e-06,0.000000000000000000e+00
2.831691397853006720e+02,2.052948058602146943e+02,2.000000000000000000e+01,1.147011000000000079e-06,0.000000000000000000e+00
2.835775423131140087e+02,2.052943974576868982e+02,2.000000000000000000e+01,1.162407000000000067e-06,0.000000000000000000e+00
2.840084452039644134e+02,2.052939665547960431e+02,2.000000000000000000e+01,1.133056000000000058e-06,0.000000000000000000e+00
2.844258695364062532e+02,2.052935491304635889e+02,2.000000000000000000e+01,1.250707999999999952e-06,0.000000000000000000e+00
2.848139165308664928e+02,2.052931610834691298e+02,2.000000000000000000e+01,1.191015999999999923e-06,0.000000000000000000e+00
2.852565123729096399e+02,2.052927184876270985e+02,2.000000000000000000e+01,1.211722999999999977e-06,0.000000000000000000e+00
2.856800093954864224e+02,2.052922949906045176e+02,2.000000000000000000e+01,1.229899000000000047e-06,0.000000000000000000e+00
2.860785031971182661e+02,2.052918964968028774e+02,2.000000000000000000e+01,1.173043999999999979e-06,0.000000000000000000e+00
2.865024902483360734e+02,2.052914725097516566e+02,2.000000000000000000e+01,1.175881999999999968e-06,0.000000000000000000e+00
2.869455371590638038e+02,2.052910294628409247e+02,2.000000000000000000e+01,1.153370000000000064e-06,0.000000000000000000e+00
2.873608067919527116e+02,2.052906141932080573e+02,2.000000000000000000e+01,1.182998000000000096e-06,0.000000000000000000e+00
2.877487283861476612e+02,2.052902262716138466e+02,2.000000000000000000e+01,1.193606000000000054e-06,0.000000000000000000e+00
2.881792828765370587e+02,2.052897957171234680e+02,2.000000000000000000e+01,1.218824999999999931e-06,0.000000000000000000e+00
2.886209544636084274e+02,2.052893540455363848e+02,2.000000000000000000e+01,9.989453000000000849e-07,0.000000000000000000e+00
2.890408612556656749e+02,2.052889341387443380e+02,2.000000000000000000e+01,1.252715999999999900e-06,0.000000000000000000e+00
2.894436851335877918e+02,2.052885313148664181e+02,2.000000000000000000e+01,1.198539000000000063e-06,0.000000000000000000e+00
2.898807523524266117e+02,2.052880942476475639e+02,2.000000000000000000e+01,1.228719999999999901e-06,0.000000000000000000e+00
2.902914246526717648e+02,2.052876835753473301e+02,2.000000000000000000e+01,1.258013000000000003e-06,0.000000000000000000e+00
2.906956018928238450e+02,2.052872793981071879e+02,2.000000000000000000e+01,1.238411999999999986e-06,0.000000000000000000e+00
2.911265047836741928e+02,2.052868484952163328e+02,2.000000000000000000e+01,1.216060000000000051e-06,0.000000000000000000e+00
2.915349065544760379e+02,2.052864400934455205e+02,2.000000000000000000e+01,1.241759000000000049e-06,0.000000000000000000e+00
2.919582166796553793e+02,2.052860167833203491e+02,2.000000000000000000e+01,1.255902999999999993e-06,0.000000000000000000e+00
2.923613835597224124e+02,2.052856136164402869e+02,2.000000000000000000e+01,1.298859999999999919e-06,0.000000000000000000e+00
2.927609730198531111e+02,2.052852140269801566e+02,2.000000000000000000e+01,1.317631999999999923e-06,0.000000000000000000e+00
2.932086141832060662e+02,2.052847663858167948e+02,2.000000000000000000e+01,1.320760999999999898e-06,0.000000000000000000e+00
2.935978251954023222e+02,2.052843771748046038e+02,2.000000000000000000e+01,1.237961000000000030e-06,0.000000000000000000e+00
2.940316045936210116e+02,2.052839433954063679e+02,2.000000000000000000e+01,1.325227999999999960e-06,0.000000000000000000e+00
2.944553474653498597e+02,2.052835196525346646e+02,2.000000000000000000e+01,1.357562999999999965e-06,0.000000000000000000e+00
2.948545875324427357e+02,2.052831204124675537e+02,2.000000000000000000e+01,1.321372000000000035e-06,0.000000000000000000e+00
2.952814744559598807e+02,2.052826935255440333e+02,2.000000000000000000e+01,1.373700999999999894e-06,0.000000000000000000e+00
2.957064271917764131e+02,2.052822685728082206e+02,2.000000000000000000e+01,1.311637000000000034e-06,0.000000000000000000e+00
2.961010657786259799e+02,2.052818739342213803e+02,2.000000000000000000e+01,1.266337000000000019e-06,0.000000000000000000e+00
2.965455052078680183e+02,2.052814294947921212e+02,2.000000000000000000e+01,1.298306999999999901e-06,0.000000000000000000e+00
2.969708873772099764e+02,2.052810041126227816e+02,2.000000000000000000e+01,1.349413999999999910e-06,0.000000000000000000e+00
2.973581005582209400e+02,2.052806168994417817e+02,2.000000000000000000e+01,1.331848999999999977e-06,0.000000000000000000e+00
2.977733635645558934e+02,2.052802016364354358e+02,2.000000000000000000e+01,1.366569999999999987e-06,0.000000000000000000e+00
2.982197758633522540e+02,2.052797552241366361e+02,2.000000000000000000e+01,1.399631999999999943e-06,0.000000000000000000e+00
2.986437695994656565e+02,2.052793312304005440e+02,2.000000000000000000e+01,1.385807999999999938e-06,0.000000000000000000e+00
2.990427609980915804e+02,2.052789322390019038e+02,2.000000000000000000e+01,1.381441999999999910e-06,0.000000000000000000e+00
2.994911108755003397e+02,2.052784838891245158e+02,2.000000000000000000e+01,1.335821999999999956e-06,0.000000000000000000e+00
2.999066584462056539e+02,2.052780683415537908e+02,2.000000000000000000e+01,1.403880999999999917e-06,0.000000000000000000e+00
3.003219280790945618e+02,2.052776530719208949e+02,2.000000000000000000e+01,1.461827000000000031e-06,0.000000000000000000e+00
3.007195646001232490e+02,2.052772554353998657e+02,2.000000000000000000e+01,1.504085999999999960e-06,0.000000000000000000e+00
3.011474731738630908e+02,2.052768275268261391e+02,2.000000000000000000e+01,1.397901000000000018e-06,0.000000000000000000e+00
3.015859616641221237e+02,2.052763890383358785e+02,2.000000000000000000e+01,1.273408999999999991e-06,0.000000000000000000e+00
3.019863183656827914e+02,2.052759886816343169e+02,2.000000000000000000e+01,1.275285999999999922e-06,0.000000000000000000e+00
3.024087027911637051e+02,2.052755662972088260e+02,2.000000000000000000e+01,1.394059000000000056e-06,0.000000000000000000e+00
3.028074399103053338e+02,2.052751675600896988e+02,2.000000000000000000e+01,1.217195000000000041e-06,0.000000000000000000e+00
3.032311781884109791e+02,2.052747438218115974e+02,2.000000000000000000e+01,1.350664999999999925e-06,0.000000000000000000e+00
3.036501425696280876e+02,2.052743248574303720e+02,2.000000000000000000e+01,1.432664999999999945e-06,0.000000000000000000e+00
3.040717414686619122e+02,2.052739032585313339e+02,2.000000000000000000e+01,1.364794999999999907e-06,0.000000000000000000e+00
3.045024154010973803e+02,2.052734725845988919e+02,2.000000000000000000e+01,1.375854000000000033e-06,0.000000000000000000e+00
3.049016493656814646e+02,2.052730733506343199e+02,2.000000000000000000e+01,1.377338999999999943e-06,0.000000000000000000e+00
3.053059908606568342e+02,2.052726690091393493e+02,2.000000000000000000e+01,1.316541000000000089e-06,0.000000000000000000e+00
3.057264810600277656e+02,2.052722485189399606e+02,2.000000000000000000e+01,1.351538000000000095e-06,0.000000000000000000e+00
3.061442728632487160e+02,2.052718307271367451e+02,2.000000000000000000e+01,1.381341000000000087e-06,0.000000000000000000e+00
3.065655639877686554e+02,2.052714094360122203e+02,2.000000000000000000e+01,1.300737000000000062e-06,0.000000000000000000e+00
3.069954037819068162e+02,2.052709795962180976e+02,2.000000000000000000e+01,1.160137000000000087e-06,0.000000000000000000e+00
3.074387232401198276e+02,2.052705362767598842e+02,2.000000000000000000e+01,1.339315000000000026e-06,0.000000000000000000e+00
3.078355394730107832e+02,2.052701394605269911e+02,2.000000000000000000e+01,1.276640000000000028e-06,0.000000000000000000e+00
3.082428416928288470e+02,2.052697321583071641e+02,2.000000000000000000e+01,1.325955999999999939e-06,0.000000000000000000e+00
3.086741681056580546e+02,2.052693008318943555e+02,2.000000000000000000e+01,1.431078999999999999e-06,0.000000000000000000e+00
3.091050655748085774e+02,2.052688699344251972e+02,2.000000000000000000e+01,1.254229999999999975e-06,0.000000000000000000e+00
3.095127858949057895e+02,2.052684622141050852e+02,2.000000000000000000e+01,1.003106999999999957e-06,0.000000000000000000e+00
3.099311700487701273e+02,2.052680438299512389e+02,2.000000000000000000e+01,1.309162999999999929e-06,0.000000000000000000e+00
3.103464378572375040e+02,2.052676285621427610e+02,2.000000000000000000e+01,1.250882999999999912e-06,0.000000000000000000e+00
3.107381599984096283e+02,2.052672368400016012e+02,2.000000000000000000e+01,1.305495999999999926e-06,0.000000000000000000e+00
3.111845356921682537e+02,2.052667904643078316e+02,2.000000000000000000e+01,1.304710000000000041e-06,0.000000000000000000e+00
3.115904352599248455e+02,2.052663845647400649e+02,2.000000000000000000e+01,1.287582999999999917e-06,0.000000000000000000e+00
3.120075151620983434e+02,2.052659674848379154e+02,2.000000000000000000e+01,1.365988000000000016e-06,0.000000000000000000e+00
3.124513983491928570e+02,2.052655236016508127e+02,2.000000000000000000e+01,1.283523000000000078e-06,0.000000000000000000e+00
3.128302504525394170e+02,2.052651447495474599e+02,2.000000000000000000e+01,1.355292999999999985e-06,0.000000000000000000e+00
3.132547149765420045e+02,2.052647202850234578e+02,2.000000000000000000e+01,1.328721000000000030e-06,0.000000000000000000e+00
3.136843057751946731e+02,2.052642906942247976e+02,2.000000000000000000e+01,1.262233000000000024e-06,0.000000000000000000e+00
3.140924829060941192e+02,2.052638825170939185e+02,2.000000000000000000e+01,1.345514000000000040e-06,0.000000000000000000e+00
3.145236062841032094e+02,2.052634513937159113e+02,2.000000000000000000e+01,1.353546000000000042e-06,0.000000000000000000e+00
3.149249647882821250e+02,2.052630500352117338e+02,2.000000000000000000e+01,1.392152999999999959e-06,0.000000000000000000e+00
3.153318947837149722e+02,2.052626431052162843e+02,2.000000000000000000e+01,1.456529999999999927e-06,0.000000000000000000e+00
3.157474489401661231e+02,2.052622275510598229e+02,2.000000000000000000e+01,1.389023999999999984e-06,0.000000000000000000e+00
3.161632836769909431e+02,2.052618117163230238e+02,2.000000000000000000e+01,1.387132000000000063e-06,0.000000000000000000e+00
3.165944353920656340e+02,2.052613805646079470e+02,2.000000000000000000e+01,1.370862999999999905e-06,0.000000000000000000e+00
3.170184224432834412e+02,2.052609565775567262e+02,2.000000000000000000e+01,1.389925999999999896e-06,0.000000000000000000e+00
3.174244679594890499e+02,2.052605505320405257e+02,2.000000000000000000e+01,1.483728000000000010e-06,0.000000000000000000e+00
3.178507307636440373e+02,2.052601242692363712e+02,2.000000000000000000e+01,1.516687999999999903e-06,0.000000000000000000e+00
3.182662779028837576e+02,2.052597087220971162e+02,2.000000000000000000e+01,1.482752999999999990e-06,0.000000000000000000e+00
3.186939928466709944e+02,2.052592810071533336e+02,2.000000000000000000e+01,1.429172999999999903e-06,0.000000000000000000e+00
3.191368866585557953e+02,2.052588381133414543e+02,2.000000000000000000e+01,1.385545999999999905e-06,0.000000000000000000e+00
3.195395878092612634e+02,2.052584354121907495e+02,2.000000000000000000e+01,1.379944000000000065e-06,0.000000000000000000e+00
3.199628333396946687e+02,2.052580121666603077e+02,2.000000000000000000e+01,1.460167999999999976e-06,0.000000000000000000e+00
3.203976210247303129e+02,2.052575773789752702e+02,2.000000000000000000e+01,1.365507999999999895e-06,0.000000000000000000e+00
3.208068575490827357e+02,2.052571681424509222e+02,2.000000000000000000e+01,1.350563000000000074e-06,0.000000000000000000e+00
3.212098591429563044e+02,2.052567651408570555e+02,2.000000000000000000e+01,1.527995000000000098e-06,0.000000000000000000e+00
3.216407611632799330e+02,2.052563342388367289e+02,2.000000000000000000e+01,1.181048000000000055e-06,0.000000000000000000e+00
3.220489362885211904e+02,2.052559260637114846e+02,2.000000000000000000e+01,1.310633000000000060e-06,0.000000000000000000e+00
3.224753588782569409e+02,2.052554996411217587e+02,2.000000000000000000e+01,1.446459999999999997e-06,0.000000000000000000e+00
3.228768154679262352e+02,2.052550981845320734e+02,2.000000000000000000e+01,1.348656999999999978e-06,0.000000000000000000e+00
3.232786755056060883e+02,2.052546963244944038e+02,2.000000000000000000e+01,1.367822000000000031e-06,0.000000000000000000e+00
3.236871216650763472e+02,2.052542878783349352e+02,2.000000000000000000e+01,1.408523999999999967e-06,0.000000000000000000e+00
3.241230375228416847e+02,2.052538519624771709e+02,2.000000000000000000e+01,1.404855999999999937e-06,0.000000000000000000e+00
3.245470316599074181e+02,2.052534279683401053e+02,2.000000000000000000e+01,1.437991000000000002e-06,0.000000000000000000e+00
3.249504806835679460e+02,2.052530245193164262e+02,2.000000000000000000e+01,1.415625000000000105e-06,0.000000000000000000e+00
3.253692655416398338e+02,2.052526057344583705e+02,2.000000000000000000e+01,1.438530000000000057e-06,0.000000000000000000e+00
3.257977872526308261e+02,2.052521772127473696e+02,2.000000000000000000e+01,1.274340000000000067e-06,0.000000000000000000e+00
3.262016675522334594e+02,2.052517733324477547e+02,2.000000000000000000e+01,1.362438000000000067e-06,0.000000000000000000e+00
3.266279490863351498e+02,2.052513470509136653e+02,2.000000000000000000e+01,1.450695000000000008e-06,0.000000000000000000e+00
3.270588519771854976e+02,2.052509161480228101e+02,2.000000000000000000e+01,1.410852000000000066e-06,0.000000000000000000e+00
3.274874781116972144e+02,2.052504875218883171e+02,2.000000000000000000e+01,1.421766000000000001e-06,0.000000000000000000e+00
3.278975905638625363e+02,2.052500774094361304e+02,2.000000000000000000e+01,1.503939999999999953e-06,0.000000000000000000e+00
3.282905101746760010e+02,2.052496844898253130e+02,2.000000000000000000e+01,1.454348000000000047e-06,0.000000000000000000e+00
3.287354526720580452e+02,2.052492395473279316e+02,2.000000000000000000e+01,1.458247000000000101e-06,0.000000000000000000e+00
3.291676780759471512e+02,2.052488073219240619e+02,2.000000000000000000e+01,1.450491000000000094e-06,0.000000000000000000e+00
3.295581879624991188e+02,2.052484168120375045e+02,2.000000000000000000e+01,1.476276999999999952e-06,0.000000000000000000e+00
3.300063012868946544e+02,2.052479686987130947e+02,2.000000000000000000e+01,1.488296999999999923e-06,0.000000000000000000e+00
3.304229712428764287e+02,2.052475520287571271e+02,2.000000000000000000e+01,1.392124000000000006e-06,0.000000000000000000e+00
3.308104557351499011e+02,2.052471645442648480e+02,2.000000000000000000e+01,1.470805999999999916e-06,0.000000000000000000e+00
3.312299166167859426e+02,2.052467450833832174e+02,2.000000000000000000e+01,1.510197999999999902e-06,0.000000000000000000e+00
3.316380921775714796e+02,2.052463369078224389e+02,2.000000000000000000e+01,1.462597999999999926e-06,0.000000000000000000e+00
3.320756445964836985e+02,2.052458993554035089e+02,2.000000000000000000e+01,1.463180999999999925e-06,0.000000000000000000e+00
3.324771652671756215e+02,2.052454978347328165e+02,2.000000000000000000e+01,1.451670000000000028e-06,0.000000000000000000e+00
3.328876443395976139e+02,2.052450873556604165e+02,2.000000000000000000e+01,1.469772999999999988e-06,0.000000000000000000e+00
3.333304124173027958e+02,2.052446445875827123e+02,2.000000000000000000e+01,1.381646000000000036e-06,0.000000000000000000e+00
3.337259244402918057e+02,2.052442490755597078e+02,2.000000000000000000e+01,1.448919999999999927e-06,0.000000000000000000e+00
3.341448520852119373e+02,2.052438301479147924e+02,2.000000000000000000e+01,1.476481000000000077e-06,0.000000000000000000e+00
3.345848592795645118e+02,2.052433901407204360e+02,2.000000000000000000e+01,1.515814999999999945e-06,0.000000000000000000e+00
3.349918433112267167e+02,2.052429831566887799e+02,2.000000000000000000e+01,1.539025000000000058e-06,0.000000000000000000e+00
3.354067519317217716e+02,2.052425682480682667e+02,2.000000000000000000e+01,1.513064000000000028e-06,0.000000000000000000e+00
3.358150731191106502e+02,2.052421599268809018e+02,2.000000000000000000e+01,1.513210000000000035e-06,0.000000000000000000e+00
3.362175597805295979e+02,2.052417574402194589e+02,2.000000000000000000e+01,1.523163999999999940e-06,0.000000000000000000e+00
3.366633033288007937e+02,2.052413116966712039e+02,2.000000000000000000e+01,1.502237999999999982e-06,0.000000000000000000e+00
3.370725396540893257e+02,2.052409024603459216e+02,2.000000000000000000e+01,1.524283999999999940e-06,0.000000000000000000e+00
3.374939678615656931e+02,2.052404810321384332e+02,2.000000000000000000e+01,1.536784000000000032e-06,0.000000000000000000e+00
3.379094921090995740e+02,2.052400655078909040e+02,2.000000000000000000e+01,1.536594999999999897e-06,0.000000000000000000e+00
3.383528181938664829e+02,2.052396221818061406e+02,2.000000000000000000e+01,1.493491999999999964e-06,0.000000000000000000e+00
3.387652453339991325e+02,2.052392097546660068e+02,2.000000000000000000e+01,1.590596999999999986e-06,0.000000000000000000e+00
3.391609049162980227e+02,2.052388140950837112e+02,2.000000000000000000e+01,1.557985999999999986e-06,0.000000000000000000e+00
3.396012283231947322e+02,2.052383737716768053e+02,2.000000000000000000e+01,1.580162999999999960e-06,0.000000000000000000e+00
3.400454233809720108e+02,2.052379295766190239e+02,2.000000000000000000e+01,1.514651000000000002e-06,0.000000000000000000e+00
3.404710653038937949e+02,2.052375039346961216e+02,2.000000000000000000e+01,1.540000000000000079e-06,0.000000000000000000e+00
3.408582851114585992e+02,2.052371167148885434e+02,2.000000000000000000e+01,1.545661000000000066e-06,0.000000000000000000e+00
3.412735541200169678e+02,2.052367014458799872e+02,2.000000000000000000e+01,1.724037999999999916e-06,0.000000000000000000e+00
3.416913075018135828e+02,2.052362836924981764e+02,2.000000000000000000e+01,1.691281999999999937e-06,0.000000000000000000e+00
3.421061604637515075e+02,2.052358688395362378e+02,2.000000000000000000e+01,1.694089999999999945e-06,0.000000000000000000e+00
3.425049085858778994e+02,2.052354700914141290e+02,2.000000000000000000e+01,1.625580000000000028e-06,0.000000000000000000e+00
3.429487735870861798e+02,2.052350262264129128e+02,2.000000000000000000e+01,1.645690999999999936e-06,0.000000000000000000e+00
3.433435350419639462e+02,2.052346314649580279e+02,2.000000000000000000e+01,1.679335000000000075e-06,0.000000000000000000e+00
3.437520901590330595e+02,2.052342229098409803e+02,2.000000000000000000e+01,1.645792999999999999e-06,0.000000000000000000e+00
3.441826076363557831e+02,2.052337923923636538e+02,2.000000000000000000e+01,1.699824000000000041e-06,0.000000000000000000e+00
3.446083414678251984e+02,2.052333666585321907e+02,2.000000000000000000e+01,1.543171999999999970e-06,0.000000000000000000e+00
3.450107877420740010e+02,2.052329642122579401e+02,2.000000000000000000e+01,1.704014999999999896e-06,0.000000000000000000e+00
3.454550345588040159e+02,2.052325199654411847e+02,2.000000000000000000e+01,1.660329999999999992e-06,0.000000000000000000e+00
3.458580173782772249e+02,2.052321169826217329e+02,2.000000000000000000e+01,1.713925000000000069e-06,0.000000000000000000e+00
3.462575173727038873e+02,2.052317174826272890e+02,2.000000000000000000e+01,1.663502000000000095e-06,0.000000000000000000e+00
3.466870534388756937e+02,2.052312879465611388e+02,2.000000000000000000e+01,1.682056000000000011e-06,0.000000000000000000e+00
3.471286345910313003e+02,2.052308463654089792e+02,2.000000000000000000e+01,1.608713999999999909e-06,0.000000000000000000e+00
3.475365683605135132e+02,2.052304384316394987e+02,2.000000000000000000e+01,1.643770000000000061e-06,0.000000000000000000e+00
3.479602367916876346e+02,2.052300147632083167e+02,2.000000000000000000e+01,1.709268000000000056e-06,0.000000000000000000e+00
3.483757909889469033e+02,2.052295992090110417e+02,2.000000000000000000e+01,1.684166000000000021e-06,0.000000000000000000e+00
3.488117034427480689e+02,2.052291632965572603e+02,2.000000000000000000e+01,1.611697000000000089e-06,0.000000000000000000e+00
3.491962007387232916e+02,2.052287787992612778e+02,2.000000000000000000e+01,1.645544999999999929e-06,0.000000000000000000e+00
3.496276811004676119e+02,2.052283473188995231e+02,2.000000000000000000e+01,1.536508000000000036e-06,0.000000000000000000e+00
3.500586950101388197e+02,2.052279163049898614e+02,2.000000000000000000e+01,1.347404999999999935e-06,0.000000000000000000e+00
3.504663125973440856e+02,2.052275086874026613e+02,2.000000000000000000e+01,1.594788000000000053e-06,0.000000000000000000e+00
3.508821381058658062e+02,2.052270928618941355e+02,2.000000000000000000e+01,1.580191999999999913e-06,0.000000000000000000e+00
3.512701845653095916e+02,2.052267048154346867e+02,2.000000000000000000e+01,1.482665999999999917e-06,0.000000000000000000e+00
3.517166539030034187e+02,2.052262583460970120e+02,2.000000000000000000e+01,1.485138999999999995e-06,0.000000000000000000e+00
3.521170018169890454e+02,2.052258579981830167e+02,2.000000000000000000e+01,1.428124999999999985e-06,0.000000000000000000e+00
3.525468966731728528e+02,2.052254281033268342e+02,2.000000000000000000e+01,9.677606000000000903e-07,0.000000000000000000e+00
3.529723155109073218e+02,2.052250026844890840e+02,2.000000000000000000e+01,5.623296999999999508e-07,0.000000000000000000e+00
3.533600816497031474e+02,2.052246149183503121e+02,2.000000000000000000e+01,9.427895000000000262e-07,0.000000000000000000e+00
3.537756255117024580e+02,2.052241993744883075e+02,2.000000000000000000e+01,8.893693999999999699e-07,0.000000000000000000e+00
3.542220565108900132e+02,2.052237529434891030e+02,2.000000000000000000e+01,1.459121000000000086e-06,0.000000000000000000e+00
3.546210518173577384e+02,2.052233539481826483e+02,2.000000000000000000e+01,1.416542000000000006e-06,0.000000000000000000e+00
3.550425206648852168e+02,2.052229324793351282e+02,2.000000000000000000e+01,1.474065000000000091e-06,0.000000000000000000e+00
3.554779800927717588e+02,2.052224970199072231e+02,2.000000000000000000e+01,1.415392000000000026e-06,0.000000000000000000e+00
3.558657491494155352e+02,2.052221092508505933e+02,2.000000000000000000e+01,1.466338000000000037e-06,0.000000000000000000e+00
3.563029186888687718e+02,2.052216720813111408e+02,2.000000000000000000e+01,1.434586000000000032e-06,0.000000000000000000e+00
3.567266608549618354e+02,2.052212483391450348e+02,2.000000000000000000e+01,1.390565999999999986e-06,0.000000000000000000e+00
3.571256527169064157e+02,2.052208493472830924e+02,2.000000000000000000e+01,1.430525999999999981e-06,0.000000000000000000e+00
3.575493944103052968e+02,2.052204256055896963e+02,2.000000000000000000e+01,1.386987000000000083e-06,0.000000000000000000e+00
3.579848391653709427e+02,2.052199901608346408e+02,2.000000000000000000e+01,1.449429000000000002e-06,0.000000000000000000e+00
3.583950618077723789e+02,2.052195799381922257e+02,2.000000000000000000e+01,1.416760000000000095e-06,0.000000000000000000e+00
3.588083081065865372e+02,2.052191666918934061e+02,2.000000000000000000e+01,1.325563000000000102e-06,0.000000000000000000e+00
3.592323011216870441e+02,2.052187426988783159e+02,2.000000000000000000e+01,1.225721999999999943e-06,0.000000000000000000e+00
3.596645856337967189e+02,2.052183104143662149e+02,2.000000000000000000e+01,1.249209000000000079e-06,0.000000000000000000e+00
3.600952577662112049e+02,2.052178797422338050e+02,2.000000000000000000e+01,1.061504000000000027e-06,0.000000000000000000e+00
3.605031199455337969e+02,2.052174718800544611e+02,2.000000000000000000e+01,5.298207000000000136e-07,0.000000000000000000e+00
3.609324781912159210e+02,2.052170425218087928e+02,2.000000000000000000e+01,9.120413000000000103e-07,0.000000000000000000e+00
3.613477478241047720e+02,2.052166272521758970e+02,2.000000000000000000e+01,1.582812000000000025e-06,0.000000000000000000e+00
3.617617156802404565e+02,2.052162132843197639e+02,2.000000000000000000e+01,1.452921000000000044e-06,0.000000000000000000e+00
3.621685946616933052e+02,2.052158064053382986e+02,2.000000000000000000e+01,1.450913000000000096e-06,0.000000000000000000e+00
3.625909976637112209e+02,2.052153840023362932e+02,2.000000000000000000e+01,1.604464999999999935e-06,0.000000000000000000e+00
3.630072215289192741e+02,2.052149677784710775e+02,2.000000000000000000e+01,1.520850000000000016e-06,0.000000000000000000e+00
3.634147259890150963e+02,2.052145602740109780e+02,2.000000000000000000e+01,1.504144000000000078e-06,0.000000000000000000e+00
3.638342079458709009e+02,2.052141407920541383e+02,2.000000000000000000e+01,1.467066000000000016e-06,0.000000000000000000e+00
3.642411171182519070e+02,2.052137338828817406e+02,2.000000000000000000e+01,1.504973999999999908e-06,0.000000000000000000e+00
3.646584249782318921e+02,2.052133165750217643e+02,2.000000000000000000e+01,1.511696999999999987e-06,0.000000000000000000e+00
3.650643511603053639e+02,2.052129106488397099e+02,2.000000000000000000e+01,1.550201000000000025e-06,0.000000000000000000e+00
3.655121278212968718e+02,2.052124628721787190e+02,2.000000000000000000e+01,1.514926999999999997e-06,0.000000000000000000e+00
3.659120885822658238e+02,2.052120629114177461e+02,2.000000000000000000e+01,1.527878000000000045e-06,0.000000000000000000e+00
3.663228066738233224e+02,2.052116521933261879e+02,2.000000000000000000e+01,1.545937000000000061e-06,0.000000000000000000e+00
3.667467996889238862e+02,2.052112282003110693e+02,2.000000000000000000e+01,1.529334000000000001e-06,0.000000000000000000e+00
3.671775387183101884e+02,2.052107974612816861e+02,2.000000000000000000e+01,1.590465999999999969e-06,0.000000000000000000e+00
3.676084361874607112e+02,2.052103665638125278e+02,2.000000000000000000e+01,1.647015000000000061e-06,0.000000000000000000e+00
3.680161619292576916e+02,2.052099588380707473e+02,2.000000000000000000e+01,1.594221000000000072e-06,0.000000000000000000e+00
3.684347452593633534e+02,2.052095402547406309e+02,2.000000000000000000e+01,1.617489000000000092e-06,0.000000000000000000e+00
3.688711875495359891e+02,2.052091038124504792e+02,2.000000000000000000e+01,1.604304999999999965e-06,0.000000000000000000e+00
3.692759754122137679e+02,2.052086990245877871e+02,2.000000000000000000e+01,1.640596999999999930e-06,0.000000000000000000e+00
3.696817842267572018e+02,2.052082932157732387e+02,2.000000000000000000e+01,1.624867000000000040e-06,0.000000000000000000e+00
3.701237059548175807e+02,2.052078512940451844e+02,2.000000000000000000e+01,1.686610999999999961e-06,0.000000000000000000e+00
3.705204074377047050e+02,2.052074545925622999e+02,2.000000000000000000e+01,1.737265999999999987e-06,0.000000000000000000e+00
3.709399342391391201e+02,2.052070350657608628e+02,2.000000000000000000e+01,1.595704999999999954e-06,0.000000000000000000e+00
3.713588032460800719e+02,2.052066161967539131e+02,2.000000000000000000e+01,1.693857000000000078e-06,0.000000000000000000e+00
3.717568419285922232e+02,2.052062181580714082e+02,2.000000000000000000e+01,1.716427999999999916e-06,0.000000000000000000e+00
3.721865008054476789e+02,2.052057884991945684e+02,2.000000000000000000e+01,1.752313000000000082e-06,0.000000000000000000e+00
3.725946725621340647e+02,2.052053803274378652e+02,2.000000000000000000e+01,1.774430999999999910e-06,0.000000000000000000e+00
3.730278866213412243e+02,2.052049471133786653e+02,2.000000000000000000e+01,1.787936000000000003e-06,0.000000000000000000e+00
3.734332991416364962e+02,2.052045417008583570e+02,2.000000000000000000e+01,1.722727999999999966e-06,0.000000000000000000e+00
3.738334614042993280e+02,2.052041415385957066e+02,2.000000000000000000e+01,1.730048000000000008e-06,0.000000000000000000e+00
3.742748185600000284e+02,2.052037001814400128e+02,2.000000000000000000e+01,1.722976000000000036e-06,0.000000000000000000e+00
3.746746171703476875e+02,2.052033003828296671e+02,2.000000000000000000e+01,1.928317999999999890e-06,0.000000000000000000e+00
3.750986669280649153e+02,2.052028763330719414e+02,2.000000000000000000e+01,2.001689000000000157e-06,0.000000000000000000e+00
3.755322759580153047e+02,2.052024427240419868e+02,2.000000000000000000e+01,1.533014999999999967e-06,0.000000000000000000e+00
3.759372887790067352e+02,2.052020377112209815e+02,2.000000000000000000e+01,6.134214000000000456e-07,0.000000000000000000e+00
3.763547618750448009e+02,2.052016202381249457e+02,2.000000000000000000e+01,1.062581000000000031e-07,0.000000000000000000e+00
3.767759127879944572e+02,2.052011990872120180e+02,2.000000000000000000e+01,1.011939999999999994e-07,0.000000000000000000e+00
3.771688395779153780e+02,2.052008061604220757e+02,2.000000000000000000e+01,6.785557999999999410e-08,0.000000000000000000e+00
3.776136716812977170e+02,2.052003613283187065e+02,2.000000000000000000e+01,1.538427999999999990e-07,0.000000000000000000e+00
3.780342376023074848e+02,2.051999407623976879e+02,2.000000000000000000e+01,4.969042000000000510e-07,0.000000000000000000e+00
3.784364037195543347e+02,2.051995385962804619e+02,2.000000000000000000e+01,1.081192999999999933e-06,0.000000000000000000e+00
3.788723854258224151e+02,2.051991026145741728e+02,2.000000000000000000e+01,1.692532999999999953e-06,0.000000000000000000e+00
3.792879386174723777e+02,2.051986870613825431e+02,2.000000000000000000e+01,1.875582000000000019e-06,0.000000000000000000e+00
3.797119388293465931e+02,2.051982630611706497e+02,2.000000000000000000e+01,1.806548000000000038e-06,0.000000000000000000e+00
3.801537339151178116e+02,2.051978212660848726e+02,2.000000000000000000e+01,1.732463999999999995e-06,0.000000000000000000e+00
3.805619076977793043e+02,2.051974130923022130e+02,2.000000000000000000e+01,1.805193999999999932e-06,0.000000000000000000e+00
3.809909299758793395e+02,2.051969840700241150e+02,2.000000000000000000e+01,1.693522999999999964e-06,0.000000000000000000e+00
3.813903324796031029e+02,2.051965846675203977e+02,2.000000000000000000e+01,1.735431999999999972e-06,0.000000000000000000e+00
3.817934194163331085e+02,2.051961815805836693e+02,2.000000000000000000e+01,1.822773000000000039e-06,0.000000000000000000e+00
3.822164230031228271e+02,2.051957585769968659e+02,2.000000000000000000e+01,1.800174000000000063e-06,0.000000000000000000e+00
3.826301387650623269e+02,2.051953448612349291e+02,2.000000000000000000e+01,1.744833000000000070e-06,0.000000000000000000e+00
3.830663494211793250e+02,2.051949086505788102e+02,2.000000000000000000e+01,1.820138999999999964e-06,0.000000000000000000e+00
3.834719769402896077e+02,2.051945030230597240e+02,2.000000000000000000e+01,1.862630999999999972e-06,0.000000000000000000e+00
3.838841328173456873e+02,2.051940908671826662e+02,2.000000000000000000e+01,1.930690000000000144e-06,0.000000000000000000e+00
3.842996790712468282e+02,2.051936753209287474e+02,2.000000000000000000e+01,1.886016000000000045e-06,0.000000000000000000e+00
3.847026695495208628e+02,2.051932723304504691e+02,2.000000000000000000e+01,1.872992000000000100e-06,0.000000000000000000e+00
3.851290432027064981e+02,2.051928459567972993e+02,2.000000000000000000e+01,1.844178999999999907e-06,0.000000000000000000e+00
3.855649153839731298e+02,2.051924100846160286e+02,2.000000000000000000e+01,1.850799999999999923e-06,0.000000000000000000e+00
3.859737675998621853e+02,2.051920012324001448e+02,2.000000000000000000e+01,1.871202000000000029e-06,0.000000000000000000e+00
3.863895894083969438e+02,2.051915854105916139e+02,2.000000000000000000e+01,1.819876999999999932e-06,0.000000000000000000e+00
3.868176098249875281e+02,2.051911573901750216e+02,2.000000000000000000e+01,1.847497000000000016e-06,0.000000000000000000e+00
3.872032889958794044e+02,2.051907717110041176e+02,2.000000000000000000e+01,1.886364999999999938e-06,0.000000000000000000e+00
3.876471122230969399e+02,2.051903278877769026e+02,2.000000000000000000e+01,1.767447000000000037e-06,0.000000000000000000e+00
3.880832695996020902e+02,2.051898917304004044e+02,2.000000000000000000e+01,1.783075000000000076e-06,0.000000000000000000e+00
3.885070742382748108e+02,2.051894679257617327e+02,2.000000000000000000e+01,1.732332999999999978e-06,0.000000000000000000e+00
3.889143769730878262e+02,2.051890606230269043e+02,2.000000000000000000e+01,1.692199000000000051e-06,0.000000000000000000e+00
3.893295491865069948e+02,2.051886454508134818e+02,2.000000000000000000e+01,1.730732000000000042e-06,0.000000000000000000e+00
3.897536624672640073e+02,2.051882213375327524e+02,2.000000000000000000e+01,1.804292000000000021e-06,0.000000000000000000e+00
3.901685790795777393e+02,2.051878064209204240e+02,2.000000000000000000e+01,1.752224999999999982e-06,0.000000000000000000e+00
3.905918470837760879e+02,2.051873831529162260e+02,2.000000000000000000e+01,1.725871999999999931e-06,0.000000000000000000e+00
3.910108117004619430e+02,2.051869641882995268e+02,2.000000000000000000e+01,1.670646999999999965e-06,0.000000000000000000e+00
3.914108853150123082e+02,2.051865641146849839e+02,2.000000000000000000e+01,1.703417999999999934e-06,0.000000000000000000e+00
3.918443095056591119e+02,2.051861306904943376e+02,2.000000000000000000e+01,1.753753000000000021e-06,0.000000000000000000e+00
3.922365590107945650e+02,2.051857384409892120e+02,2.000000000000000000e+01,1.714347000000000071e-06,0.000000000000000000e+00
3.926660107430058133e+02,2.051853089892570097e+02,2.000000000000000000e+01,1.656414999999999920e-06,0.000000000000000000e+00
3.930888390068187164e+02,2.051848861609931873e+02,2.000000000000000000e+01,1.685563000000000043e-06,0.000000000000000000e+00
3.935050840009985791e+02,2.051844699159990171e+02,2.000000000000000000e+01,1.694018000000000075e-06,0.000000000000000000e+00
3.939350825456569964e+02,2.051840399174543563e+02,2.000000000000000000e+01,1.690815999999999991e-06,0.000000000000000000e+00
3.943153145667938588e+02,2.051836596854332129e+02,2.000000000000000000e+01,1.640350000000000100e-06,0.000000000000000000e+00
3.947393088849659080e+02,2.051832356911150441e+02,2.000000000000000000e+01,1.557723999999999953e-06,0.000000000000000000e+00
3.951707291431545173e+02,2.051828042708568489e+02,2.000000000000000000e+01,1.487321999999999903e-06,0.000000000000000000e+00
3.955786768658238088e+02,2.051823963231341850e+02,2.000000000000000000e+01,1.568477999999999918e-06,0.000000000000000000e+00
3.960093469324021953e+02,2.051819656530676070e+02,2.000000000000000000e+01,1.581894999999999912e-06,0.000000000000000000e+00
3.964012930673384858e+02,2.051815737069326531e+02,2.000000000000000000e+01,1.443303000000000096e-06,0.000000000000000000e+00
3.968277692708139739e+02,2.051811472307291808e+02,2.000000000000000000e+01,1.511987999999999973e-06,0.000000000000000000e+00
3.972445372908263153e+02,2.051807304627091639e+02,2.000000000000000000e+01,1.239153999999999927e-06,0.000000000000000000e+00
3.976754348784455146e+02,2.051802995651215440e+02,2.000000000000000000e+01,1.446663999999999910e-06,0.000000000000000000e+00
3.980833826011146925e+02,2.051798916173988800e+02,2.000000000000000000e+01,1.451233000000000035e-06,0.000000000000000000e+00
3.985157081113575828e+02,2.051794592918886337e+02,2.000000000000000000e+01,1.473453999999999954e-06,0.000000000000000000e+00
3.989392053533088074e+02,2.051790357946466941e+02,2.000000000000000000e+01,1.449573999999999981e-06,0.000000000000000000e+00
3.993612992668381025e+02,2.051786137007331661e+02,2.000000000000000000e+01,1.431267999999999923e-06,0.000000000000000000e+00
3.997946888015615059e+02,2.051781803111984459e+02,2.000000000000000000e+01,1.480847000000000105e-06,0.000000000000000000e+00
4.001981551048450569e+02,2.051777768448951633e+02,2.000000000000000000e+01,1.417967999999999982e-06,0.000000000000000000e+00
4.006335409715475180e+02,2.051773414590284688e+02,2.000000000000000000e+01,1.423889999999999974e-06,0.000000000000000000e+00
4.010590749141221067e+02,2.051769159250858934e+02,2.000000000000000000e+01,1.445136000000000084e-06,0.000000000000000000e+00
4.014668090078724276e+02,2.051765081909921378e+02,2.000000000000000000e+01,1.452149999999999937e-06,0.000000000000000000e+00
4.018633224399763435e+02,2.051761116775600158e+02,2.000000000000000000e+01,1.441615000000000088e-06,0.000000000000000000e+00
4.022805652711181210e+02,2.051756944347288822e+02,2.000000000000000000e+01,1.405277999999999939e-06,0.000000000000000000e+00
4.027040628675031826e+02,2.051752709371324954e+02,2.000000000000000000e+01,1.279754000000000013e-06,0.000000000000000000e+00
4.031028002748157064e+02,2.051748721997252005e+02,2.000000000000000000e+01,1.295790000000000091e-06,0.000000000000000000e+00
4.035466304439287342e+02,2.051744283695560682e+02,2.000000000000000000e+01,1.476612000000000094e-06,0.000000000000000000e+00
4.039500358749015732e+02,2.051740249641250955e+02,2.000000000000000000e+01,1.479581000000000098e-06,0.000000000000000000e+00
4.043597508821034126e+02,2.051736152491178871e+02,2.000000000000000000e+01,1.533219000000000092e-06,0.000000000000000000e+00
4.047815555663507894e+02,2.051731934444336503e+02,2.000000000000000000e+01,1.556064999999999898e-06,0.000000000000000000e+00
4.051836992347327850e+02,2.051727913007652830e+02,2.000000000000000000e+01,1.562671999999999952e-06,0.000000000000000000e+00
4.056074430879335750e+02,2.051723675569120644e+02,2.000000000000000000e+01,1.592153999999999978e-06,0.000000000000000000e+00
4.060468247778463251e+02,2.051719281752221491e+02,2.000000000000000000e+01,1.581734999999999942e-06,0.000000000000000000e+00
4.064496466318552166e+02,2.051715253533681391e+02,2.000000000000000000e+01,1.584994999999999933e-06,0.000000000000000000e+00
4.068651875760065764e+02,2.051711098124239925e+02,2.000000000000000000e+01,1.510809000000000039e-06,0.000000000000000000e+00
4.072824957228932021e+02,2.051706925042770990e+02,2.000000000000000000e+01,1.613093999999999899e-06,0.000000000000000000e+00
4.077166768571490820e+02,2.051702583231428605e+02,2.000000000000000000e+01,1.612104999999999916e-06,0.000000000000000000e+00
4.081250766724496657e+02,2.051698499233275470e+02,2.000000000000000000e+01,1.607114000000000000e-06,0.000000000000000000e+00
4.085562042566849641e+02,2.051694187957433257e+02,2.000000000000000000e+01,1.641280999999999965e-06,0.000000000000000000e+00
4.089842419932674602e+02,2.051689907580067427e+02,2.000000000000000000e+01,1.634819999999999918e-06,0.000000000000000000e+00
4.093950602919043149e+02,2.051685799397081098e+02,2.000000000000000000e+01,1.539869000000000062e-06,0.000000000000000000e+00
4.097870027449836812e+02,2.051681879972550178e+02,2.000000000000000000e+01,1.599037000000000027e-06,0.000000000000000000e+00
4.102207650756905082e+02,2.051677542349243026e+02,2.000000000000000000e+01,1.601365999999999941e-06,0.000000000000000000e+00
4.106297851202533025e+02,2.051673452148797594e+02,2.000000000000000000e+01,1.724417000000000002e-06,0.000000000000000000e+00
4.110606825894038252e+02,2.051669143174106011e+02,2.000000000000000000e+01,1.714376000000000025e-06,0.000000000000000000e+00
4.114657485586145071e+02,2.051665092514413971e+02,2.000000000000000000e+01,1.709034999999999977e-06,0.000000000000000000e+00
4.118777657718405862e+02,2.051660972342281752e+02,2.000000000000000000e+01,1.812339000000000013e-06,0.000000000000000000e+00
4.123079357307366877e+02,2.051656670642692575e+02,2.000000000000000000e+01,1.809196000000000076e-06,0.000000000000000000e+00
4.126932615448635033e+02,2.051652817384551497e+02,2.000000000000000000e+01,1.732739999999999990e-06,0.000000000000000000e+00
4.131351922602472087e+02,2.051648398077397530e+02,2.000000000000000000e+01,1.556341999999999921e-06,0.000000000000000000e+00
4.135722072759368757e+02,2.051644027927240757e+02,2.000000000000000000e+01,1.572552999999999960e-06,0.000000000000000000e+00
4.139735905584350917e+02,2.051640014094415676e+02,2.000000000000000000e+01,1.842446999999999954e-06,0.000000000000000000e+00
4.143827067066027325e+02,2.051635922932933909e+02,2.000000000000000000e+01,1.754960999999999908e-06,0.000000000000000000e+00
4.148117535425386677e+02,2.051631632464574579e+02,2.000000000000000000e+01,1.765801999999999945e-06,0.000000000000000000e+00
4.152169266377213148e+02,2.051627580733622835e+02,2.000000000000000000e+01,1.872932999999999954e-06,0.000000000000000000e+00
4.156340544637589005e+02,2.051623409455362435e+02,2.000000000000000000e+01,1.877705999999999992e-06,0.000000000000000000e+00
4.160644674756471204e+02,2.051619105325243595e+02,2.000000000000000000e+01,1.907086999999999983e-06,0.000000000000000000e+00
4.164734532403849130e+02,2.051615015467596095e+02,2.000000000000000000e+01,1.901018999999999984e-06,0.000000000000000000e+00
4.168998448875212262e+02,2.051610751551124849e+02,2.000000000000000000e+01,1.983397000000000062e-06,0.000000000000000000e+00
4.172764905255904182e+02,2.051606985094744005e+02,2.000000000000000000e+01,1.855281999999999976e-06,0.000000000000000000e+00
4.177225795238322235e+02,2.051602524204761835e+02,2.000000000000000000e+01,1.847613000000000042e-06,0.000000000000000000e+00
4.181555244016482789e+02,2.051598194755983400e+02,2.000000000000000000e+01,1.737134999999999971e-06,0.000000000000000000e+00
4.185570517080153081e+02,2.051594179482919742e+02,2.000000000000000000e+01,1.850727000000000026e-06,0.000000000000000000e+00
4.189810401202319099e+02,2.051589939598797798e+02,2.000000000000000000e+01,1.861364999999999965e-06,0.000000000000000000e+00
4.194219815580353270e+02,2.051585530184419781e+02,2.000000000000000000e+01,1.777298000000000064e-06,0.000000000000000000e+00
4.198372445643703941e+02,2.051581377554356322e+02,2.000000000000000000e+01,1.732697000000000074e-06,0.000000000000000000e+00
4.202750122287524164e+02,2.051576999877712524e+02,2.000000000000000000e+01,1.966226000000000205e-06,0.000000000000000000e+00
4.206602356608111108e+02,2.051573147643391906e+02,2.000000000000000000e+01,2.006185000000000173e-06,0.000000000000000000e+00
4.210953701157354203e+02,2.051568796298842585e+02,2.000000000000000000e+01,2.086220999999999977e-06,0.000000000000000000e+00
4.215301613613502241e+02,2.051564448386386630e+02,2.000000000000000000e+01,2.055909000000000122e-06,0.000000000000000000e+00
4.219277065337821000e+02,2.051560472934662300e+02,2.000000000000000000e+01,2.031506000000000112e-06,0.000000000000000000e+00
4.223336783282044280e+02,2.051556413216717942e+02,2.000000000000000000e+01,1.950800999999999841e-06,0.000000000000000000e+00
4.227340187651536780e+02,2.051552409812348401e+02,2.000000000000000000e+01,2.012034999999999871e-06,0.000000000000000000e+00
4.231651436368762234e+02,2.051548098563631299e+02,2.000000000000000000e+01,1.975189999999999888e-06,0.000000000000000000e+00
4.235732749217631863e+02,2.051544017250782304e+02,2.000000000000000000e+01,2.074434000000000085e-06,0.000000000000000000e+00
4.240151250001084122e+02,2.051539598749998845e+02,2.000000000000000000e+01,1.884269000000000102e-06,0.000000000000000000e+00
4.244340337710393101e+02,2.051535409662289737e+02,2.000000000000000000e+01,2.107321000000000080e-06,0.000000000000000000e+00
4.248215229940627751e+02,2.051531534770059295e+02,2.000000000000000000e+01,2.102330000000000165e-06,0.000000000000000000e+00
4.252391901489883139e+02,2.051527358098510092e+02,2.000000000000000000e+01,2.061627999999999805e-06,0.000000000000000000e+00
4.256868570637913081e+02,2.051522881429362144e+02,2.000000000000000000e+01,2.047803999999999799e-06,0.000000000000000000e+00
4.260858509888117283e+02,2.051518891490111969e+02,2.000000000000000000e+01,2.085478999999999824e-06,0.000000000000000000e+00
4.265093643807016974e+02,2.051514656356193029e+02,2.000000000000000000e+01,2.194924000000000180e-06,0.000000000000000000e+00
4.269397587467860831e+02,2.051510352412532256e+02,2.000000000000000000e+01,2.229426000000000074e-06,0.000000000000000000e+00
4.273586596621196918e+02,2.051506163403378764e+02,2.000000000000000000e+01,2.218380999999999911e-06,0.000000000000000000e+00
4.277441070217518018e+02,2.051502308929782430e+02,2.000000000000000000e+01,2.198823000000000022e-06,0.000000000000000000e+00
4.281922552141033975e+02,2.051497827447859095e+02,2.000000000000000000e+01,2.251922999999999988e-06,0.000000000000000000e+00
4.286177092266709678e+02,2.051493572907733380e+02,2.000000000000000000e+01,2.232526000000000095e-06,0.000000000000000000e+00
4.290365882917308227e+02,2.051489384117082579e+02,2.000000000000000000e+01,2.159344000000000175e-06,0.000000000000000000e+00
4.294488254027771177e+02,2.051485261745972366e+02,2.000000000000000000e+01,2.224828000000000207e-06,0.000000000000000000e+00
4.298889287078220036e+02,2.051480860712921697e+02,2.000000000000000000e+01,2.174332999999999939e-06,0.000000000000000000e+00
4.302766970568279135e+02,2.051476983029431835e+02,2.000000000000000000e+01,2.273126000000000181e-06,0.000000000000000000e+00
4.307031957944959117e+02,2.051472718042055021e+02,2.000000000000000000e+01,2.337314000000000014e-06,0.000000000000000000e+00
4.311113739260929378e+02,2.051468636260739231e+02,2.000000000000000000e+01,2.312982999999999874e-06,0.000000000000000000e+00
4.315425012131595395e+02,2.051464324987868508e+02,2.000000000000000000e+01,2.283791999999999834e-06,0.000000000000000000e+00
4.319454937112049606e+02,2.051460295062887838e+02,2.000000000000000000e+01,2.286629999999999823e-06,0.000000000000000000e+00
4.323685626760675405e+02,2.051456064373239485e+02,2.000000000000000000e+01,2.141125000000000189e-06,0.000000000000000000e+00
4.327806991407238115e+02,2.051451943008592878e+02,2.000000000000000000e+01,2.175337000000000125e-06,0.000000000000000000e+00
4.331858600026024533e+02,2.051447891399974139e+02,2.000000000000000000e+01,2.178902000000000064e-06,0.000000000000000000e+00
4.336167588627441773e+02,2.051443582411372688e+02,2.000000000000000000e+01,2.210712000000000189e-06,0.000000000000000000e+00
4.340247065854134121e+02,2.051439502934145764e+02,2.000000000000000000e+01,2.215689000000000141e-06,0.000000000000000000e+00
4.344454615351993425e+02,2.051435295384648043e+02,2.000000000000000000e+01,2.155909999999999828e-06,0.000000000000000000e+00
4.348810664452860806e+02,2.051430939335547237e+02,2.000000000000000000e+01,2.042027000000000210e-06,0.000000000000000000e+00
4.352617986503034899e+02,2.051427132013496930e+02,2.000000000000000000e+01,2.099433999999999846e-06,0.000000000000000000e+00
4.356903288829129792e+02,2.051422846711170962e+02,2.000000000000000000e+01,2.202737999999999882e-06,0.000000000000000000e+00
4.361212317737632702e+02,2.051418537682262411e+02,2.000000000000000000e+01,2.153377999999999816e-06,0.000000000000000000e+00
4.365291794964325618e+02,2.051414458205035771e+02,2.000000000000000000e+01,2.168817000000000143e-06,0.000000000000000000e+00
4.369509283078879776e+02,2.051410240716921010e+02,2.000000000000000000e+01,2.131128000000000156e-06,0.000000000000000000e+00
4.373800775820034232e+02,2.051405949224179892e+02,2.000000000000000000e+01,2.085668000000000171e-06,0.000000000000000000e+00
4.377680927547910414e+02,2.051402069072452150e+02,2.000000000000000000e+01,2.028958999999999898e-06,0.000000000000000000e+00
4.381957059825205079e+02,2.051397792940174725e+02,2.000000000000000000e+01,1.983949999999999868e-06,0.000000000000000000e+00
4.386395235345198103e+02,2.051393354764654759e+02,2.000000000000000000e+01,2.114480999999999940e-06,0.000000000000000000e+00
4.390804669324022029e+02,2.051388945330675995e+02,2.000000000000000000e+01,2.089902000000000154e-06,0.000000000000000000e+00
4.394659096096460758e+02,2.051385090903903574e+02,2.000000000000000000e+01,2.180852000000000105e-06,0.000000000000000000e+00
4.399016655742572084e+02,2.051380733344257408e+02,2.000000000000000000e+01,2.076936999999999932e-06,0.000000000000000000e+00
4.403210682041651012e+02,2.051376539317958247e+02,2.000000000000000000e+01,2.096174000000000066e-06,0.000000000000000000e+00
4.407467768593177198e+02,2.051372282231406814e+02,2.000000000000000000e+01,2.186571000000000211e-06,0.000000000000000000e+00
4.411545005300367848e+02,2.051368204994699624e+02,2.000000000000000000e+01,2.010346999999999863e-06,0.000000000000000000e+00
4.415851762421929152e+02,2.051363898237578098e+02,2.000000000000000000e+01,1.983266000000000046e-06,0.000000000000000000e+00
4.419924324129868864e+02,2.051359825675870070e+02,2.000000000000000000e+01,2.009663000000000040e-06,0.000000000000000000e+00
4.424065832427704663e+02,2.051355684167572235e+02,2.000000000000000000e+01,1.979963000000000138e-06,0.000000000000000000e+00
4.428149160114504070e+02,2.051351600839885521e+02,2.000000000000000000e+01,1.998661999999999822e-06,0.000000000000000000e+00
4.432272904019428097e+02,2.051347477095980594e+02,2.000000000000000000e+01,1.960507000000000100e-06,0.000000000000000000e+00
4.436455217303487188e+02,2.051343294782696489e+02,2.000000000000000000e+01,1.969354000000000152e-06,0.000000000000000000e+00
4.440667012539307166e+02,2.051339082987460642e+02,2.000000000000000000e+01,2.037035000000000056e-06,0.000000000000000000e+00
4.444970651696352206e+02,2.051334779348303812e+02,2.000000000000000000e+01,1.925028999999999946e-06,0.000000000000000000e+00
4.448958507216298131e+02,2.051330791492783590e+02,2.000000000000000000e+01,2.003157999999999838e-06,0.000000000000000000e+00
4.452995545322978046e+02,2.051326754454676973e+02,2.000000000000000000e+01,2.010318000000000121e-06,0.000000000000000000e+00
4.457438427157135834e+02,2.051322311572842807e+02,2.000000000000000000e+01,1.984225999999999864e-06,0.000000000000000000e+00
4.461300604976264026e+02,2.051318449395023720e+02,2.000000000000000000e+01,2.034866999999999927e-06,0.000000000000000000e+00
4.465718579310344580e+02,2.051314031420689616e+02,2.000000000000000000e+01,2.058775999999999853e-06,0.000000000000000000e+00
4.470030411603329981e+02,2.051309719588396661e+02,2.000000000000000000e+01,2.083964999999999960e-06,0.000000000000000000e+00
4.474107124078852848e+02,2.051305642875921080e+02,2.000000000000000000e+01,2.074376000000000178e-06,0.000000000000000000e+00
4.478064177655260210e+02,2.051301685822344893e+02,2.000000000000000000e+01,2.051762000000000211e-06,0.000000000000000000e+00
4.482495193225029766e+02,2.051297254806775072e+02,2.000000000000000000e+01,2.055792999999999885e-06,0.000000000000000000e+00
4.486886243598647184e+02,2.051292863756401346e+02,2.000000000000000000e+01,2.076034000000000205e-06,0.000000000000000000e+00
4.490912339446952046e+02,2.051288837660553099e+02,2.000000000000000000e+01,2.058658999999999800e-06,0.000000000000000000e+00
4.495082232480916105e+02,2.051284667767519068e+02,2.000000000000000000e+01,2.102402999999999850e-06,0.000000000000000000e+00
4.499521840640408072e+02,2.051280228159359638e+02,2.000000000000000000e+01,2.075917999999999968e-06,0.000000000000000000e+00
4.503557057455030872e+02,2.051276192942544867e+02,2.000000000000000000e+01,2.083484999999999839e-06,0.000000000000000000e+00
4.507549460831765487e+02,2.051272200539168296e+02,2.000000000000000000e+01,2.063519999999999938e-06,0.000000000000000000e+00
4.511622250254571895e+02,2.051268127749745531e+02,2.000000000000000000e+01,2.003288999999999854e-06,0.000000000000000000e+00
4.515886563190916263e+02,2.051263863436809061e+02,2.000000000000000000e+01,1.992492000000000184e-06,0.000000000000000000e+00
4.520313741937022769e+02,2.051259436258062863e+02,2.000000000000000000e+01,1.944733000000000054e-06,0.000000000000000000e+00
4.524116435012048214e+02,2.051255633564987875e+02,2.000000000000000000e+01,1.959168000000000196e-06,0.000000000000000000e+00
4.528451499944336547e+02,2.051251298500055782e+02,2.000000000000000000e+01,1.997642999999999857e-06,0.000000000000000000e+00
4.532598779264772588e+02,2.051247151220735248e+02,2.000000000000000000e+01,2.049884999999999856e-06,0.000000000000000000e+00
4.536671514139487158e+02,2.051243078485860565e+02,2.000000000000000000e+01,1.994893000000000180e-06,0.000000000000000000e+00
4.541023742326721049e+02,2.051238726257673193e+02,2.000000000000000000e+01,1.936525000000000064e-06,0.000000000000000000e+00
4.544943815280519175e+02,2.051234806184719446e+02,2.000000000000000000e+01,1.889508000000000087e-06,0.000000000000000000e+00
4.549364590304026592e+02,2.051230385409695884e+02,2.000000000000000000e+01,1.885782999999999966e-06,0.000000000000000000e+00
4.553520105237489020e+02,2.051226229894762412e+02,2.000000000000000000e+01,1.805252000000000051e-06,0.000000000000000000e+00
4.557421233421466127e+02,2.051222328766578471e+02,2.000000000000000000e+01,1.668522999999999991e-06,0.000000000000000000e+00
4.561720827550909689e+02,2.051218029172449064e+02,2.000000000000000000e+01,1.731722000000000053e-06,0.000000000000000000e+00
4.566132844562131936e+02,2.051213617155437987e+02,2.000000000000000000e+01,1.737876999999999912e-06,0.000000000000000000e+00
4.569993451021676947e+02,2.051209756548978476e+02,2.000000000000000000e+01,1.739826999999999953e-06,0.000000000000000000e+00
4.574422156072735106e+02,2.051205327843927364e+02,2.000000000000000000e+01,1.759952000000000035e-06,0.000000000000000000e+00
4.578464876948401070e+02,2.051201285123051719e+02,2.000000000000000000e+01,1.769017999999999992e-06,0.000000000000000000e+00
4.582458910212313867e+02,2.051197291089787598e+02,2.000000000000000000e+01,1.632695999999999945e-06,0.000000000000000000e+00
4.586939674744148761e+02,2.051192810325255778e+02,2.000000000000000000e+01,1.631750000000000089e-06,0.000000000000000000e+00
4.591177103461437810e+02,2.051188572896538460e+02,2.000000000000000000e+01,1.644409999999999939e-06,0.000000000000000000e+00
4.595632275055608034e+02,2.051184117724944542e+02,2.000000000000000000e+01,1.697058999999999950e-06,0.000000000000000000e+00
4.599567586502428753e+02,2.051180182413497732e+02,2.000000000000000000e+01,1.767649999999999923e-06,0.000000000000000000e+00
4.603904741453071097e+02,2.051175845258546815e+02,2.000000000000000000e+01,1.766733000000000022e-06,0.000000000000000000e+00
4.608060217160124239e+02,2.051171689782839849e+02,2.000000000000000000e+01,1.763662999999999982e-06,0.000000000000000000e+00
4.612074264548833753e+02,2.051167675735451326e+02,2.000000000000000000e+01,1.819440999999999967e-06,0.000000000000000000e+00
4.616342290262415986e+02,2.051163407709737498e+02,2.000000000000000000e+01,1.752866000000000100e-06,0.000000000000000000e+00
4.620594613549488940e+02,2.051159155386450550e+02,2.000000000000000000e+01,1.766719000000000059e-06,0.000000000000000000e+00
4.624554171216266809e+02,2.051155195828783633e+02,2.000000000000000000e+01,1.805864000000000003e-06,0.000000000000000000e+00
4.628956896312985805e+02,2.051150793103687135e+02,2.000000000000000000e+01,1.867155999999999941e-06,0.000000000000000000e+00
4.632801141761099188e+02,2.051146948858238943e+02,2.000000000000000000e+01,1.868014999999999936e-06,0.000000000000000000e+00
4.637041128129771437e+02,2.051142708871870184e+02,2.000000000000000000e+01,1.707521999999999929e-06,0.000000000000000000e+00
4.641389535373338049e+02,2.051138360464626658e+02,2.000000000000000000e+01,1.859298000000000083e-06,0.000000000000000000e+00
4.645473560651471985e+02,2.051134276439348412e+02,2.000000000000000000e+01,1.733861000000000017e-06,0.000000000000000000e+00
4.649728716091923388e+02,2.051130021283908036e+02,2.000000000000000000e+01,1.815365999999999925e-06,0.000000000000000000e+00
4.653464730935404532e+02,2.051126285269064624e+02,2.000000000000000000e+01,1.771681000000000021e-06,0.000000000000000000e+00
4.657895268193385050e+02,2.051121854731806593e+02,2.000000000000000000e+01,1.749547999999999991e-06,0.000000000000000000e+00
4.662130108928456025e+02,2.051117619891071513e+02,2.000000000000000000e+01,1.606167999999999934e-06,0.000000000000000000e+00
4.666319157600938752e+02,2.051113430842399055e+02,2.000000000000000000e+01,1.664447999999999950e-06,0.000000000000000000e+00
4.670516298017784038e+02,2.051109233701982362e+02,2.000000000000000000e+01,1.639054999999999929e-06,0.000000000000000000e+00
4.674783782861081249e+02,2.051104966217139065e+02,2.000000000000000000e+01,1.624749999999999987e-06,0.000000000000000000e+00
4.679023967275481368e+02,2.051100726032724424e+02,2.000000000000000000e+01,1.655439999999999900e-06,0.000000000000000000e+00
4.683160004713740250e+02,2.051096589995286195e+02,2.000000000000000000e+01,1.582899000000000098e-06,0.000000000000000000e+00
4.687179440307084519e+02,2.051092570559692945e+02,2.000000000000000000e+01,1.665451999999999924e-06,0.000000000000000000e+00
4.691488469215588566e+02,2.051088261530784393e+02,2.000000000000000000e+01,1.428575999999999941e-06,0.000000000000000000e+00
4.695728954106117499e+02,2.051084021045894019e+02,2.000000000000000000e+01,1.454288999999999901e-06,0.000000000000000000e+00
4.699849698096803081e+02,2.051079900301903081e+02,2.000000000000000000e+01,1.456966999999999920e-06,0.000000000000000000e+00
4.704101279398181532e+02,2.051075648720601805e+02,2.000000000000000000e+01,1.509193999999999928e-06,0.000000000000000000e+00
4.708211419031943024e+02,2.051071538580968081e+02,2.000000000000000000e+01,1.505730000000000024e-06,0.000000000000000000e+00
4.712226220398604255e+02,2.051067523779601345e+02,2.000000000000000000e+01,1.654552999999999979e-06,0.000000000000000000e+00
4.716405175102876228e+02,2.051063344824897285e+02,2.000000000000000000e+01,1.568332999999999939e-06,0.000000000000000000e+00
4.720673639581096950e+02,2.051059076360419056e+02,2.000000000000000000e+01,1.545806000000000045e-06,0.000000000000000000e+00
4.724913569732103156e+02,2.051054836430267869e+02,2.000000000000000000e+01,1.560635000000000051e-06,0.000000000000000000e+00
4.728901018702289889e+02,2.051050848981297747e+02,2.000000000000000000e+01,1.477979999999999951e-06,0.000000000000000000e+00
4.733067740337114628e+02,2.051046682259662930e+02,2.000000000000000000e+01,1.489693999999999946e-06,0.000000000000000000e+00
4.737500609624601111e+02,2.051042249390375503e+02,2.000000000000000000e+01,1.557156999999999972e-06,0.000000000000000000e+00
4.741490594775639238e+02,2.051038259405224267e+02,2.000000000000000000e+01,1.544657000000000092e-06,0.000000000000000000e+00
4.745728006125954153e+02,2.051034021993874035e+02,2.000000000000000000e+01,1.486594999999999952e-06,0.000000000000000000e+00
4.749745857870310033e+02,2.051030004142129712e+02,2.000000000000000000e+01,1.448729999999999977e-06,0.000000000000000000e+00
4.754122624672639859e+02,2.051025627375327360e+02,2.000000000000000000e+01,1.568172999999999970e-06,0.000000000000000000e+00
4.758163869384049462e+02,2.051021586130615901e+02,2.000000000000000000e+01,1.465902000000000072e-06,0.000000000000000000e+00
4.762099706062971904e+02,2.051017650293937038e+02,2.000000000000000000e+01,1.337699000000000099e-06,0.000000000000000000e+00
4.766549564083113069e+02,2.051013200435916985e+02,2.000000000000000000e+01,1.316511999999999924e-06,0.000000000000000000e+00
4.770940395862158994e+02,2.051008809604137753e+02,2.000000000000000000e+01,1.381863999999999912e-06,0.000000000000000000e+00
4.774792595432759867e+02,2.051004957404567222e+02,2.000000000000000000e+01,1.431225000000000006e-06,0.000000000000000000e+00
4.779177052042304013e+02,2.051000572947957608e+02,2.000000000000000000e+01,1.369320999999999904e-06,0.000000000000000000e+00
4.783374045642246415e+02,2.050996375954357802e+02,2.000000000000000000e+01,1.448016999999999989e-06,0.000000000000000000e+00
4.787478710253487293e+02,2.050992271289746611e+02,2.000000000000000000e+01,1.524342000000000058e-06,0.000000000000000000e+00
4.791635503717545816e+02,2.050988114496282435e+02,2.000000000000000000e+01,1.313120999999999917e-06,0.000000000000000000e+00
4.795952534351145005e+02,2.050983797465648877e+02,2.000000000000000000e+01,1.282503999999999902e-06,0.000000000000000000e+00
4.800402211446292995e+02,2.050979347788553753e+02,2.000000000000000000e+01,1.257488999999999939e-06,0.000000000000000000e+00
4.804647069843878171e+02,2.050975102930156027e+02,2.000000000000000000e+01,1.228735000000000103e-06,0.000000000000000000e+00
4.808667285021111866e+02,2.050971082714978877e+02,2.000000000000000000e+01,1.286970999999999964e-06,0.000000000000000000e+00
4.812674738994911081e+02,2.050967075261005164e+02,2.000000000000000000e+01,1.248787000000000077e-06,0.000000000000000000e+00
4.817040336961554203e+02,2.050962709663038481e+02,2.000000000000000000e+01,1.313485000000000012e-06,0.000000000000000000e+00
4.821004260635987748e+02,2.050958745739364133e+02,2.000000000000000000e+01,1.358043000000000086e-06,0.000000000000000000e+00
4.825411812615049030e+02,2.050954338187384849e+02,2.000000000000000000e+01,1.349398999999999919e-06,0.000000000000000000e+00
4.829426718061813517e+02,2.050950323281938097e+02,2.000000000000000000e+01,1.324021000000000100e-06,0.000000000000000000e+00
4.833582208964401730e+02,2.050946167791035748e+02,2.000000000000000000e+01,1.299805999999999986e-06,0.000000000000000000e+00
4.837467889388095728e+02,2.050942282110611927e+02,2.000000000000000000e+01,1.237305999999999949e-06,0.000000000000000000e+00
4.841771687335183856e+02,2.050937978312664711e+02,2.000000000000000000e+01,1.147331000000000018e-06,0.000000000000000000e+00
4.846186271638159724e+02,2.050933563728361833e+02,2.000000000000000000e+01,1.293709000000000034e-06,0.000000000000000000e+00
4.850176195825281980e+02,2.050929573804174879e+02,2.000000000000000000e+01,1.287306000000000106e-06,0.000000000000000000e+00
4.854416080267175744e+02,2.050925333919732907e+02,2.000000000000000000e+01,1.136024000000000035e-06,0.000000000000000000e+00
4.858548683810803936e+02,2.050921201316189126e+02,2.000000000000000000e+01,1.184962000000000099e-06,0.000000000000000000e+00
4.862656642022954543e+02,2.050917093357977024e+02,2.000000000000000000e+01,1.288120999999999944e-06,0.000000000000000000e+00
4.866937147935461780e+02,2.050912812852064633e+02,2.000000000000000000e+01,1.142820000000000012e-06,0.000000000000000000e+00
4.871245076026132779e+02,2.050908504923973794e+02,2.000000000000000000e+01,1.200271000000000015e-06,0.000000000000000000e+00
4.875325648926480540e+02,2.050904424351073487e+02,2.000000000000000000e+01,1.125532000000000102e-06,0.000000000000000000e+00
4.879553550613617858e+02,2.050900196449386499e+02,2.000000000000000000e+01,9.968497999999999455e-07,0.000000000000000000e+00
4.883708960055133161e+02,2.050896041039944748e+02,2.000000000000000000e+01,1.028965999999999924e-06,0.000000000000000000e+00
4.888142220902802251e+02,2.050891607779097114e+02,2.000000000000000000e+01,1.035805000000000030e-06,0.000000000000000000e+00
4.892135766948293281e+02,2.050887614233051863e+02,2.000000000000000000e+01,1.047971000000000008e-06,0.000000000000000000e+00
4.896412945873786953e+02,2.050883337054126230e+02,2.000000000000000000e+01,1.224937000000000085e-06,0.000000000000000000e+00
4.900725221513770862e+02,2.050879024778486155e+02,2.000000000000000000e+01,1.167937000000000038e-06,0.000000000000000000e+00
4.904787711920608899e+02,2.050874962288079359e+02,2.000000000000000000e+01,1.186869000000000012e-06,0.000000000000000000e+00
4.908922341115351742e+02,2.050870827658884537e+02,2.000000000000000000e+01,1.203981999999999961e-06,0.000000000000000000e+00
4.913017506619909796e+02,2.050866732493380198e+02,2.000000000000000000e+01,1.140012000000000004e-06,0.000000000000000000e+00
4.917052255302537560e+02,2.050862697744697414e+02,2.000000000000000000e+01,1.210762999999999948e-06,0.000000000000000000e+00
4.921361293921189599e+02,2.050858388706078870e+02,2.000000000000000000e+01,1.223771999999999902e-06,0.000000000000000000e+00
4.925441473099377276e+02,2.050854308526900525e+02,2.000000000000000000e+01,1.171501999999999977e-06,0.000000000000000000e+00
4.929696911707795834e+02,2.050850053088292100e+02,2.000000000000000000e+01,1.198146000000000014e-06,0.000000000000000000e+00
4.933831497091799747e+02,2.050845918502908205e+02,2.000000000000000000e+01,1.261752999999999903e-06,0.000000000000000000e+00
4.937949582022043273e+02,2.050841800417977936e+02,2.000000000000000000e+01,1.174484999999999945e-06,0.000000000000000000e+00
4.942187007480915781e+02,2.050837562992519167e+02,2.000000000000000000e+01,1.172534999999999905e-06,0.000000000000000000e+00
4.946176924201436123e+02,2.050833573075798597e+02,2.000000000000000000e+01,1.067965000000000074e-06,0.000000000000000000e+00
4.950603948213046124e+02,2.050829146051787006e+02,2.000000000000000000e+01,9.866926000000000642e-07,0.000000000000000000e+00
4.954893587934370771e+02,2.050824856412065742e+02,2.000000000000000000e+01,7.749477000000000089e-07,0.000000000000000000e+00
4.958771344766346942e+02,2.050820978655233660e+02,2.000000000000000000e+01,8.435744999999999944e-07,0.000000000000000000e+00
4.962921250551314643e+02,2.050816828749448746e+02,2.000000000000000000e+01,1.076113999999999918e-06,0.000000000000000000e+00
4.967369011016484706e+02,2.050812380988983534e+02,2.000000000000000000e+01,1.112085999999999943e-06,0.000000000000000000e+00
4.971230844909023858e+02,2.050808519155091005e+02,2.000000000000000000e+01,1.144449999999999902e-06,0.000000000000000000e+00
4.975593862487177717e+02,2.050804156137512848e+02,2.000000000000000000e+01,1.145555999999999938e-06,0.000000000000000000e+00
4.980067699017931773e+02,2.050799682300982170e+02,2.000000000000000000e+01,1.135398999999999935e-06,0.000000000000000000e+00
4.983968020992923016e+02,2.050795781979007018e+02,2.000000000000000000e+01,1.160660999999999940e-06,0.000000000000000000e+00
4.988120717321812094e+02,2.050791629282678343e+02,2.000000000000000000e+01,1.167426999999999936e-06,0.000000000000000000e+00
4.992314561866759277e+02,2.050787435438133173e+02,2.000000000000000000e+01,1.173699000000000060e-06,0.000000000000000000e+00
4.996783447868508006e+02,2.050782966552131654e+02,2.000000000000000000e+01,1.249281999999999976e-06,0.000000000000000000e+00
5.001018399446538751e+02,2.050778731600553613e+02,2.000000000000000000e+01,1.190870999999999944e-06,0.000000000000000000e+00
5.005010800772918742e+02,2.050774739199227099e+02,2.000000000000000000e+01,1.175022999999999973e-06,0.000000000000000000e+00
5.009445261738276827e+02,2.050770304738261700e+02,2.000000000000000000e+01,1.192733000000000096e-06,0.000000000000000000e+00
5.013488159641211723e+02,2.050766261840358879e+02,2.000000000000000000e+01,1.197026000000000014e-06,0.000000000000000000e+00
5.017480076250786283e+02,2.050762269923749272e+02,2.000000000000000000e+01,1.153442999999999961e-06,0.000000000000000000e+00
5.021637908441015838e+02,2.050758112091558871e+02,2.000000000000000000e+01,1.176609999999999946e-06,0.000000000000000000e+00
5.025868563549618102e+02,2.050753881436450285e+02,2.000000000000000000e+01,1.133929000000000015e-06,0.000000000000000000e+00
5.030177607442748240e+02,2.050749572392557241e+02,2.000000000000000000e+01,1.169696999999999916e-06,0.000000000000000000e+00
5.034185237395929562e+02,2.050745564762603976e+02,2.000000000000000000e+01,1.207342999999999987e-06,0.000000000000000000e+00
5.038247402147003413e+02,2.050741502597853128e+02,2.000000000000000000e+01,1.241729000000000067e-06,0.000000000000000000e+00
5.042420589303839051e+02,2.050737329410696077e+02,2.000000000000000000e+01,1.120177000000000092e-06,0.000000000000000000e+00
5.046500068252694291e+02,2.050733249931747366e+02,2.000000000000000000e+01,1.092529000000000081e-06,0.000000000000000000e+00
5.050892450602352142e+02,2.050728857549397617e+02,2.000000000000000000e+01,1.203807000000000001e-06,0.000000000000000000e+00
5.055316569810945566e+02,2.050724433430189038e+02,2.000000000000000000e+01,1.236971000000000019e-06,0.000000000000000000e+00
5.059117263492366305e+02,2.050720632736507696e+02,2.000000000000000000e+01,1.233245999999999898e-06,0.000000000000000000e+00
5.063449703395446022e+02,2.050716300296604686e+02,2.000000000000000000e+01,1.232939999999999922e-06,0.000000000000000000e+00
5.067594660941339271e+02,2.050712155339058711e+02,2.000000000000000000e+01,1.230785999999999967e-06,0.000000000000000000e+00
5.071665532441284086e+02,2.050708084467558763e+02,2.000000000000000000e+01,1.243592000000000036e-06,0.000000000000000000e+00
5.075974507132788176e+02,2.050703775492867180e+02,2.000000000000000000e+01,1.252017999999999902e-06,0.000000000000000000e+00
5.080309388888094304e+02,2.050699440611111868e+02,2.000000000000000000e+01,1.231703000000000081e-06,0.000000000000000000e+00
5.084774247811911891e+02,2.050694975752188043e+02,2.000000000000000000e+01,1.159904000000000008e-06,0.000000000000000000e+00
5.088534265031728978e+02,2.050691215734968296e+02,2.000000000000000000e+01,1.108347000000000071e-06,0.000000000000000000e+00
5.092799075950911174e+02,2.050686950924049086e+02,2.000000000000000000e+01,1.131454999999999910e-06,0.000000000000000000e+00
5.097053726234521491e+02,2.050682696273765373e+02,2.000000000000000000e+01,1.100662999999999934e-06,0.000000000000000000e+00
5.101130904909784931e+02,2.050678619095090198e+02,2.000000000000000000e+01,1.180044000000000081e-06,0.000000000000000000e+00
5.105437729042332080e+02,2.050674312270957671e+02,2.000000000000000000e+01,1.220657999999999918e-06,0.000000000000000000e+00
5.109468876547628042e+02,2.050670281123452412e+02,2.000000000000000000e+01,1.202250000000000009e-06,0.000000000000000000e+00
5.113565336973520630e+02,2.050666184663026570e+02,2.000000000000000000e+01,1.196750000000000019e-06,0.000000000000000000e+00
5.117907887488884739e+02,2.050661842112511124e+02,2.000000000000000000e+01,1.190114000000000012e-06,0.000000000000000000e+00
5.121762399306007865e+02,2.050657987600694128e+02,2.000000000000000000e+01,1.175590999999999982e-06,0.000000000000000000e+00
5.126178591187767779e+02,2.050653571408812184e+02,2.000000000000000000e+01,1.138455000000000012e-06,0.000000000000000000e+00
5.130168455736062469e+02,2.050649581544263924e+02,2.000000000000000000e+01,1.168766000000000051e-06,0.000000000000000000e+00
5.134405884453350382e+02,2.050645344115546607e+02,2.000000000000000000e+01,1.229346000000000029e-06,0.000000000000000000e+00
5.138541647381318853e+02,2.050641208352618605e+02,2.000000000000000000e+01,1.221691000000000057e-06,0.000000000000000000e+00
5.142645262522861458e+02,2.050637104737477046e+02,2.000000000000000000e+01,1.232023000000000020e-06,0.000000000000000000e+00
5.146923331439352296e+02,2.050632826668560540e+02,2.000000000000000000e+01,1.230072999999999979e-06,0.000000000000000000e+00
5.151129661610639232e+02,2.050628620338389396e+02,2.000000000000000000e+01,1.297347000000000083e-06,0.000000000000000000e+00
5.155309556835530884e+02,2.050624440443164360e+02,2.000000000000000000e+01,1.277934999999999988e-06,0.000000000000000000e+00
5.159531041170546359e+02,2.050620218958829355e+02,2.000000000000000000e+01,1.343782000000000088e-06,0.000000000000000000e+00
5.163408744167306850e+02,2.050616341255832822e+02,2.000000000000000000e+01,1.148509999999999952e-06,0.000000000000000000e+00
5.167839225636812444e+02,2.050611910774363196e+02,2.000000000000000000e+01,1.111446000000000065e-06,0.000000000000000000e+00
5.172084256592643214e+02,2.050607665743407324e+02,2.000000000000000000e+01,1.094318999999999941e-06,0.000000000000000000e+00
5.176027592662038614e+02,2.050603722407338125e+02,2.000000000000000000e+01,1.142544000000000017e-06,0.000000000000000000e+00
5.180470479685974396e+02,2.050599279520314155e+02,2.000000000000000000e+01,1.201784000000000063e-06,0.000000000000000000e+00
5.184727788877696639e+02,2.050595022211122398e+02,2.000000000000000000e+01,1.253239999999999965e-06,0.000000000000000000e+00
5.188877676526717551e+02,2.050590872323473377e+02,2.000000000000000000e+01,1.238950000000000013e-06,0.000000000000000000e+00
5.193165740703954043e+02,2.050586584259295932e+02,2.000000000000000000e+01,1.239619000000000057e-06,0.000000000000000000e+00
5.197222240549631351e+02,2.050582527759450500e+02,2.000000000000000000e+01,1.286331000000000085e-06,0.000000000000000000e+00
5.201558761086050708e+02,2.050578191238913917e+02,2.000000000000000000e+01,1.235588999999999987e-06,0.000000000000000000e+00
5.205865514326610537e+02,2.050573884485673375e+02,2.000000000000000000e+01,1.292384999999999909e-06,0.000000000000000000e+00
5.209939529568930539e+02,2.050569810470431094e+02,2.000000000000000000e+01,1.282518000000000076e-06,0.000000000000000000e+00
5.214088244062764943e+02,2.050565661755937299e+02,2.000000000000000000e+01,1.175693000000000044e-06,0.000000000000000000e+00
5.218333478918262927e+02,2.050561416521081810e+02,2.000000000000000000e+01,1.236564000000000008e-06,0.000000000000000000e+00
5.222185678488864369e+02,2.050557564321511279e+02,2.000000000000000000e+01,1.239940000000000024e-06,0.000000000000000000e+00
5.226644220926571052e+02,2.050553105779073348e+02,2.000000000000000000e+01,1.262872999999999903e-06,0.000000000000000000e+00
5.230634090763358017e+02,2.050549115909236662e+02,2.000000000000000000e+01,1.186198999999999940e-06,0.000000000000000000e+00
5.234871531542535195e+02,2.050544878468457455e+02,2.000000000000000000e+01,1.241860000000000084e-06,0.000000000000000000e+00
5.238734950862776714e+02,2.050541015049137172e+02,2.000000000000000000e+01,1.244538000000000103e-06,0.000000000000000000e+00
5.243165366066742763e+02,2.050536584633933330e+02,2.000000000000000000e+01,1.331470999999999919e-06,0.000000000000000000e+00
5.247351193667317375e+02,2.050532398806332708e+02,2.000000000000000000e+01,1.224557999999999999e-06,0.000000000000000000e+00
5.251430674121143056e+02,2.050528319325878783e+02,2.000000000000000000e+01,1.063511999999999974e-06,0.000000000000000000e+00
5.255737429003925172e+02,2.050524012570996035e+02,2.000000000000000000e+01,9.793439000000000984e-07,0.000000000000000000e+00
5.259801042958015387e+02,2.050519948957042118e+02,2.000000000000000000e+01,1.109089000000000013e-06,0.000000000000000000e+00
5.263934406467517420e+02,2.050515815593532523e+02,2.000000000000000000e+01,9.662616999999999444e-07,0.000000000000000000e+00
5.268089932803222837e+02,2.050511660067196829e+02,2.000000000000000000e+01,1.185340999999999973e-06,0.000000000000000000e+00
5.272520828664805776e+02,2.050507229171335268e+02,2.000000000000000000e+01,1.182691999999999907e-06,0.000000000000000000e+00
5.276758257382093689e+02,2.050502991742617951e+02,2.000000000000000000e+01,1.190754000000000102e-06,0.000000000000000000e+00
5.280745662347328562e+02,2.050499004337652593e+02,2.000000000000000000e+01,1.092238000000000096e-06,0.000000000000000000e+00
5.285214141909740420e+02,2.050494535858090330e+02,2.000000000000000000e+01,1.099935999999999984e-06,0.000000000000000000e+00
5.289417205969199358e+02,2.050490332794030905e+02,2.000000000000000000e+01,1.000211000000000062e-06,0.000000000000000000e+00
5.293462872846987466e+02,2.050486287127152991e+02,2.000000000000000000e+01,1.067469999999999963e-06,0.000000000000000000e+00
5.297454847615535982e+02,2.050482295152384609e+02,2.000000000000000000e+01,1.009494999999999895e-06,0.000000000000000000e+00
5.301937766950547939e+02,2.050477812233049519e+02,2.000000000000000000e+01,1.068925000000000104e-06,0.000000000000000000e+00
5.305927691137669626e+02,2.050473822308862282e+02,2.000000000000000000e+01,1.041277000000000093e-06,0.000000000000000000e+00
5.310165175553435120e+02,2.050469584824446656e+02,2.000000000000000000e+01,1.184947999999999924e-06,0.000000000000000000e+00
5.314229585860206271e+02,2.050465520414139746e+02,2.000000000000000000e+01,1.172054999999999996e-06,0.000000000000000000e+00
5.318488859649587539e+02,2.050461261140350473e+02,2.000000000000000000e+01,1.196182000000000010e-06,0.000000000000000000e+00
5.322395744285628325e+02,2.050457354255714506e+02,2.000000000000000000e+01,1.124281000000000087e-06,0.000000000000000000e+00
5.326692984455239639e+02,2.050453057015544687e+02,2.000000000000000000e+01,9.905197999999999146e-07,0.000000000000000000e+00
5.330999776053436108e+02,2.050448750223946490e+02,2.000000000000000000e+01,1.115404000000000053e-06,0.000000000000000000e+00
5.335079253280129024e+02,2.050444670746719851e+02,2.000000000000000000e+01,1.097519999999999997e-06,0.000000000000000000e+00
5.339249515542832114e+02,2.050440500484457118e+02,2.000000000000000000e+01,1.040548999999999903e-06,0.000000000000000000e+00
5.343316973496505398e+02,2.050436433026503380e+02,2.000000000000000000e+01,1.169756000000000062e-06,0.000000000000000000e+00
5.347324503231403696e+02,2.050432425496768758e+02,2.000000000000000000e+01,1.279463000000000027e-06,0.000000000000000000e+00
5.351794375170570675e+02,2.050427955624829508e+02,2.000000000000000000e+01,1.236621999999999915e-06,0.000000000000000000e+00
5.356068134958153450e+02,2.050423681865041772e+02,2.000000000000000000e+01,1.127598999999999984e-06,0.000000000000000000e+00
5.360021685269209684e+02,2.050419728314730889e+02,2.000000000000000000e+01,1.214997999999999959e-06,0.000000000000000000e+00
5.364454524469889520e+02,2.050415295475530115e+02,2.000000000000000000e+01,1.201086000000000065e-06,0.000000000000000000e+00
5.368496506837158222e+02,2.050411253493162747e+02,2.000000000000000000e+01,1.194959999999999948e-06,0.000000000000000000e+00
5.372485423174513244e+02,2.050407264576825526e+02,2.000000000000000000e+01,1.203253999999999983e-06,0.000000000000000000e+00
5.376792178057296496e+02,2.050402957821942778e+02,2.000000000000000000e+01,1.166918000000000073e-06,0.000000000000000000e+00
5.380873910357390741e+02,2.050398876089642499e+02,2.000000000000000000e+01,1.194668999999999962e-06,0.000000000000000000e+00
5.385201194837663934e+02,2.050394548805162458e+02,2.000000000000000000e+01,1.132081000000000037e-06,0.000000000000000000e+00
5.389441171296340372e+02,2.050390308828703780e+02,2.000000000000000000e+01,1.228764000000000057e-06,0.000000000000000000e+00
5.393809542299740087e+02,2.050385940457700258e+02,2.000000000000000000e+01,1.140288000000000000e-06,0.000000000000000000e+00
5.397964983295782986e+02,2.050381785016704157e+02,2.000000000000000000e+01,1.089676999999999918e-06,0.000000000000000000e+00
5.402007008663499619e+02,2.050377742991336447e+02,2.000000000000000000e+01,1.125532000000000102e-06,0.000000000000000000e+00
5.406268945180108858e+02,2.050373481054819820e+02,2.000000000000000000e+01,1.197345999999999954e-06,0.000000000000000000e+00
5.410527684895232596e+02,2.050369222315104878e+02,2.000000000000000000e+01,1.216787000000000002e-06,0.000000000000000000e+00
5.414578547989503932e+02,2.050365171452010600e+02,2.000000000000000000e+01,1.113891000000000005e-06,0.000000000000000000e+00
5.418860624346954182e+02,2.050360889375652960e+02,2.000000000000000000e+01,1.115681000000000076e-06,0.000000000000000000e+00
5.423048219587092262e+02,2.050356701780413005e+02,2.000000000000000000e+01,1.033928000000000098e-06,0.000000000000000000e+00
5.427087917612537922e+02,2.050352662082387383e+02,2.000000000000000000e+01,1.153151999999999975e-06,0.000000000000000000e+00
5.431314899017932021e+02,2.050348435100981987e+02,2.000000000000000000e+01,1.256222999999999932e-06,0.000000000000000000e+00
5.435312821259541352e+02,2.050344437178740407e+02,2.000000000000000000e+01,1.229679999999999931e-06,0.000000000000000000e+00
5.439783501823578717e+02,2.050339966498176523e+02,2.000000000000000000e+01,1.207198000000000008e-06,0.000000000000000000e+00
5.443792629385243345e+02,2.050335957370614892e+02,2.000000000000000000e+01,1.164472999999999921e-06,0.000000000000000000e+00
5.447811111848592418e+02,2.050331938888151342e+02,2.000000000000000000e+01,1.147941999999999944e-06,0.000000000000000000e+00
5.451887480317276413e+02,2.050327862519682753e+02,2.000000000000000000e+01,1.133492000000000023e-06,0.000000000000000000e+00
5.456138550384940800e+02,2.050323611449614987e+02,2.000000000000000000e+01,1.118881999999999920e-06,0.000000000000000000e+00
5.460489825171755456e+02,2.050319260174828173e+02,2.000000000000000000e+01,1.174543000000000064e-06,0.000000000000000000e+00
5.464724704501538781e+02,2.050315025295498401e+02,2.000000000000000000e+01,1.215535999999999986e-06,0.000000000000000000e+00
5.468717130122379331e+02,2.050311032869877579e+02,2.000000000000000000e+01,1.285793000000000058e-06,0.000000000000000000e+00
5.473002353603519623e+02,2.050306747646396559e+02,2.000000000000000000e+01,1.311899000000000066e-06,0.000000000000000000e+00
5.477220043512394341e+02,2.050302529956487660e+02,2.000000000000000000e+01,1.319553000000000010e-06,0.000000000000000000e+00
5.481531292229619794e+02,2.050298218707770275e+02,2.000000000000000000e+01,1.308799000000000045e-06,0.000000000000000000e+00
5.485610769456311573e+02,2.050294139230543635e+02,2.000000000000000000e+01,1.270993000000000004e-06,0.000000000000000000e+00
5.489901975306810300e+02,2.050289848024693242e+02,2.000000000000000000e+01,1.200590999999999954e-06,0.000000000000000000e+00
5.494001506308962917e+02,2.050285748493691074e+02,2.000000000000000000e+01,1.175896999999999958e-06,0.000000000000000000e+00
5.498144133781817118e+02,2.050281605866218229e+02,2.000000000000000000e+01,1.126637999999999927e-06,0.000000000000000000e+00
5.502384063932822755e+02,2.050277365936067326e+02,2.000000000000000000e+01,1.230262999999999930e-06,0.000000000000000000e+00
5.506699030443928677e+02,2.050273050969556152e+02,2.000000000000000000e+01,1.431849999999999894e-06,0.000000000000000000e+00
5.510780781696340682e+02,2.050268969218303710e+02,2.000000000000000000e+01,1.398177000000000014e-06,0.000000000000000000e+00
5.515082326238991755e+02,2.050264667673760925e+02,2.000000000000000000e+01,1.363368999999999931e-06,0.000000000000000000e+00
5.518981900856151697e+02,2.050260768099144002e+02,2.000000000000000000e+01,1.413747999999999962e-06,0.000000000000000000e+00
5.523134597185039638e+02,2.050256615402815044e+02,2.000000000000000000e+01,1.424414000000000039e-06,0.000000000000000000e+00
5.527134218237481491e+02,2.050252615781762415e+02,2.000000000000000000e+01,1.442821999999999948e-06,0.000000000000000000e+00
5.531405475966167842e+02,2.050248344524033826e+02,2.000000000000000000e+01,1.383668999999999974e-06,0.000000000000000000e+00
5.535783422104535703e+02,2.050243966577895378e+02,2.000000000000000000e+01,1.250983999999999947e-06,0.000000000000000000e+00
5.539791677595367219e+02,2.050239958322404732e+02,2.000000000000000000e+01,1.324166000000000080e-06,0.000000000000000000e+00
5.544010738969466274e+02,2.050235739261030687e+02,2.000000000000000000e+01,1.362539000000000102e-06,0.000000000000000000e+00
5.548182403539285588e+02,2.050231567596460707e+02,2.000000000000000000e+01,1.370368000000000006e-06,0.000000000000000000e+00
5.552240569708246767e+02,2.050227509430291661e+02,2.000000000000000000e+01,1.412306999999999995e-06,0.000000000000000000e+00
5.556570963891479096e+02,2.050223179036108547e+02,2.000000000000000000e+01,1.440756000000000093e-06,0.000000000000000000e+00
5.560652660926893986e+02,2.050219097339073073e+02,2.000000000000000000e+01,1.478926000000000018e-06,0.000000000000000000e+00
5.564955955617992913e+02,2.050214794044381961e+02,2.000000000000000000e+01,1.382636000000000047e-06,0.000000000000000000e+00
5.569108609308735822e+02,2.050210641390691251e+02,2.000000000000000000e+01,1.267574000000000072e-06,0.000000000000000000e+00
5.573350195970592722e+02,2.050206399804029331e+02,2.000000000000000000e+01,1.243533999999999917e-06,0.000000000000000000e+00
5.577204669566914390e+02,2.050202545330432997e+02,2.000000000000000000e+01,1.254229999999999975e-06,0.000000000000000000e+00
5.581665071933967965e+02,2.050198084928066180e+02,2.000000000000000000e+01,1.082139000000000000e-06,0.000000000000000000e+00
5.586047731014291458e+02,2.050193702268985589e+02,2.000000000000000000e+01,1.332984999999999995e-06,0.000000000000000000e+00
5.590326979639385172e+02,2.050189423020360664e+02,2.000000000000000000e+01,1.453765000000000048e-06,0.000000000000000000e+00
5.594308107551621561e+02,2.050185441892448353e+02,2.000000000000000000e+01,1.513792000000000007e-06,0.000000000000000000e+00
5.598460870146049047e+02,2.050181289129853894e+02,2.000000000000000000e+01,1.454841999999999919e-06,0.000000000000000000e+00
5.602852155881581666e+02,2.050176897844118571e+02,2.000000000000000000e+01,1.502776000000000009e-06,0.000000000000000000e+00
5.606741313575730601e+02,2.050173008686424225e+02,2.000000000000000000e+01,1.561521999999999972e-06,0.000000000000000000e+00
5.611077007352274677e+02,2.050168672992647885e+02,2.000000000000000000e+01,1.558131999999999992e-06,0.000000000000000000e+00
5.615513883351781033e+02,2.050164236116648340e+02,2.000000000000000000e+01,1.485809000000000067e-06,0.000000000000000000e+00
5.619367587889828428e+02,2.050160382412110209e+02,2.000000000000000000e+01,1.363353999999999941e-06,0.000000000000000000e+00
5.623657546372623983e+02,2.050156092453627537e+02,2.000000000000000000e+01,1.393723999999999914e-06,0.000000000000000000e+00
5.627538015309584125e+02,2.050152211984690496e+02,2.000000000000000000e+01,1.376639999999999918e-06,0.000000000000000000e+00
5.631837804775433369e+02,2.050147912195224649e+02,2.000000000000000000e+01,1.455846000000000105e-06,0.000000000000000000e+00
5.636049198648164520e+02,2.050143700801351940e+02,2.000000000000000000e+01,1.378241000000000066e-06,0.000000000000000000e+00
5.640226360218598529e+02,2.050139523639781487e+02,2.000000000000000000e+01,1.281208999999999942e-06,0.000000000000000000e+00
5.644432079264187223e+02,2.050135317920735929e+02,2.000000000000000000e+01,1.351377999999999913e-06,0.000000000000000000e+00
5.648309769830625555e+02,2.050131440230169346e+02,2.000000000000000000e+01,1.501772000000000036e-06,0.000000000000000000e+00
5.652716225596984714e+02,2.050127033774403174e+02,2.000000000000000000e+01,1.488370000000000032e-06,0.000000000000000000e+00
5.656951106335877739e+02,2.050122798893664253e+02,2.000000000000000000e+01,1.417399999999999973e-06,0.000000000000000000e+00
5.660941077067677725e+02,2.050118808922932203e+02,2.000000000000000000e+01,1.404157999999999940e-06,0.000000000000000000e+00
5.665389555290494172e+02,2.050114360444709405e+02,2.000000000000000000e+01,1.505963000000000103e-06,0.000000000000000000e+00
5.669623586948704315e+02,2.050110126413051432e+02,2.000000000000000000e+01,1.403096000000000059e-06,0.000000000000000000e+00
5.673653303580715601e+02,2.050106096696419229e+02,2.000000000000000000e+01,1.490174000000000066e-06,0.000000000000000000e+00
5.677659208651629115e+02,2.050102090791348530e+02,2.000000000000000000e+01,1.469845000000000070e-06,0.000000000000000000e+00
5.682130722087836148e+02,2.050097619277912315e+02,2.000000000000000000e+01,1.354069999999999895e-06,0.000000000000000000e+00
5.686368118167939656e+02,2.050093381881832215e+02,2.000000000000000000e+01,1.036692999999999978e-06,0.000000000000000000e+00
5.690710850851837677e+02,2.050089039149148107e+02,2.000000000000000000e+01,1.006978000000000085e-06,0.000000000000000000e+00
5.694822718604713145e+02,2.050084927281395437e+02,2.000000000000000000e+01,1.179738000000000105e-06,0.000000000000000000e+00
5.698829421912379303e+02,2.050080920578087671e+02,2.000000000000000000e+01,1.352090999999999901e-06,0.000000000000000000e+00
5.702853105500040556e+02,2.050076896894499896e+02,2.000000000000000000e+01,1.336448000000000083e-06,0.000000000000000000e+00
5.707097932016221193e+02,2.050072652067983938e+02,2.000000000000000000e+01,1.312975999999999938e-06,0.000000000000000000e+00
5.711289686211831622e+02,2.050068460313788137e+02,2.000000000000000000e+01,1.336694999999999913e-06,0.000000000000000000e+00
5.715537524921873000e+02,2.050064212475078023e+02,2.000000000000000000e+01,1.190390000000000007e-06,0.000000000000000000e+00
5.719568180039036633e+02,2.050060181819960974e+02,2.000000000000000000e+01,1.357984999999999967e-06,0.000000000000000000e+00
5.723758973526256568e+02,2.050055991026473805e+02,2.000000000000000000e+01,1.385516999999999952e-06,0.000000000000000000e+00
5.728052561104778988e+02,2.050051697438895246e+02,2.000000000000000000e+01,1.333289999999999943e-06,0.000000000000000000e+00
5.732072691584995709e+02,2.050047677308415075e+02,2.000000000000000000e+01,1.473149000000000005e-06,0.000000000000000000e+00
5.736345147457222993e+02,2.050043404852542892e+02,2.000000000000000000e+01,1.444524999999999947e-06,0.000000000000000000e+00
5.740424669691186637e+02,2.050039325330308770e+02,2.000000000000000000e+01,1.425505999999999900e-06,0.000000000000000000e+00
5.744674463932991557e+02,2.050035075536067097e+02,2.000000000000000000e+01,1.280757999999999986e-06,0.000000000000000000e+00
5.748824380883717140e+02,2.050030925619116431e+02,2.000000000000000000e+01,1.331557999999999991e-06,0.000000000000000000e+00
5.752699225806451295e+02,2.050027050774193640e+02,2.000000000000000000e+01,1.592402000000000047e-06,0.000000000000000000e+00
5.756972073823466189e+02,2.050022777926176616e+02,2.000000000000000000e+01,1.436215999999999922e-06,0.000000000000000000e+00
5.761406727221545907e+02,2.050018343272778338e+02,2.000000000000000000e+01,1.460823000000000057e-06,0.000000000000000000e+00
5.765396651408668731e+02,2.050014353348591385e+02,2.000000000000000000e+01,1.435895999999999982e-06,0.000000000000000000e+00
5.769634029217558009e+02,2.050010115970782465e+02,2.000000000000000000e+01,1.531545000000000047e-06,0.000000000000000000e+00
5.774021057110292077e+02,2.050005728942889789e+02,2.000000000000000000e+01,1.542589999999999998e-06,0.000000000000000000e+00
5.777898813942269953e+02,2.050001851186057706e+02,2.000000000000000000e+01,1.400752999999999970e-06,0.000000000000000000e+00
5.782135283344898653e+02,2.049997614716655221e+02,2.000000000000000000e+01,1.278138000000000086e-06,0.000000000000000000e+00
5.786444304343865497e+02,2.049993305695656147e+02,2.000000000000000000e+01,1.420587000000000067e-06,0.000000000000000000e+00
5.790826147232824042e+02,2.049988923852767186e+02,2.000000000000000000e+01,1.384686999999999911e-06,0.000000000000000000e+00
5.795282817739802113e+02,2.049984467182260346e+02,2.000000000000000000e+01,1.394365000000000032e-06,0.000000000000000000e+00
5.799137255829284641e+02,2.049980612744170685e+02,2.000000000000000000e+01,1.191642000000000050e-06,0.000000000000000000e+00
5.803376054687623764e+02,2.049976373945312389e+02,2.000000000000000000e+01,1.122388999999999953e-06,0.000000000000000000e+00
5.807528750254452916e+02,2.049972221249745701e+02,2.000000000000000000e+01,1.236680000000000033e-06,0.000000000000000000e+00
5.811675617883624909e+02,2.049968074382116470e+02,2.000000000000000000e+01,1.225983999999999975e-06,0.000000000000000000e+00
5.815911975363796955e+02,2.049963838024636118e+02,2.000000000000000000e+01,1.189342999999999905e-06,0.000000000000000000e+00
5.819990597829146282e+02,2.049959759402170789e+02,2.000000000000000000e+01,9.291979999999999802e-07,0.000000000000000000e+00
5.824142272179814199e+02,2.049955607727820279e+02,2.000000000000000000e+01,1.254942999999999963e-06,0.000000000000000000e+00
5.828215449299840429e+02,2.049951534550700103e+02,2.000000000000000000e+01,1.196894999999999998e-06,0.000000000000000000e+00
5.832232158296285434e+02,2.049947517841703757e+02,2.000000000000000000e+01,1.157081000000000010e-06,0.000000000000000000e+00
5.836695309601850568e+02,2.049943054690398299e+02,2.000000000000000000e+01,9.954383000000000523e-07,0.000000000000000000e+00
5.840682689002337611e+02,2.049939067310997700e+02,2.000000000000000000e+01,1.162829000000000069e-06,0.000000000000000000e+00
5.844922662506261304e+02,2.049934827337493743e+02,2.000000000000000000e+01,1.313091999999999963e-06,0.000000000000000000e+00
5.849009170566675948e+02,2.049930740829433375e+02,2.000000000000000000e+01,1.074062000000000026e-06,0.000000000000000000e+00
5.853219395615872145e+02,2.049926530604384141e+02,2.000000000000000000e+01,1.013845999999999932e-06,0.000000000000000000e+00
5.857397622484872954e+02,2.049922352377515153e+02,2.000000000000000000e+01,1.254899000000000019e-06,0.000000000000000000e+00
5.861564458717347179e+02,2.049918185541282583e+02,2.000000000000000000e+01,1.168110999999999970e-06,0.000000000000000000e+00
5.865786165787646951e+02,2.049913963834212325e+02,2.000000000000000000e+01,8.013011999999999675e-07,0.000000000000000000e+00
5.870092883502851464e+02,2.049909657116497215e+02,2.000000000000000000e+01,9.132053999999999989e-07,0.000000000000000000e+00
5.874269000535425675e+02,2.049905480999464658e+02,2.000000000000000000e+01,1.161344999999999974e-06,0.000000000000000000e+00
5.878479094378903937e+02,2.049901270905621118e+02,2.000000000000000000e+01,1.129811000000000057e-06,0.000000000000000000e+00
5.882564394160026495e+02,2.049897185605840093e+02,2.000000000000000000e+01,4.919419999999999988e-07,0.000000000000000000e+00
5.886801880979985526e+02,2.049892948119019991e+02,2.000000000000000000e+01,3.206805999999999896e-07,0.000000000000000000e+00
5.891176625138792815e+02,2.049888573374861096e+02,2.000000000000000000e+01,5.732144999999999478e-07,0.000000000000000000e+00
5.895256073665719896e+02,2.049884493926334414e+02,2.000000000000000000e+01,7.399503000000000346e-07,0.000000000000000000e+00
5.899462897383835980e+02,2.049880287102616307e+02,2.000000000000000000e+01,9.784125999999999927e-07,0.000000000000000000e+00
5.903615593712726195e+02,2.049876134406287349e+02,2.000000000000000000e+01,6.992341000000000448e-07,0.000000000000000000e+00
5.907946786632256817e+02,2.049871803213367798e+02,2.000000000000000000e+01,9.440700999999999484e-07,0.000000000000000000e+00
5.911976387681004326e+02,2.049867773612319013e+02,2.000000000000000000e+01,9.604845999999999925e-07,0.000000000000000000e+00
5.916013594163370044e+02,2.049863736405836789e+02,2.000000000000000000e+01,9.285867999999999648e-07,0.000000000000000000e+00
5.920203680946586928e+02,2.049859546319053436e+02,2.000000000000000000e+01,1.060194000000000077e-06,0.000000000000000000e+00
5.924662352988575549e+02,2.049855087647011374e+02,2.000000000000000000e+01,1.037725999999999905e-06,0.000000000000000000e+00
5.928436096357260112e+02,2.049851313903642733e+02,2.000000000000000000e+01,1.027161000000000075e-06,0.000000000000000000e+00
5.932692801039016786e+02,2.049847057198961124e+02,2.000000000000000000e+01,9.532814000000000197e-07,0.000000000000000000e+00
5.936966724417167143e+02,2.049842783275582860e+02,2.000000000000000000e+01,1.203618000000000078e-06,0.000000000000000000e+00
5.941050749695300510e+02,2.049838699250304614e+02,2.000000000000000000e+01,1.151638999999999927e-06,0.000000000000000000e+00
5.945357504578083763e+02,2.049834392495421866e+02,2.000000000000000000e+01,1.214750000000000101e-06,0.000000000000000000e+00
5.949380678642143039e+02,2.049830369321357750e+02,2.000000000000000000e+01,1.287130999999999934e-06,0.000000000000000000e+00
5.953464559662841111e+02,2.049826285440337301e+02,2.000000000000000000e+01,1.257357999999999922e-06,0.000000000000000000e+00
5.957825487939970799e+02,2.049821924512060036e+02,2.000000000000000000e+01,1.171646999999999956e-06,0.000000000000000000e+00
5.961679997970071554e+02,2.049818070002029913e+02,2.000000000000000000e+01,9.822688000000000084e-07,0.000000000000000000e+00
5.966082888981129599e+02,2.049813667111018844e+02,2.000000000000000000e+01,1.231935999999999948e-06,0.000000000000000000e+00
5.970325320565852962e+02,2.049809424679434073e+02,2.000000000000000000e+01,1.196313000000000027e-06,0.000000000000000000e+00
5.974375181887578492e+02,2.049805374818112398e+02,2.000000000000000000e+01,1.143590999999999907e-06,0.000000000000000000e+00
5.978666794645744176e+02,2.049801083205354360e+02,2.000000000000000000e+01,1.161592000000000016e-06,0.000000000000000000e+00
5.982822270352797887e+02,2.049796927729647109e+02,2.000000000000000000e+01,1.096778000000000055e-06,0.000000000000000000e+00
5.987068200182172859e+02,2.049792681799817728e+02,2.000000000000000000e+01,1.178151999999999948e-06,0.000000000000000000e+00
5.991147632556222788e+02,2.049788602367443673e+02,2.000000000000000000e+01,1.172986000000000072e-06,0.000000000000000000e+00
5.995502328700589487e+02,2.049784247671299511e+02,2.000000000000000000e+01,1.146487000000000014e-06,0.000000000000000000e+00
5.999991405327749590e+02,2.049779758594672217e+02,2.000000000000000000e+01,1.069988000000000012e-06,0.000000000000000000e+00
6.004149616687871003e+02,2.049775600383312053e+02,2.000000000000000000e+01,1.096719999999999937e-06,0.000000000000000000e+00
6.008024571601240496e+02,2.049771725428398668e+02,2.000000000000000000e+01,1.163979000000000050e-06,0.000000000000000000e+00
6.012238221786558370e+02,2.049767511778213418e+02,2.000000000000000000e+01,1.075400999999999930e-06,0.000000000000000000e+00
6.016476240606738202e+02,2.049763273759393201e+02,2.000000000000000000e+01,1.176056999999999928e-06,0.000000000000000000e+00
6.020561298008062749e+02,2.049759188701991945e+02,2.000000000000000000e+01,1.228966999999999943e-06,0.000000000000000000e+00
6.024589747036498011e+02,2.049755160252963435e+02,2.000000000000000000e+01,1.095235000000000026e-06,0.000000000000000000e+00
6.028931838142444803e+02,2.049750818161857637e+02,2.000000000000000000e+01,9.929207999999999108e-07,0.000000000000000000e+00
6.033028581063480260e+02,2.049746721418936488e+02,2.000000000000000000e+01,1.064895000000000034e-06,0.000000000000000000e+00
6.037057730398386184e+02,2.049742692269601605e+02,2.000000000000000000e+01,1.079897999999999973e-06,0.000000000000000000e+00
6.041366759306889662e+02,2.049738383240693054e+02,2.000000000000000000e+01,9.452487999999999588e-07,0.000000000000000000e+00
6.045619471411247332e+02,2.049734130528588878e+02,2.000000000000000000e+01,1.107167999999999925e-06,0.000000000000000000e+00
6.049698040903308538e+02,2.049730051959096784e+02,2.000000000000000000e+01,1.196167000000000020e-06,0.000000000000000000e+00
6.053850729228404361e+02,2.049725899270771663e+02,2.000000000000000000e+01,9.422074000000000094e-07,0.000000000000000000e+00
6.058139263879251075e+02,2.049721610736120851e+02,2.000000000000000000e+01,1.059597999999999930e-06,0.000000000000000000e+00
6.062188068723013430e+02,2.049717561931277032e+02,2.000000000000000000e+01,1.067718000000000032e-06,0.000000000000000000e+00
6.066525401418316505e+02,2.049713224598581576e+02,2.000000000000000000e+01,1.063177000000000045e-06,0.000000000000000000e+00
6.070832156301099758e+02,2.049708917843698828e+02,2.000000000000000000e+01,1.051419999999999922e-06,0.000000000000000000e+00
6.074905240725190652e+02,2.049704844759274920e+02,2.000000000000000000e+01,1.145817999999999970e-06,0.000000000000000000e+00
6.079047364440202728e+02,2.049700702635559821e+02,2.000000000000000000e+01,8.408678999999999906e-07,0.000000000000000000e+00
6.083200168049407921e+02,2.049696549831950563e+02,2.000000000000000000e+01,9.759823999999999528e-07,0.000000000000000000e+00
6.087606892227619255e+02,2.049692143107772324e+02,2.000000000000000000e+01,1.132953999999999995e-06,0.000000000000000000e+00
6.091602445936210870e+02,2.049688147554063846e+02,2.000000000000000000e+01,1.024832999999999976e-06,0.000000000000000000e+00
6.095839874653497645e+02,2.049683910125346529e+02,2.000000000000000000e+01,1.083681000000000001e-06,0.000000000000000000e+00
6.100274841214242088e+02,2.049679475158785920e+02,2.000000000000000000e+01,1.103821000000000074e-06,0.000000000000000000e+00
6.104238589190764515e+02,2.049675511410809179e+02,2.000000000000000000e+01,8.800561999999999868e-07,0.000000000000000000e+00
6.108391285519654730e+02,2.049671358714480505e+02,2.000000000000000000e+01,1.042382999999999918e-06,0.000000000000000000e+00
6.112539583558767617e+02,2.049667210416441208e+02,2.000000000000000000e+01,1.000342000000000078e-06,0.000000000000000000e+00
6.116615427168633232e+02,2.049663134572831495e+02,2.000000000000000000e+01,9.546783999999999362e-07,0.000000000000000000e+00
6.120847415800565159e+02,2.049658902584199325e+02,2.000000000000000000e+01,9.967333999999999512e-07,0.000000000000000000e+00
6.125003968337273363e+02,2.049654746031662853e+02,2.000000000000000000e+01,1.095381000000000033e-06,0.000000000000000000e+00
6.129160325920428249e+02,2.049650589674079697e+02,2.000000000000000000e+01,9.911455000000000127e-07,0.000000000000000000e+00
6.133037950221327037e+02,2.049646712049778614e+02,2.000000000000000000e+01,7.470517000000000349e-07,0.000000000000000000e+00
6.137471588597056780e+02,2.049642278411402856e+02,2.000000000000000000e+01,1.059451999999999924e-06,0.000000000000000000e+00
6.141555976977293767e+02,2.049638194023022777e+02,2.000000000000000000e+01,9.582145000000000733e-07,0.000000000000000000e+00
6.145701442935184104e+02,2.049634048557064716e+02,2.000000000000000000e+01,9.848444999999999353e-07,0.000000000000000000e+00
6.150173980577302473e+02,2.049629576019422643e+02,2.000000000000000000e+01,1.163468999999999948e-06,0.000000000000000000e+00
6.154178801803477654e+02,2.049625571198196496e+02,2.000000000000000000e+01,1.089895000000000006e-06,0.000000000000000000e+00
6.158237405826066606e+02,2.049621512594173964e+02,2.000000000000000000e+01,1.124863000000000058e-06,0.000000000000000000e+00
6.162412410357840145e+02,2.049617337589642148e+02,2.000000000000000000e+01,1.183943999999999951e-06,0.000000000000000000e+00
6.166580069403415791e+02,2.049613169930596541e+02,2.000000000000000000e+01,9.946815999999999380e-07,0.000000000000000000e+00
6.170885993874046562e+02,2.049608864006125941e+02,2.000000000000000000e+01,1.087727000000000089e-06,0.000000000000000000e+00
6.175123384088360581e+02,2.049604626615911798e+02,2.000000000000000000e+01,1.326959999999999913e-06,0.000000000000000000e+00
6.179191681023639831e+02,2.049600558318976482e+02,2.000000000000000000e+01,1.244348999999999968e-06,0.000000000000000000e+00
6.183439773340048760e+02,2.049596310226660023e+02,2.000000000000000000e+01,1.035514000000000044e-06,0.000000000000000000e+00
6.187589624025233661e+02,2.049592160375974856e+02,2.000000000000000000e+01,1.053267999999999899e-06,0.000000000000000000e+00
6.191880083277309268e+02,2.049587869916722696e+02,2.000000000000000000e+01,1.017441000000000064e-06,0.000000000000000000e+00
6.196308026241084690e+02,2.049583441973759079e+02,2.000000000000000000e+01,8.911737999999999725e-07,0.000000000000000000e+00
6.200266315386784299e+02,2.049579483684613308e+02,2.000000000000000000e+01,1.281761999999999960e-06,0.000000000000000000e+00
6.204478194481405353e+02,2.049575271805518639e+02,2.000000000000000000e+01,1.090564000000000050e-06,0.000000000000000000e+00
6.208911455329074442e+02,2.049570838544671005e+02,2.000000000000000000e+01,1.192965999999999964e-06,0.000000000000000000e+00
6.212963796213484784e+02,2.049566786203786535e+02,2.000000000000000000e+01,1.212566999999999981e-06,0.000000000000000000e+00
6.217002602562083666e+02,2.049562747397438045e+02,2.000000000000000000e+01,1.055333999999999966e-06,0.000000000000000000e+00
6.221356850400121630e+02,2.049558393149600022e+02,2.000000000000000000e+01,1.236999999999999973e-06,0.000000000000000000e+00
6.225436381843811660e+02,2.049554313618156129e+02,2.000000000000000000e+01,1.190929000000000063e-06,0.000000000000000000e+00
6.229685996543680631e+02,2.049550064003456384e+02,2.000000000000000000e+01,1.110077999999999996e-06,0.000000000000000000e+00
6.233560899408911382e+02,2.049546189100591107e+02,2.000000000000000000e+01,1.288339000000000033e-06,0.000000000000000000e+00
6.237713529472260916e+02,2.049542036470527648e+02,2.000000000000000000e+01,1.206105999999999934e-06,0.000000000000000000e+00
0.000000000000000000e+00,2.055779750000000092e+02,2.500000000000000000e+01,2.243834999999999837e-05,0.000000000000000000e+00
0.000000000000000000e+00,2.055779750000000092e+02,2.500000000000000000e+01,-2.034648999999999838e-06,0.000000000000000000e+00
0.000000000000000000e+00,2.055779750000000092e+02,2.500000000000000000e+01,-1.044406000000000068e-06,0.000000000000000000e+00
4.796460986427879963e-02,2.055779270353901325e+02,2.500000000000000000e+01,-4.408065999999999894e-07,0.000000000000000000e+00
1.993108986959520879e-01,2.055777756891013155e+02,2.500000000000000000e+01,9.458744999999999476e-10,0.000000000000000000e+00
3.909145694048045128e-01,2.055775840854306011e+02,2.500000000000000000e+01,3.331514999999999773e-07,0.000000000000000000e+00
6.143312134439524730e-01,2.055773606687865538e+02,2.500000000000000000e+01,5.878101000000000127e-07,0.000000000000000000e+00
8.696655019577284040e-01,2.055771053344980430e+02,2.500000000000000000e+01,6.082846000000000019e-07,0.000000000000000000e+00
1.175469800899165085e+00,2.055767995301991107e+02,2.500000000000000000e+01,7.157795999999999993e-07,0.000000000000000000e+00
1.524693606020255610e+00,2.055764503063939799e+02,2.500000000000000000e+01,7.482449000000000220e-07,0.000000000000000000e+00
1.909956769569082891e+00,2.055760650432304431e+02,2.500000000000000000e+01,7.937197000000000131e-07,0.000000000000000000e+00
2.333090989816311911e+00,2.055756419090101872e+02,2.500000000000000000e+01,9.685172999999999927e-07,0.000000000000000000e+00
2.748540448430960126e+00,2.055752264595515726e+02,2.500000000000000000e+01,1.176362000000000088e-06,0.000000000000000000e+00
3.147300319339678687e+00,2.055748276996806680e+02,2.500000000000000000e+01,1.093504000000000102e-06,0.000000000000000000e+00
3.587587501810848067e+00,2.055743874124981971e+02,2.500000000000000000e+01,1.217777000000000013e-06,0.000000000000000000e+00
4.018712373533429805e+00,2.055739562876264586e+02,2.500000000000000000e+01,1.174951000000000103e-06,0.000000000000000000e+00
4.419878747718220424e+00,2.055735551212522978e+02,2.500000000000000000e+01,1.160603000000000033e-06,0.000000000000000000e+00
4.826496679050043426e+00,2.055731485033209651e+02,2.500000000000000000e+01,1.311665999999999988e-06,0.000000000000000000e+00
5.243442269355887753e+00,2.055727315577306342e+02,2.500000000000000000e+01,1.294901999999999931e-06,0.000000000000000000e+00
5.651569782273210052e+00,2.055723234302177218e+02,2.500000000000000000e+01,1.153821000000000019e-06,0.000000000000000000e+00
6.082411761207494827e+00,2.055718925882387964e+02,2.500000000000000000e+01,1.046792000000000074e-06,0.000000000000000000e+00
6.513206412422198888e+00,2.055714617935875879e+02,2.500000000000000000e+01,1.261200000000000097e-06,0.000000000000000000e+00
6.931761083065178575e+00,2.055710432389169284e+02,2.500000000000000000e+01,1.342748999999999949e-06,0.000000000000000000e+00
7.319139315185410055e+00,2.055706558606848091e+02,2.500000000000000000e+01,1.242341000000000020e-06,0.000000000000000000e+00
7.761152831928241902e+00,2.055702138471680769e+02,2.500000000000000000e+01,1.278866000000000064e-06,0.000000000000000000e+00
8.184725606164269252e+00,2.055697902743938243e+02,2.500000000000000000e+01,1.303370999999999925e-06,0.000000000000000000e+00
8.621176077135608296e+00,2.055693538239228531e+02,2.500000000000000000e+01,1.187291000000000014e-06,0.000000000000000000e+00
9.006365989933678762e+00,2.055689686340100764e+02,2.500000000000000000e+01,1.324369999999999993e-06,0.000000000000000000e+00
9.436476324317448316e+00,2.055685385236756986e+02,2.500000000000000000e+01,1.309920000000000072e-06,0.000000000000000000e+00
9.865123842934767850e+00,2.055681098761570809e+02,2.500000000000000000e+01,1.338878000000000033e-06,0.000000000000000000e+00
1.028039699179357136e+01,2.055676946030082206e+02,2.500000000000000000e+01,1.198961000000000065e-06,0.000000000000000000e+00
1.068852792032983423e+01,2.055672864720796724e+02,2.500000000000000000e+01,1.275853999999999931e-06,0.000000000000000000e+00
1.111387479076142348e+01,2.055668611252092433e+02,2.500000000000000000e+01,1.241482000000000026e-06,0.000000000000000000e+00
1.154500865614156879e+01,2.055664299913438526e+02,2.500000000000000000e+01,1.233943999999999895e-06,0.000000000000000000e+00
1.194841461034852870e+01,2.055660265853896647e+02,2.500000000000000000e+01,1.233304000000000017e-06,0.000000000000000000e+00
1.235810909432501958e+01,2.055656168909056873e+02,2.500000000000000000e+01,1.265506999999999978e-06,0.000000000000000000e+00
1.277113085033517059e+01,2.055652038691496557e+02,2.500000000000000000e+01,1.215011999999999922e-06,0.000000000000000000e+00
1.317739701852880074e+01,2.055647976029814856e+02,2.500000000000000000e+01,1.201856999999999960e-06,0.000000000000000000e+00
1.360803454786927169e+01,2.055643669654521375e+02,2.500000000000000000e+01,1.345761000000000082e-06,0.000000000000000000e+00
1.403899513504229013e+01,2.055639360048649564e+02,2.500000000000000000e+01,1.390959000000000035e-06,0.000000000000000000e+00
1.444182508198473158e+01,2.055635331749180068e+02,2.500000000000000000e+01,1.318142000000000025e-06,0.000000000000000000e+00
1.485090983895883632e+01,2.055631240901610397e+02,2.500000000000000000e+01,1.309118999999999985e-06,0.000000000000000000e+00
1.526616557495692561e+01,2.055627088344250524e+02,2.500000000000000000e+01,1.197535000000000089e-06,0.000000000000000000e+00
1.571326743267730564e+01,2.055622617325673218e+02,2.500000000000000000e+01,1.356412999999999984e-06,0.000000000000000000e+00
1.610165623452972028e+01,2.055618733437654839e+02,2.500000000000000000e+01,1.381908000000000068e-06,0.000000000000000000e+00
1.653547241917030419e+01,2.055614395275808306e+02,2.500000000000000000e+01,1.340463999999999978e-06,0.000000000000000000e+00
1.694034084417167207e+01,2.055610346591558368e+02,2.500000000000000000e+01,1.350388999999999930e-06,0.000000000000000000e+00
1.734270027998303831e+01,2.055606322997200266e+02,2.500000000000000000e+01,1.324865000000000105e-06,0.000000000000000000e+00
1.778205217910732472e+01,2.055601929478208945e+02,2.500000000000000000e+01,1.287088000000000017e-06,0.000000000000000000e+00
1.820577003649896497e+01,2.055597692299635071e+02,2.500000000000000000e+01,1.329593999999999988e-06,0.000000000000000000e+00
1.864056657488234947e+01,2.055593344334251071e+02,2.500000000000000000e+01,1.283478999999999922e-06,0.000000000000000000e+00
1.902866541869796535e+01,2.055589463345812931e+02,2.500000000000000000e+01,1.141757999999999920e-06,0.000000000000000000e+00
1.947543789595779984e+01,2.055584995621040321e+02,2.500000000000000000e+01,1.207270999999999905e-06,0.000000000000000000e+00
1.989085761526757423e+01,2.055580841423847289e+02,2.500000000000000000e+01,1.301174000000000055e-06,0.000000000000000000e+00
2.030615633282442545e+01,2.055576688436671873e+02,2.500000000000000000e+01,1.343826000000000032e-06,0.000000000000000000e+00
2.072649017184992459e+01,2.055572485098281561e+02,2.500000000000000000e+01,1.254971999999999917e-06,0.000000000000000000e+00
2.114423340584855993e+01,2.055568307665941461e+02,2.500000000000000000e+01,1.198495999999999934e-06,0.000000000000000000e+00
2.156532677741970261e+01,2.055564096732225892e+02,2.500000000000000000e+01,1.256180000000000016e-06,0.000000000000000000e+00
2.197073196089601055e+01,2.055560042680391177e+02,2.500000000000000000e+01,1.250561999999999945e-06,0.000000000000000000e+00
2.238288953994752006e+01,2.055555921104600543e+02,2.500000000000000000e+01,9.416690000000000130e-07,0.000000000000000000e+00
2.279807173791348518e+01,2.055551769282620853e+02,2.500000000000000000e+01,1.256587000000000027e-06,0.000000000000000000e+00
2.320196028133511135e+01,2.055547730397186683e+02,2.500000000000000000e+01,1.276610000000000047e-06,0.000000000000000000e+00
2.362849583032247835e+01,2.055543465041696720e+02,2.500000000000000000e+01,1.291148000000000068e-06,0.000000000000000000e+00
2.406488692900763482e+01,2.055539101130709980e+02,2.500000000000000000e+01,1.369510000000000039e-06,0.000000000000000000e+00
2.446686817991759000e+01,2.055535081318200810e+02,2.500000000000000000e+01,1.283347999999999906e-06,0.000000000000000000e+00
2.487483145672860374e+01,2.055531001685432670e+02,2.500000000000000000e+01,1.343606999999999916e-06,0.000000000000000000e+00
2.531141666776402133e+01,2.055526635833322473e+02,2.500000000000000000e+01,1.296401000000000016e-06,0.000000000000000000e+00
2.573520395725191179e+01,2.055522397960427554e+02,2.500000000000000000e+01,1.250766000000000071e-06,0.000000000000000000e+00
2.613424605167108083e+01,2.055518407539483405e+02,2.500000000000000000e+01,1.295323999999999933e-06,0.000000000000000000e+00
2.655842013101457155e+01,2.055514165798689987e+02,2.500000000000000000e+01,1.321837999999999981e-06,0.000000000000000000e+00
2.700671686537126703e+01,2.055509682831346367e+02,2.500000000000000000e+01,1.352833000000000054e-06,0.000000000000000000e+00
2.742366728252975250e+01,2.055505513327174754e+02,2.500000000000000000e+01,1.387917999999999948e-06,0.000000000000000000e+00
2.783913147189015902e+01,2.055501358685281161e+02,2.500000000000000000e+01,1.277207000000000010e-06,0.000000000000000000e+00
2.823246705922111843e+01,2.055497425329407690e+02,2.500000000000000000e+01,1.322376000000000009e-06,0.000000000000000000e+00
2.866175135770982507e+01,2.055493132486423065e+02,2.500000000000000000e+01,1.330641999999999905e-06,0.000000000000000000e+00
2.909236053904707830e+01,2.055488826394609418e+02,2.500000000000000000e+01,1.220919999999999950e-06,0.000000000000000000e+00
2.952294506629654336e+01,2.055484520549337049e+02,2.500000000000000000e+01,1.279870000000000038e-06,0.000000000000000000e+00
2.992387769770992278e+01,2.055480511223022972e+02,2.500000000000000000e+01,1.210194999999999939e-06,0.000000000000000000e+00
3.033065926132477941e+01,2.055476443407386853e+02,2.500000000000000000e+01,1.177788000000000064e-06,0.000000000000000000e+00
3.074665172014747938e+01,2.055472283482798446e+02,2.500000000000000000e+01,1.347464000000000081e-06,0.000000000000000000e+00
3.116252215975508122e+01,2.055468124778402341e+02,2.500000000000000000e+01,1.277832999999999925e-06,0.000000000000000000e+00
3.158544240459222507e+01,2.055463895575954041e+02,2.500000000000000000e+01,1.281951000000000095e-06,0.000000000000000000e+00
3.201509572757092315e+01,2.055459599042724221e+02,2.500000000000000000e+01,1.334017999999999922e-06,0.000000000000000000e+00
3.240745212627561500e+01,2.055455675478737305e+02,2.500000000000000000e+01,1.322885999999999899e-06,0.000000000000000000e+00
3.282308307832586536e+01,2.055451519169216681e+02,2.500000000000000000e+01,1.399880000000000012e-06,0.000000000000000000e+00
3.326333465316302096e+01,2.055447116653468527e+02,2.500000000000000000e+01,1.384395999999999925e-06,0.000000000000000000e+00
3.364878201279520908e+01,2.055443262179872193e+02,2.500000000000000000e+01,1.345571999999999947e-06,0.000000000000000000e+00
3.408759759154559532e+01,2.055438874024084441e+02,2.500000000000000000e+01,1.372435000000000100e-06,0.000000000000000000e+00
3.451186576435506481e+01,2.055434631342356511e+02,2.500000000000000000e+01,1.387438000000000039e-06,0.000000000000000000e+00
3.491860197267403976e+01,2.055430563980273178e+02,2.500000000000000000e+01,1.342429000000000010e-06,0.000000000000000000e+00
3.533440489045801769e+01,2.055426405951095319e+02,2.500000000000000000e+01,1.318170999999999979e-06,0.000000000000000000e+00
3.575769907258572289e+01,2.055422173009274047e+02,2.500000000000000000e+01,1.274834999999999967e-06,0.000000000000000000e+00
3.615726130222572010e+01,2.055418177386977732e+02,2.500000000000000000e+01,1.279389999999999917e-06,0.000000000000000000e+00
3.658092913094301224e+01,2.055413940708690461e+02,2.500000000000000000e+01,1.347609000000000060e-06,0.000000000000000000e+00
3.702679310949665137e+01,2.055409482068905049e+02,2.500000000000000000e+01,1.221269000000000055e-06,0.000000000000000000e+00
3.741217224835722988e+01,2.055405628277516428e+02,2.500000000000000000e+01,1.321794000000000037e-06,0.000000000000000000e+00
3.782708210672964100e+01,2.055401479178932789e+02,2.500000000000000000e+01,1.322535999999999978e-06,0.000000000000000000e+00
3.825107678129721478e+01,2.055397239232187019e+02,2.500000000000000000e+01,1.205859000000000104e-06,0.000000000000000000e+00
3.868182936999848209e+01,2.055392931706300033e+02,2.500000000000000000e+01,1.271298999999999981e-06,0.000000000000000000e+00
3.911271494229143286e+01,2.055388622850577178e+02,2.500000000000000000e+01,1.269930999999999912e-06,0.000000000000000000e+00
3.954345770888271971e+01,2.055384315422911072e+02,2.500000000000000000e+01,1.220337999999999979e-06,0.000000000000000000e+00
3.996851836064357144e+01,2.055380064816393713e+02,2.500000000000000000e+01,1.191597999999999895e-06,0.000000000000000000e+00
4.035603727325258205e+01,2.055376189627267536e+02,2.500000000000000000e+01,1.168722999999999923e-06,0.000000000000000000e+00
4.077136249370477827e+01,2.055372036375063090e+02,2.500000000000000000e+01,1.100751000000000034e-06,0.000000000000000000e+00
4.121816977618740907e+01,2.055367568302238226e+02,2.500000000000000000e+01,1.152889999999999943e-06,0.000000000000000000e+00
4.160669277734164240e+01,2.055363683072226593e+02,2.500000000000000000e+01,1.223423000000000009e-06,0.000000000000000000e+00
4.204165549674372215e+01,2.055359333445032632e+02,2.500000000000000000e+01,1.131992999999999938e-06,0.000000000000000000e+00
4.244565284906315128e+01,2.055355293471509412e+02,2.500000000000000000e+01,9.711365999999998950e-07,0.000000000000000000e+00
4.284921152235799724e+01,2.055351257884776430e+02,2.500000000000000000e+01,1.101652999999999945e-06,0.000000000000000000e+00
4.328473510823881298e+01,2.055346902648917649e+02,2.500000000000000000e+01,1.187785999999999913e-06,0.000000000000000000e+00
4.366981494101319328e+01,2.055343051850589973e+02,2.500000000000000000e+01,1.040796999999999973e-06,0.000000000000000000e+00
4.411063785643740687e+01,2.055338643621435608e+02,2.500000000000000000e+01,1.045235000000000082e-06,0.000000000000000000e+00
4.452856768001272059e+01,2.055334464323199768e+02,2.500000000000000000e+01,1.149498999999999936e-06,0.000000000000000000e+00
4.492555968680255774e+01,2.055330494403131922e+02,2.500000000000000000e+01,1.109904000000000063e-06,0.000000000000000000e+00
4.535674334996898693e+01,2.055326182566500393e+02,2.500000000000000000e+01,1.090273000000000064e-06,0.000000000000000000e+00
4.578414787277353781e+01,2.055321908521272292e+02,2.500000000000000000e+01,1.135834999999999900e-06,0.000000000000000000e+00
4.619127083487734353e+01,2.055317837291651131e+02,2.500000000000000000e+01,1.074018999999999898e-06,0.000000000000000000e+00
4.660336308785991832e+01,2.055313716369121551e+02,2.500000000000000000e+01,1.073888000000000093e-06,0.000000000000000000e+00
4.704759792843201183e+01,2.055309274020715691e+02,2.500000000000000000e+01,1.112638999999999962e-06,0.000000000000000000e+00
4.747322817377474991e+01,2.055305017718262377e+02,2.500000000000000000e+01,1.037289999999999940e-06,0.000000000000000000e+00
4.787449463969465313e+01,2.055301005053603092e+02,2.500000000000000000e+01,9.819340999999998962e-07,0.000000000000000000e+00
4.831680463438225104e+01,2.055296581953656130e+02,2.500000000000000000e+01,1.122316000000000056e-06,0.000000000000000000e+00
4.870222925375724543e+01,2.055292727707462461e+02,2.500000000000000000e+01,1.081396000000000031e-06,0.000000000000000000e+00
4.914669232061068271e+01,2.055288283076793903e+02,2.500000000000000000e+01,1.017761000000000004e-06,0.000000000000000000e+00
4.957083892115746693e+01,2.055284041610788393e+02,2.500000000000000000e+01,1.152148000000000001e-06,0.000000000000000000e+00
5.001619352165874233e+01,2.055279588064783525e+02,2.500000000000000000e+01,1.033578999999999994e-06,0.000000000000000000e+00
5.039299547061069262e+01,2.055275820045293926e+02,2.500000000000000000e+01,8.730422000000000274e-07,0.000000000000000000e+00
5.081688587571268556e+01,2.055271581141242905e+02,2.500000000000000000e+01,9.683426000000000620e-07,0.000000000000000000e+00
5.124047866141845020e+01,2.055267345213385966e+02,2.500000000000000000e+01,1.013905000000000078e-06,0.000000000000000000e+00
5.163922690064171661e+01,2.055263357730993619e+02,2.500000000000000000e+01,8.991482999999999755e-07,0.000000000000000000e+00
5.207992198685780494e+01,2.055258950780131499e+02,2.500000000000000000e+01,9.530049000000000106e-07,0.000000000000000000e+00
5.246539208674720101e+01,2.055255096079132500e+02,2.500000000000000000e+01,9.446812000000000246e-07,0.000000000000000000e+00
5.290077717623982778e+01,2.055250742228237755e+02,2.500000000000000000e+01,8.169882000000000471e-07,0.000000000000000000e+00
5.331604018257480959e+01,2.055246589598174296e+02,2.500000000000000000e+01,8.848001000000000271e-07,0.000000000000000000e+00
5.371504875607332252e+01,2.055242599512439199e+02,2.500000000000000000e+01,9.495415999999999984e-07,0.000000000000000000e+00
5.414282043069982819e+01,2.055238321795692968e+02,2.500000000000000000e+01,9.553913999999999241e-07,0.000000000000000000e+00
5.457358528417765342e+01,2.055234014147158348e+02,2.500000000000000000e+01,8.595670999999999758e-07,0.000000000000000000e+00
5.497953196898780703e+01,2.055229954680310129e+02,2.500000000000000000e+01,1.067469999999999963e-06,0.000000000000000000e+00
5.539281188029792702e+01,2.055225821881197135e+02,2.500000000000000000e+01,9.821814999999999067e-07,0.000000000000000000e+00
5.580822048209505937e+01,2.055221667795179030e+02,2.500000000000000000e+01,7.209309999999999590e-07,0.000000000000000000e+00
5.622862360409437343e+01,2.055217463763958960e+02,2.500000000000000000e+01,1.046995999999999987e-06,0.000000000000000000e+00
5.663686648652164735e+01,2.055213381335134670e+02,2.500000000000000000e+01,9.863724999999999738e-07,0.000000000000000000e+00
5.706774810635437234e+01,2.055209072518936466e+02,2.500000000000000000e+01,9.717040999999999958e-07,0.000000000000000000e+00
5.749796035623409551e+01,2.055204770396437652e+02,2.500000000000000000e+01,1.020918999999999932e-06,0.000000000000000000e+00
5.789690655216011805e+01,2.055200780934478360e+02,2.500000000000000000e+01,1.106222000000000070e-06,0.000000000000000000e+00
5.833709081685498177e+01,2.055196379091831602e+02,2.500000000000000000e+01,1.027322000000000072e-06,0.000000000000000000e+00
5.872210129493407038e+01,2.055192528987050764e+02,2.500000000000000000e+01,1.008738999999999991e-06,0.000000000000000000e+00
5.916832931816121999e+01,2.055188066706818404e+02,2.500000000000000000e+01,1.117877999999999947e-06,0.000000000000000000e+00
5.959195308208688147e+01,2.055183830469179043e+02,2.500000000000000000e+01,1.049513000000000009e-06,0.000000000000000000e+00
6.001554586779264611e+01,2.055179594541322103e+02,2.500000000000000000e+01,9.425858000000000361e-07,0.000000000000000000e+00
6.046014904622560948e+01,2.055175148509537735e+02,2.500000000000000000e+01,9.997311000000000919e-07,0.000000000000000000e+00
6.084791704657141764e+01,2.055171270829534365e+02,2.500000000000000000e+01,1.030391999999999900e-06,0.000000000000000000e+00
6.126301991677048164e+01,2.055167119800832438e+02,2.500000000000000000e+01,9.854266000000000580e-07,0.000000000000000000e+00
6.169132809611588897e+01,2.055162836719038921e+02,2.500000000000000000e+01,9.045907000000000270e-07,0.000000000000000000e+00
6.208442817013764881e+01,2.055158905718298570e+02,2.500000000000000000e+01,1.128792000000000093e-06,0.000000000000000000e+00
6.253042885246470206e+01,2.055154445711475262e+02,2.500000000000000000e+01,1.224980000000000001e-06,0.000000000000000000e+00
6.295284974474513717e+01,2.055150221502552483e+02,2.500000000000000000e+01,1.141626999999999903e-06,0.000000000000000000e+00
6.334063996861664236e+01,2.055146343600313799e+02,2.500000000000000000e+01,1.059656000000000049e-06,0.000000000000000000e+00
6.375652769125560582e+01,2.055142184723087553e+02,2.500000000000000000e+01,1.112391999999999920e-06,0.000000000000000000e+00
6.418626644366854350e+01,2.055137887335563391e+02,2.500000000000000000e+01,1.063338000000000042e-06,0.000000000000000000e+00
6.459443614720998994e+01,2.055133805638527917e+02,2.500000000000000000e+01,1.046545000000000032e-06,0.000000000000000000e+00
6.502502067445945499e+01,2.055129499793255548e+02,2.500000000000000000e+01,1.053048999999999995e-06,0.000000000000000000e+00
6.542644438646881611e+01,2.055125485556135345e+02,2.500000000000000000e+01,1.177147999999999974e-06,0.000000000000000000e+00
6.583328613587086409e+01,2.055121417138641391e+02,2.500000000000000000e+01,1.137362999999999939e-06,0.000000000000000000e+00
6.624890932298150403e+01,2.055117260906770298e+02,2.500000000000000000e+01,8.399801999999999660e-07,0.000000000000000000e+00
6.667953933074537076e+01,2.055112954606692597e+02,2.500000000000000000e+01,7.206981999999999703e-07,0.000000000000000000e+00
6.712148670722106658e+01,2.055108535132927727e+02,2.500000000000000000e+01,1.017979000000000092e-06,0.000000000000000000e+00
6.751854410652786953e+01,2.055104564558934612e+02,2.500000000000000000e+01,1.068285000000000013e-06,0.000000000000000000e+00
6.793819104026293587e+01,2.055100368089597396e+02,2.500000000000000000e+01,9.877402999999999525e-07,0.000000000000000000e+00
6.836831507011140729e+01,2.055096066849298779e+02,2.500000000000000000e+01,1.003936999999999999e-06,0.000000000000000000e+00
6.879694689405465624e+01,2.055091780531059555e+02,2.500000000000000000e+01,1.003864000000000101e-06,0.000000000000000000e+00
6.921933654112901024e+01,2.055087556634588850e+02,2.500000000000000000e+01,9.268114999999999608e-07,0.000000000000000000e+00
6.962740072799826407e+01,2.055083475992720139e+02,2.500000000000000000e+01,7.791095000000000323e-07,0.000000000000000000e+00
7.005814583483692104e+01,2.055079168541651597e+02,2.500000000000000000e+01,7.989729000000000512e-07,0.000000000000000000e+00
7.048644319664960278e+01,2.055074885568033665e+02,2.500000000000000000e+01,8.578645000000000516e-07,0.000000000000000000e+00
7.087418445951176693e+01,2.055071008155404968e+02,2.500000000000000000e+01,7.617345999999999896e-07,0.000000000000000000e+00
7.128958201739958156e+01,2.055066854179825953e+02,2.500000000000000000e+01,7.207272999999999689e-07,0.000000000000000000e+00
7.169530395721925231e+01,2.055062796960427818e+02,2.500000000000000000e+01,8.342031000000000142e-07,0.000000000000000000e+00
7.213333030163653348e+01,2.055058416696983556e+02,2.500000000000000000e+01,8.575007000000000467e-07,0.000000000000000000e+00
7.255717601393163818e+01,2.055054178239860789e+02,2.500000000000000000e+01,7.524067999999999847e-07,0.000000000000000000e+00
7.295988032391403522e+01,2.055050151196761021e+02,2.500000000000000000e+01,6.798073000000000498e-07,0.000000000000000000e+00
7.337968308167938858e+01,2.055045953169183122e+02,2.500000000000000000e+01,8.418427999999999658e-07,0.000000000000000000e+00
7.379881753545868150e+01,2.055041761824645334e+02,2.500000000000000000e+01,9.679496999999999526e-07,0.000000000000000000e+00
7.420232140843054935e+01,2.055037726785915595e+02,2.500000000000000000e+01,8.602364999999999884e-07,0.000000000000000000e+00
7.463739420719568329e+01,2.055033376057928081e+02,2.500000000000000000e+01,7.079798000000000329e-07,0.000000000000000000e+00
7.504527370909327999e+01,2.055029297262909154e+02,2.500000000000000000e+01,7.530470999999999987e-07,0.000000000000000000e+00
7.547085457693428623e+01,2.055025041454230745e+02,2.500000000000000000e+01,8.984352000000000484e-07,0.000000000000000000e+00
7.588637134199225898e+01,2.055020886286580151e+02,2.500000000000000000e+01,7.734487999999999689e-07,0.000000000000000000e+00
7.627417120428340525e+01,2.055017008287957196e+02,2.500000000000000000e+01,5.036418000000000464e-07,0.000000000000000000e+00
7.670040635232373916e+01,2.055012745936476790e+02,2.500000000000000000e+01,5.476612999999999728e-07,0.000000000000000000e+00
7.712032489831621263e+01,2.055008546751016922e+02,2.500000000000000000e+01,5.343172000000000433e-07,0.000000000000000000e+00
7.754335189255469629e+01,2.055004316481074511e+02,2.500000000000000000e+01,4.324392999999999751e-07,0.000000000000000000e+00
7.796716980729502211e+01,2.055000078301927147e+02,2.500000000000000000e+01,6.436311999999999592e-07,0.000000000000000000e+00
7.840663227248390399e+01,2.054995683677275053e+02,2.500000000000000000e+01,7.944327000000000010e-07,0.000000000000000000e+00
7.882240027438507468e+01,2.054991525997256190e+02,2.500000000000000000e+01,7.449271000000000027e-07,0.000000000000000000e+00
7.924020356270737864e+01,2.054987347964373043e+02,2.500000000000000000e+01,6.399205000000000424e-07,0.000000000000000000e+00
7.964835815197778857e+01,2.054983266418480241e+02,2.500000000000000000e+01,7.091148000000000229e-07,0.000000000000000000e+00
8.007919233519844227e+01,2.054978958076648041e+02,2.500000000000000000e+01,7.611378999999999509e-07,0.000000000000000000e+00
8.051077199026670428e+01,2.054974642280097328e+02,2.500000000000000000e+01,6.065819999999999718e-07,0.000000000000000000e+00
8.091772286768883760e+01,2.054970572771323134e+02,2.500000000000000000e+01,7.028283999999999674e-07,0.000000000000000000e+00
8.133338592671755407e+01,2.054966416140732974e+02,2.500000000000000000e+01,8.576462000000000396e-07,0.000000000000000000e+00
8.175665902053739842e+01,2.054962183409794534e+02,2.500000000000000000e+01,7.556082000000000096e-07,0.000000000000000000e+00
8.215626732851451663e+01,2.054958187326714949e+02,2.500000000000000000e+01,6.985647000000000322e-07,0.000000000000000000e+00
8.259557992765127210e+01,2.054953794200723394e+02,2.500000000000000000e+01,8.201895999999999661e-07,0.000000000000000000e+00
8.300350818285912169e+01,2.054949714918171537e+02,2.500000000000000000e+01,7.850322000000000222e-07,0.000000000000000000e+00
8.341968986794603325e+01,2.054945553101320570e+02,2.500000000000000000e+01,7.826748000000000013e-07,0.000000000000000000e+00
8.382643833373887787e+01,2.054941485616662646e+02,2.500000000000000000e+01,6.386399000000000143e-07,0.000000000000000000e+00
8.422735093576230270e+01,2.054937476490642325e+02,2.500000000000000000e+01,7.995258999999999635e-07,0.000000000000000000e+00
8.465781483201040203e+01,2.054933171851679958e+02,2.500000000000000000e+01,8.481001999999999620e-07,0.000000000000000000e+00
8.506565085259482828e+01,2.054929093491473964e+02,2.500000000000000000e+01,8.960633000000000508e-07,0.000000000000000000e+00
8.549603803239060085e+01,2.054924789619676062e+02,2.500000000000000000e+01,1.076928999999999968e-06,0.000000000000000000e+00
8.592047321564885465e+01,2.054920545267843579e+02,2.500000000000000000e+01,1.139997000000000014e-06,0.000000000000000000e+00
8.629941024730298693e+01,2.054916755897527025e+02,2.500000000000000000e+01,1.091931999999999907e-06,0.000000000000000000e+00
8.674328761583052483e+01,2.054912317123841774e+02,2.500000000000000000e+01,1.056759999999999942e-06,0.000000000000000000e+00
8.717438763011797676e+01,2.054908006123698954e+02,2.500000000000000000e+01,1.326596000000000029e-06,0.000000000000000000e+00
8.760497051757714360e+01,2.054903700294824205e+02,2.500000000000000000e+01,1.331703999999999998e-06,0.000000000000000000e+00
8.803267544631532360e+01,2.054899423245536809e+02,2.500000000000000000e+01,9.813084000000000099e-07,0.000000000000000000e+00
8.843135959372349930e+01,2.054895436404062821e+02,2.500000000000000000e+01,1.226916000000000079e-06,0.000000000000000000e+00
8.884649506486071857e+01,2.054891285049351382e+02,2.500000000000000000e+01,1.367442999999999945e-06,0.000000000000000000e+00
8.928255804333022638e+01,2.054886924419566583e+02,2.500000000000000000e+01,1.277018000000000087e-06,0.000000000000000000e+00
8.968435608597533815e+01,2.054882906439140129e+02,2.500000000000000000e+01,1.260486999999999897e-06,0.000000000000000000e+00
9.010797131030535922e+01,2.054878670286896920e+02,2.500000000000000000e+01,1.346008999999999940e-06,0.000000000000000000e+00
9.054746869961431344e+01,2.054874275313003977e+02,2.500000000000000000e+01,1.341134000000000050e-06,0.000000000000000000e+00
9.095084409361996336e+01,2.054870241559063686e+02,2.500000000000000000e+01,1.315042000000000004e-06,0.000000000000000000e+00
9.136613489373660002e+01,2.054866088651062626e+02,2.500000000000000000e+01,1.234729999999999993e-06,0.000000000000000000e+00
9.175354263121901965e+01,2.054862214573687709e+02,2.500000000000000000e+01,1.376188999999999963e-06,0.000000000000000000e+00
9.218368769204744240e+01,2.054857913123079527e+02,2.500000000000000000e+01,1.382809999999999979e-06,0.000000000000000000e+00
9.260474031962759511e+01,2.054853702596803657e+02,2.500000000000000000e+01,1.350840000000000097e-06,0.000000000000000000e+00
9.302508699651700397e+01,2.054849499130034758e+02,2.500000000000000000e+01,1.315973000000000080e-06,0.000000000000000000e+00
9.344923546305972195e+01,2.054845257645369543e+02,2.500000000000000000e+01,1.403851999999999963e-06,0.000000000000000000e+00
9.383119495122984688e+01,2.054841438050487739e+02,2.500000000000000000e+01,1.404915000000000084e-06,0.000000000000000000e+00
9.427437694656488532e+01,2.054837006230534371e+02,2.500000000000000000e+01,1.229069000000000006e-06,0.000000000000000000e+00
9.470082864655489630e+01,2.054832741713534574e+02,2.500000000000000000e+01,1.182329000000000052e-06,0.000000000000000000e+00
9.509473105827903794e+01,2.054828802689417273e+02,2.500000000000000000e+01,1.382927000000000033e-06,0.000000000000000000e+00
9.553956226982715805e+01,2.054824354377301745e+02,2.500000000000000000e+01,1.282824000000000053e-06,0.000000000000000000e+00
9.594256103857439655e+01,2.054820324389614257e+02,2.500000000000000000e+01,1.369612000000000102e-06,0.000000000000000000e+00
9.635136501412779353e+01,2.054816236349858798e+02,2.500000000000000000e+01,1.347653000000000004e-06,0.000000000000000000e+00
9.676682920348820005e+01,2.054812081707965206e+02,2.500000000000000000e+01,1.411157000000000015e-06,0.000000000000000000e+00
9.717851170482873613e+01,2.054807964882951694e+02,2.500000000000000000e+01,1.396241999999999963e-06,0.000000000000000000e+00
9.760268811624123941e+01,2.054803723118837695e+02,2.500000000000000000e+01,1.327731000000000019e-06,0.000000000000000000e+00
9.803652093035691450e+01,2.054799384790696593e+02,2.500000000000000000e+01,1.326000000000000095e-06,0.000000000000000000e+00
9.848398621846422429e+01,2.054794910137815407e+02,2.500000000000000000e+01,1.407621000000000029e-06,0.000000000000000000e+00
9.887239337271739714e+01,2.054791026066272934e+02,2.500000000000000000e+01,1.439169999999999936e-06,0.000000000000000000e+00
9.928711491589575644e+01,2.054786878850840992e+02,2.500000000000000000e+01,1.429405999999999982e-06,0.000000000000000000e+00
9.971124217244968690e+01,2.054782637578275626e+02,2.500000000000000000e+01,1.392996999999999963e-06,0.000000000000000000e+00
1.001561338551015155e+02,2.054778188661449008e+02,2.500000000000000000e+01,1.377614999999999938e-06,0.000000000000000000e+00
1.005801518845392337e+02,2.054773948481154662e+02,2.500000000000000000e+01,1.391818000000000029e-06,0.000000000000000000e+00
1.009812627040249993e+02,2.054769937372959703e+02,2.500000000000000000e+01,1.469670999999999926e-06,0.000000000000000000e+00
1.014032373757007406e+02,2.054765717626243031e+02,2.500000000000000000e+01,1.387030000000000000e-06,0.000000000000000000e+00
1.018199818913491441e+02,2.054761550181086420e+02,2.500000000000000000e+01,1.493827000000000106e-06,0.000000000000000000e+00
1.022256474797585781e+02,2.054757493525202392e+02,2.500000000000000000e+01,1.474385000000000030e-06,0.000000000000000000e+00
1.026587588623972636e+02,2.054753162411375911e+02,2.500000000000000000e+01,1.467982999999999917e-06,0.000000000000000000e+00
1.030484578132112006e+02,2.054749265421867790e+02,2.500000000000000000e+01,1.520369999999999895e-06,0.000000000000000000e+00
1.034966957478728773e+02,2.054744783042521306e+02,2.500000000000000000e+01,1.619366000000000023e-06,0.000000000000000000e+00
1.038842944821883236e+02,2.054740907055178241e+02,2.500000000000000000e+01,1.679115999999999959e-06,0.000000000000000000e+00
1.042995054605985246e+02,2.054736754945394068e+02,2.500000000000000000e+01,1.643943999999999993e-06,0.000000000000000000e+00
1.047214299036672429e+02,2.054732535700963467e+02,2.500000000000000000e+01,1.653606999999999913e-06,0.000000000000000000e+00
1.051292892831367141e+02,2.054728457107168538e+02,2.500000000000000000e+01,1.572712999999999929e-06,0.000000000000000000e+00
1.055660335549989384e+02,2.054724089664450162e+02,2.500000000000000000e+01,1.573949999999999982e-06,0.000000000000000000e+00
1.059678024528849534e+02,2.054720071975471285e+02,2.500000000000000000e+01,1.558014999999999939e-06,0.000000000000000000e+00
1.063764650882392004e+02,2.054715985349117773e+02,2.500000000000000000e+01,1.628591999999999950e-06,0.000000000000000000e+00
1.068195621961990156e+02,2.054711554378038159e+02,2.500000000000000000e+01,1.698906999999999928e-06,0.000000000000000000e+00
1.072379132613315846e+02,2.054707370867386658e+02,2.500000000000000000e+01,1.601584000000000030e-06,0.000000000000000000e+00
1.076688618948190452e+02,2.054703061381051725e+02,2.500000000000000000e+01,1.598134999999999904e-06,0.000000000000000000e+00
1.080771452996465030e+02,2.054698978547003492e+02,2.500000000000000000e+01,1.655803999999999995e-06,0.000000000000000000e+00
1.085080481904968366e+02,2.054694669518094940e+02,2.500000000000000000e+01,1.602485999999999941e-06,0.000000000000000000e+00
1.089254676767301930e+02,2.054690495323232824e+02,2.500000000000000000e+01,1.555949000000000085e-06,0.000000000000000000e+00
1.093471034663312338e+02,2.054686278965336612e+02,2.500000000000000000e+01,1.559411999999999961e-06,0.000000000000000000e+00
1.097554562626016974e+02,2.054682195437374048e+02,2.500000000000000000e+01,1.470921999999999941e-06,0.000000000000000000e+00
1.101793742346906981e+02,2.054677956257653193e+02,2.500000000000000000e+01,1.498613999999999896e-06,0.000000000000000000e+00
1.105781896877862636e+02,2.054673968103122093e+02,2.500000000000000000e+01,1.429202000000000068e-06,0.000000000000000000e+00
1.110243904759922060e+02,2.054669506095240195e+02,2.500000000000000000e+01,1.497669000000000068e-06,0.000000000000000000e+00
1.114098199881156432e+02,2.054665651800118837e+02,2.500000000000000000e+01,1.514447000000000088e-06,0.000000000000000000e+00
1.118329387763670582e+02,2.054661420612236213e+02,2.500000000000000000e+01,1.512991999999999947e-06,0.000000000000000000e+00
1.122483695919500377e+02,2.054657266304080565e+02,2.500000000000000000e+01,1.476496000000000068e-06,0.000000000000000000e+00
1.126563627597753197e+02,2.054653186372402160e+02,2.500000000000000000e+01,1.468739000000000034e-06,0.000000000000000000e+00
1.130873130246801139e+02,2.054648876869753167e+02,2.500000000000000000e+01,1.482025000000000011e-06,0.000000000000000000e+00
1.135165222121573407e+02,2.054644584777878435e+02,2.500000000000000000e+01,1.563253999999999924e-06,0.000000000000000000e+00
1.139096109696213972e+02,2.054640653890303668e+02,2.500000000000000000e+01,1.664738999999999936e-06,0.000000000000000000e+00
1.143251336165610752e+02,2.054636498663834345e+02,2.500000000000000000e+01,1.646840000000000101e-06,0.000000000000000000e+00
1.147221146536787160e+02,2.054632528853463214e+02,2.500000000000000000e+01,1.527034000000000040e-06,0.000000000000000000e+00
1.151653039133546343e+02,2.054628096960866515e+02,2.500000000000000000e+01,1.595398999999999978e-06,0.000000000000000000e+00
1.155895741066342168e+02,2.054623854258933591e+02,2.500000000000000000e+01,1.457053999999999992e-06,0.000000000000000000e+00
1.159898560975038464e+02,2.054619851439024956e+02,2.500000000000000000e+01,1.507142000000000037e-06,0.000000000000000000e+00
1.164306679315559165e+02,2.054615443320684562e+02,2.500000000000000000e+01,1.558567999999999957e-06,0.000000000000000000e+00
1.168458018153577029e+02,2.054611291981846364e+02,2.500000000000000000e+01,1.437306999999999968e-06,0.000000000000000000e+00
1.172374953501650054e+02,2.054607375046498419e+02,2.500000000000000000e+01,1.554507999999999906e-06,0.000000000000000000e+00
1.176670534160305408e+02,2.054603079465839812e+02,2.500000000000000000e+01,1.604348999999999909e-06,0.000000000000000000e+00
1.181077752068513149e+02,2.054598672247931574e+02,2.500000000000000000e+01,1.560692999999999958e-06,0.000000000000000000e+00
1.185313930068942341e+02,2.054594436069931191e+02,2.500000000000000000e+01,1.540523999999999932e-06,0.000000000000000000e+00
1.189367823812973057e+02,2.054590382176187120e+02,2.500000000000000000e+01,1.519597999999999973e-06,0.000000000000000000e+00
1.193658863447398346e+02,2.054586091136552568e+02,2.500000000000000000e+01,1.555847000000000022e-06,0.000000000000000000e+00
1.197810792228377608e+02,2.054581939207771768e+02,2.500000000000000000e+01,1.592227000000000087e-06,0.000000000000000000e+00
1.202063539636095442e+02,2.054577686460363850e+02,2.500000000000000000e+01,1.569657000000000064e-06,0.000000000000000000e+00
1.206254175272250393e+02,2.054573495824727729e+02,2.500000000000000000e+01,1.469482000000000003e-06,0.000000000000000000e+00
1.210447443502851996e+02,2.054569302556497234e+02,2.500000000000000000e+01,1.317035999999999989e-06,0.000000000000000000e+00
1.214697628792111601e+02,2.054565052371207798e+02,2.500000000000000000e+01,1.478386999999999962e-06,0.000000000000000000e+00
1.218834332540446752e+02,2.054560915667459540e+02,2.500000000000000000e+01,1.473265000000000031e-06,0.000000000000000000e+00
1.222729121365563998e+02,2.054557020878634432e+02,2.500000000000000000e+01,1.436289000000000031e-06,0.000000000000000000e+00
1.227197143611813601e+02,2.054552552856388274e+02,2.500000000000000000e+01,1.445237999999999934e-06,0.000000000000000000e+00
1.231189326314081995e+02,2.054548560673685813e+02,2.500000000000000000e+01,1.425083999999999898e-06,0.000000000000000000e+00
1.235431458409275365e+02,2.054544318541590826e+02,2.500000000000000000e+01,1.498353000000000103e-06,0.000000000000000000e+00
1.239472210958773246e+02,2.054540277789041340e+02,2.500000000000000000e+01,1.528329000000000000e-06,0.000000000000000000e+00
1.243783979143341583e+02,2.054535966020856677e+02,2.500000000000000000e+01,1.438849999999999997e-06,0.000000000000000000e+00
1.247857706643533930e+02,2.054531892293356350e+02,2.500000000000000000e+01,1.377513000000000087e-06,0.000000000000000000e+00
1.251882651918223246e+02,2.054527867348081713e+02,2.500000000000000000e+01,1.316439000000000026e-06,0.000000000000000000e+00
1.256247349791590011e+02,2.054523502650208400e+02,2.500000000000000000e+01,1.473512000000000072e-06,0.000000000000000000e+00
1.260328238532269154e+02,2.054519421761467868e+02,2.500000000000000000e+01,1.489839999999999952e-06,0.000000000000000000e+00
1.264554932876719562e+02,2.054515195067123443e+02,2.500000000000000000e+01,1.409541999999999904e-06,0.000000000000000000e+00
1.268710964459405659e+02,2.054511039035540705e+02,2.500000000000000000e+01,1.423176999999999986e-06,0.000000000000000000e+00
1.273076239593501668e+02,2.054506673760406557e+02,2.500000000000000000e+01,1.336927999999999992e-06,0.000000000000000000e+00
1.277314418740905069e+02,2.054502435581259192e+02,2.500000000000000000e+01,1.466832999999999937e-06,0.000000000000000000e+00
1.281300900559650700e+02,2.054498449099440336e+02,2.500000000000000000e+01,1.422712000000000067e-06,0.000000000000000000e+00
1.285719380076336051e+02,2.054494030619923706e+02,2.500000000000000000e+01,1.587425000000000095e-06,0.000000000000000000e+00
1.290027005953459991e+02,2.054489722994046588e+02,2.500000000000000000e+01,1.582783000000000072e-06,0.000000000000000000e+00
1.294018380083494435e+02,2.054485731619916464e+02,2.500000000000000000e+01,1.384484000000000025e-06,0.000000000000000000e+00
1.298063182658573567e+02,2.054481686817341313e+02,2.500000000000000000e+01,1.431267999999999923e-06,0.000000000000000000e+00
1.302494738503816620e+02,2.054477255261496111e+02,2.500000000000000000e+01,1.515058000000000013e-06,0.000000000000000000e+00
1.306349462911669548e+02,2.054473400537088423e+02,2.500000000000000000e+01,1.386607999999999998e-06,0.000000000000000000e+00
1.310723592142942380e+02,2.054469026407857086e+02,2.500000000000000000e+01,1.072491000000000071e-06,0.000000000000000000e+00
1.314742013671061898e+02,2.054465007986328828e+02,2.500000000000000000e+01,6.411865000000000485e-07,0.000000000000000000e+00
1.319118002131099558e+02,2.054460631997868916e+02,2.500000000000000000e+01,1.324661000000000085e-07,0.000000000000000000e+00
1.323132615051506207e+02,2.054456617384948629e+02,2.500000000000000000e+01,8.425559000000000517e-08,0.000000000000000000e+00
1.327186250385496180e+02,2.054452563749614455e+02,2.500000000000000000e+01,4.053726999999999834e-07,0.000000000000000000e+00
1.331524023203140246e+02,2.054448225976796891e+02,2.500000000000000000e+01,3.573076999999999828e-07,0.000000000000000000e+00
1.335605787593146943e+02,2.054444144212406798e+02,2.500000000000000000e+01,3.323511999999999936e-07,0.000000000000000000e+00
1.339896492417632032e+02,2.054439853507582256e+02,2.500000000000000000e+01,1.342762999999999912e-06,0.000000000000000000e+00
1.344049122480982135e+02,2.054435700877519082e+02,2.500000000000000000e+01,1.488457000000000105e-06,0.000000000000000000e+00
1.347926257171786801e+02,2.054431823742828271e+02,2.500000000000000000e+01,1.650215999999999906e-06,0.000000000000000000e+00
1.352158010498145870e+02,2.054427591989501991e+02,2.500000000000000000e+01,1.619714999999999916e-06,0.000000000000000000e+00
1.356609956290076298e+02,2.054423140043709850e+02,2.500000000000000000e+01,1.485256000000000048e-06,0.000000000000000000e+00
1.360596416876356898e+02,2.054419153583123716e+02,2.500000000000000000e+01,1.360357000000000010e-06,0.000000000000000000e+00
1.364837097457477739e+02,2.054414912902542483e+02,2.500000000000000000e+01,1.333785000000000055e-06,0.000000000000000000e+00
1.368933627262317714e+02,2.054410816372737827e+02,2.500000000000000000e+01,1.428663000000000013e-06,0.000000000000000000e+00
1.373127608711233734e+02,2.054406622391288693e+02,2.500000000000000000e+01,1.424049999999999944e-06,0.000000000000000000e+00
1.377320113963999120e+02,2.054402429886036145e+02,2.500000000000000000e+01,1.440363000000000045e-06,0.000000000000000000e+00
1.381628009760794669e+02,2.054398121990239190e+02,2.500000000000000000e+01,1.390624999999999921e-06,0.000000000000000000e+00
1.386033686853216977e+02,2.054393716313146854e+02,2.500000000000000000e+01,1.551714000000000073e-06,0.000000000000000000e+00
1.390021691938149218e+02,2.054389728308061933e+02,2.500000000000000000e+01,1.570399000000000006e-06,0.000000000000000000e+00
1.394180042638958810e+02,2.054385569957360929e+02,2.500000000000000000e+01,1.565713000000000039e-06,0.000000000000000000e+00
1.398612718117048530e+02,2.054381137281882843e+02,2.500000000000000000e+01,1.582390000000000023e-06,0.000000000000000000e+00
1.402764610126434661e+02,2.054376985389873482e+02,2.500000000000000000e+01,1.494016000000000029e-06,0.000000000000000000e+00
1.406854436810528171e+02,2.054372895563189445e+02,2.500000000000000000e+01,1.617111000000000034e-06,0.000000000000000000e+00
1.411104752925052139e+02,2.054368645247074880e+02,2.500000000000000000e+01,1.530425000000000047e-06,0.000000000000000000e+00
1.415410340536531351e+02,2.054364339659463496e+02,2.500000000000000000e+01,1.653053999999999894e-06,0.000000000000000000e+00
1.419438047892363670e+02,2.054360311952107736e+02,2.500000000000000000e+01,1.558263000000000009e-06,0.000000000000000000e+00
1.423529481459962369e+02,2.054356220518540113e+02,2.500000000000000000e+01,1.575680999999999907e-06,0.000000000000000000e+00
1.427428246688931495e+02,2.054352321753311230e+02,2.500000000000000000e+01,1.638444000000000004e-06,0.000000000000000000e+00
1.431899577650230242e+02,2.054347850422349779e+02,2.500000000000000000e+01,1.594235000000000034e-06,0.000000000000000000e+00
1.435809108632400921e+02,2.054343940891367595e+02,2.500000000000000000e+01,1.533989999999999987e-06,0.000000000000000000e+00
1.440125873345102434e+02,2.054339624126654940e+02,2.500000000000000000e+01,1.556822000000000042e-06,0.000000000000000000e+00
1.444571515792933383e+02,2.054335178484207063e+02,2.500000000000000000e+01,1.500623000000000083e-06,0.000000000000000000e+00
1.448351531881963012e+02,2.054331398468117982e+02,2.500000000000000000e+01,1.453227000000000020e-06,0.000000000000000000e+00
1.452602455848176533e+02,2.054327147544151728e+02,2.500000000000000000e+01,1.539126999999999909e-06,0.000000000000000000e+00
1.456892121813883989e+02,2.054322857878186142e+02,2.500000000000000000e+01,1.451088000000000056e-06,0.000000000000000000e+00
1.460976850484493639e+02,2.054318773149515494e+02,2.500000000000000000e+01,1.380206000000000097e-06,0.000000000000000000e+00
1.465287498008327418e+02,2.054314462501991727e+02,2.500000000000000000e+01,1.371663999999999993e-06,0.000000000000000000e+00
1.469504303769713829e+02,2.054310245696230197e+02,2.500000000000000000e+01,1.593608999999999907e-06,0.000000000000000000e+00
1.473674591746004126e+02,2.054306075408254060e+02,2.500000000000000000e+01,1.586492999999999991e-06,0.000000000000000000e+00
1.477983848057079683e+02,2.054301766151942843e+02,2.500000000000000000e+01,1.594788000000000053e-06,0.000000000000000000e+00
1.482019906913809848e+02,2.054297730093086329e+02,2.500000000000000000e+01,1.390173999999999965e-06,0.000000000000000000e+00
1.486256835344354386e+02,2.054293493164655615e+02,2.500000000000000000e+01,1.379653000000000079e-06,0.000000000000000000e+00
1.490618725992604823e+02,2.054289131274007332e+02,2.500000000000000000e+01,1.449691000000000034e-06,0.000000000000000000e+00
1.494700768324011904e+02,2.054285049231675941e+02,2.500000000000000000e+01,1.384686999999999911e-06,0.000000000000000000e+00
1.498853398387361722e+02,2.054280896601612767e+02,2.500000000000000000e+01,1.409891000000000008e-06,0.000000000000000000e+00
1.502957746247435580e+02,2.054276792253752717e+02,2.500000000000000000e+01,1.380568999999999953e-06,0.000000000000000000e+00
1.506998382397258922e+02,2.054272751617602637e+02,2.500000000000000000e+01,1.307168999999999944e-06,0.000000000000000000e+00
1.511436595056179613e+02,2.054268313404943740e+02,2.500000000000000000e+01,1.375534000000000093e-06,0.000000000000000000e+00
1.515426018956559062e+02,2.054264323981043390e+02,2.500000000000000000e+01,1.339532999999999902e-06,0.000000000000000000e+00
1.519665448820821041e+02,2.054260084551179091e+02,2.500000000000000000e+01,1.335996999999999916e-06,0.000000000000000000e+00
1.523776477463511867e+02,2.054255973522536465e+02,2.500000000000000000e+01,1.357707999999999944e-06,0.000000000000000000e+00
1.527936725456039255e+02,2.054251813274543963e+02,2.500000000000000000e+01,1.352266000000000073e-06,0.000000000000000000e+00
1.532165438403851567e+02,2.054247584561596227e+02,2.500000000000000000e+01,1.297564999999999959e-06,0.000000000000000000e+00
1.536122379145038224e+02,2.054243627620855079e+02,2.500000000000000000e+01,1.366818000000000057e-06,0.000000000000000000e+00
1.540556176409455702e+02,2.054239193823590597e+02,2.500000000000000000e+01,1.320674000000000037e-06,0.000000000000000000e+00
1.544600765361769277e+02,2.054235149234638129e+02,2.500000000000000000e+01,1.255815999999999921e-06,0.000000000000000000e+00
1.548706877608079253e+02,2.054231043122391895e+02,2.500000000000000000e+01,1.337306000000000050e-06,0.000000000000000000e+00
1.552860897360511103e+02,2.054226889102639575e+02,2.500000000000000000e+01,1.302352999999999989e-06,0.000000000000000000e+00
1.556928736277359064e+02,2.054222821263722665e+02,2.500000000000000000e+01,1.289415999999999904e-06,0.000000000000000000e+00
1.561302696995085739e+02,2.054218447303005064e+02,2.500000000000000000e+01,1.252541999999999967e-06,0.000000000000000000e+00
1.565540594922588866e+02,2.054214209405077440e+02,2.500000000000000000e+01,1.318564000000000027e-06,0.000000000000000000e+00
1.569573427518813276e+02,2.054210176572481146e+02,2.500000000000000000e+01,1.241219999999999993e-06,0.000000000000000000e+00
1.573907444964083879e+02,2.054205842555035986e+02,2.500000000000000000e+01,1.288935999999999995e-06,0.000000000000000000e+00
1.578063183681085775e+02,2.054201686816319068e+02,2.500000000000000000e+01,1.168023999999999898e-06,0.000000000000000000e+00
1.582078785218878068e+02,2.054197671214781167e+02,2.500000000000000000e+01,1.086446000000000092e-06,0.000000000000000000e+00
1.586345891737763338e+02,2.054193404108262371e+02,2.500000000000000000e+01,1.229985999999999907e-06,0.000000000000000000e+00
1.590720164129869545e+02,2.054189029835870031e+02,2.500000000000000000e+01,1.223380000000000093e-06,0.000000000000000000e+00
1.594956033396946395e+02,2.054184793966603024e+02,2.500000000000000000e+01,1.208580000000000040e-06,0.000000000000000000e+00
1.599383851895989608e+02,2.054180366148104042e+02,2.500000000000000000e+01,1.242006000000000090e-06,0.000000000000000000e+00
1.603260986586794559e+02,2.054176489013413232e+02,2.500000000000000000e+01,1.202061000000000086e-06,0.000000000000000000e+00
1.607433470517663920e+02,2.054172316529482316e+02,2.500000000000000000e+01,1.178792000000000038e-06,0.000000000000000000e+00
1.611742044621023240e+02,2.054168007955379096e+02,2.500000000000000000e+01,1.142122000000000015e-06,0.000000000000000000e+00
1.615825160288868005e+02,2.054163924839711228e+02,2.500000000000000000e+01,1.232532999999999910e-06,0.000000000000000000e+00
1.620130951344364689e+02,2.054159619048655543e+02,2.500000000000000000e+01,1.288818999999999942e-06,0.000000000000000000e+00
1.624130218827739327e+02,2.054155619781172391e+02,2.500000000000000000e+01,1.237043999999999917e-06,0.000000000000000000e+00
1.628186892383704105e+02,2.054151563107616312e+02,2.500000000000000000e+01,1.231091999999999944e-06,0.000000000000000000e+00
1.632173230924596794e+02,2.054147576769075556e+02,2.500000000000000000e+01,1.193009999999999908e-06,0.000000000000000000e+00
1.636450452069137498e+02,2.054143299547930894e+02,2.500000000000000000e+01,1.191933000000000036e-06,0.000000000000000000e+00
1.640835180743815442e+02,2.054138914819256172e+02,2.500000000000000000e+01,1.160820999999999910e-06,0.000000000000000000e+00
1.644839691152461398e+02,2.054134910308847566e+02,2.500000000000000000e+01,1.191714999999999948e-06,0.000000000000000000e+00
1.649237516944525339e+02,2.054130512483055497e+02,2.500000000000000000e+01,1.075080999999999990e-06,0.000000000000000000e+00
1.653229510962677011e+02,2.054126520489037375e+02,2.500000000000000000e+01,1.193271999999999940e-06,0.000000000000000000e+00
1.657291887699611266e+02,2.054122458112300365e+02,2.500000000000000000e+01,1.257402000000000078e-06,0.000000000000000000e+00
1.661617982009021546e+02,2.054118132017991059e+02,2.500000000000000000e+01,1.225736999999999933e-06,0.000000000000000000e+00
1.665927466708306213e+02,2.054113822533291795e+02,2.500000000000000000e+01,1.130319999999999920e-06,0.000000000000000000e+00
1.670008115051072366e+02,2.054109741884948903e+02,2.500000000000000000e+01,1.136227999999999949e-06,0.000000000000000000e+00
1.674161458982188151e+02,2.054105588541017937e+02,2.500000000000000000e+01,1.277963999999999942e-06,0.000000000000000000e+00
1.678593307914225932e+02,2.054101156692085794e+02,2.500000000000000000e+01,1.268403000000000085e-06,0.000000000000000000e+00
1.682705364021512935e+02,2.054097044635978477e+02,2.500000000000000000e+01,1.246618999999999948e-06,0.000000000000000000e+00
1.686717603313214227e+02,2.054093032396686738e+02,2.500000000000000000e+01,1.298598000000000098e-06,0.000000000000000000e+00
1.691099104869554139e+02,2.054088650895130570e+02,2.500000000000000000e+01,1.337758000000000034e-06,0.000000000000000000e+00
1.695445446122283215e+02,2.054084304553877871e+02,2.500000000000000000e+01,1.240609000000000068e-06,0.000000000000000000e+00
1.699484427368740853e+02,2.054080265572631276e+02,2.500000000000000000e+01,1.170526999999999957e-06,0.000000000000000000e+00
1.703520815072494372e+02,2.054076229184927627e+02,2.500000000000000000e+01,1.174731999999999987e-06,0.000000000000000000e+00
1.707867429593580937e+02,2.054071882570406444e+02,2.500000000000000000e+01,1.290827999999999917e-06,0.000000000000000000e+00
1.711892897773324762e+02,2.054067857102226640e+02,2.500000000000000000e+01,1.304026000000000006e-06,0.000000000000000000e+00
1.716129298977099324e+02,2.054063620701022899e+02,2.500000000000000000e+01,1.203035999999999894e-06,0.000000000000000000e+00
1.720117689605191060e+02,2.054059632310394932e+02,2.500000000000000000e+01,1.214910000000000071e-06,0.000000000000000000e+00
1.724559858355024176e+02,2.054055190141644971e+02,2.500000000000000000e+01,1.321037000000000105e-06,0.000000000000000000e+00
1.728493937297016032e+02,2.054051256062703033e+02,2.500000000000000000e+01,1.236024999999999952e-06,0.000000000000000000e+00
1.732592468752882553e+02,2.054047157531247194e+02,2.500000000000000000e+01,1.308987999999999968e-06,0.000000000000000000e+00
1.736882638173103999e+02,2.054042867361826836e+02,2.500000000000000000e+01,1.288396999999999940e-06,0.000000000000000000e+00
1.740962797607512300e+02,2.054038787202392484e+02,2.500000000000000000e+01,1.547101000000000004e-06,0.000000000000000000e+00
1.745269276710475026e+02,2.054034480723289562e+02,2.500000000000000000e+01,1.584848999999999926e-06,0.000000000000000000e+00
1.749480205395605310e+02,2.054030269794604351e+02,2.500000000000000000e+01,1.417502000000000036e-06,0.000000000000000000e+00
1.753358451837675887e+02,2.054026391548162280e+02,2.500000000000000000e+01,1.332766000000000090e-06,0.000000000000000000e+00
1.757514205106022018e+02,2.054022235794894016e+02,2.500000000000000000e+01,1.506195999999999970e-06,0.000000000000000000e+00
1.762001910946348744e+02,2.054017748089053725e+02,2.500000000000000000e+01,1.438587999999999964e-06,0.000000000000000000e+00
1.765987356106684558e+02,2.054013762643893415e+02,2.500000000000000000e+01,1.410516999999999924e-06,0.000000000000000000e+00
1.770430968303261636e+02,2.054009319031696634e+02,2.500000000000000000e+01,1.349398999999999919e-06,0.000000000000000000e+00
1.774680216875977408e+02,2.054005069783123929e+02,2.500000000000000000e+01,1.375578000000000037e-06,0.000000000000000000e+00
1.778387796921119559e+02,2.054001362203078997e+02,2.500000000000000000e+01,1.507986000000000041e-06,0.000000000000000000e+00
1.782819903284120073e+02,2.053996930096715801e+02,2.500000000000000000e+01,1.471824000000000064e-06,0.000000000000000000e+00
1.787163697161146843e+02,2.053992586302838959e+02,2.500000000000000000e+01,1.421038000000000022e-06,0.000000000000000000e+00
1.791385708426250858e+02,2.053988364291573703e+02,2.500000000000000000e+01,1.410938999999999926e-06,0.000000000000000000e+00
1.795793483120296798e+02,2.053983956516879630e+02,2.500000000000000000e+01,1.401057999999999919e-06,0.000000000000000000e+00
1.799861256652114605e+02,2.053979888743347999e+02,2.500000000000000000e+01,1.405874999999999902e-06,0.000000000000000000e+00
1.804000482209558527e+02,2.053975749517790348e+02,2.500000000000000000e+01,1.373439000000000074e-06,0.000000000000000000e+00
1.808091170629070348e+02,2.053971658829370881e+02,2.500000000000000000e+01,1.308740999999999927e-06,0.000000000000000000e+00
1.812118904576682894e+02,2.053967631095423201e+02,2.500000000000000000e+01,1.382242999999999998e-06,0.000000000000000000e+00
1.816442850731800434e+02,2.053963307149268189e+02,2.500000000000000000e+01,1.367995999999999963e-06,0.000000000000000000e+00
1.820776573409669084e+02,2.053958973426590262e+02,2.500000000000000000e+01,1.275402999999999976e-06,0.000000000000000000e+00
1.824909469767540884e+02,2.053954840530232389e+02,2.500000000000000000e+01,1.269029000000000001e-06,0.000000000000000000e+00
1.828908730943270484e+02,2.053950841269056866e+02,2.500000000000000000e+01,1.284715999999999975e-06,0.000000000000000000e+00
1.832944358155216378e+02,2.053946805641844833e+02,2.500000000000000000e+01,1.337889000000000050e-06,0.000000000000000000e+00
1.837170274313720881e+02,2.053942579725686244e+02,2.500000000000000000e+01,1.374806999999999931e-06,0.000000000000000000e+00
1.841307332395133187e+02,2.053938442667604818e+02,2.500000000000000000e+01,1.281558000000000046e-06,0.000000000000000000e+00
1.845486663336991171e+02,2.053934263336662980e+02,2.500000000000000000e+01,1.250068000000000073e-06,0.000000000000000000e+00
1.849969327745116345e+02,2.053929780672254992e+02,2.500000000000000000e+01,1.244407000000000087e-06,0.000000000000000000e+00
1.853842293368674916e+02,2.053925907706631335e+02,2.500000000000000000e+01,1.308711999999999973e-06,0.000000000000000000e+00
1.857998589673451875e+02,2.053921751410326522e+02,2.500000000000000000e+01,1.324879000000000068e-06,0.000000000000000000e+00
1.862213282102752032e+02,2.053917536717897292e+02,2.500000000000000000e+01,1.269348999999999940e-06,0.000000000000000000e+00
1.866395060067592055e+02,2.053913354939932390e+02,2.500000000000000000e+01,1.285966999999999990e-06,0.000000000000000000e+00
1.870713315476525906e+02,2.053909036684523528e+02,2.500000000000000000e+01,1.286477000000000092e-06,0.000000000000000000e+00
1.875019178944720295e+02,2.053904730821055296e+02,2.500000000000000000e+01,1.199413000000000048e-06,0.000000000000000000e+00
1.879177249125559968e+02,2.053900572750874574e+02,2.500000000000000000e+01,1.250635000000000055e-06,0.000000000000000000e+00
1.883245680423663941e+02,2.053896504319576479e+02,2.500000000000000000e+01,1.230015000000000073e-06,0.000000000000000000e+00
1.887258693420658346e+02,2.053892491306579302e+02,2.500000000000000000e+01,1.252163000000000093e-06,0.000000000000000000e+00
1.891565482253741095e+02,2.053888184517746254e+02,2.500000000000000000e+01,1.340201999999999946e-06,0.000000000000000000e+00
1.895915714941360477e+02,2.053883834285058754e+02,2.500000000000000000e+01,1.258725999999999991e-06,0.000000000000000000e+00
1.900068010291687699e+02,2.053879681989708388e+02,2.500000000000000000e+01,1.223641000000000098e-06,0.000000000000000000e+00
1.904242166810856531e+02,2.053875507833189147e+02,2.500000000000000000e+01,1.139153000000000010e-06,0.000000000000000000e+00
1.908308358332976127e+02,2.053871441641666991e+02,2.500000000000000000e+01,1.300707999999999897e-06,0.000000000000000000e+00
1.912319627409238763e+02,2.053867430372590661e+02,2.500000000000000000e+01,1.240885000000000063e-06,0.000000000000000000e+00
1.916790029277416068e+02,2.053862959970722670e+02,2.500000000000000000e+01,1.336201000000000041e-06,0.000000000000000000e+00
1.920780435133588071e+02,2.053858969564866470e+02,2.500000000000000000e+01,1.273190999999999903e-06,0.000000000000000000e+00
1.925130051577760355e+02,2.053854619948422169e+02,2.500000000000000000e+01,1.183914999999999997e-06,0.000000000000000000e+00
1.929130447260669143e+02,2.053850619552739261e+02,2.500000000000000000e+01,1.027714000000000093e-06,0.000000000000000000e+00
1.933190367220484518e+02,2.053846559632779645e+02,2.500000000000000000e+01,1.098029000000000071e-06,0.000000000000000000e+00
1.937372092118583566e+02,2.053842377907881485e+02,2.500000000000000000e+01,1.299020000000000100e-06,0.000000000000000000e+00
1.941453388565851981e+02,2.053838296611434089e+02,2.500000000000000000e+01,1.271633999999999911e-06,0.000000000000000000e+00
1.945794821231229719e+02,2.053833955178768917e+02,2.500000000000000000e+01,1.254695000000000106e-06,0.000000000000000000e+00
1.950169937985948536e+02,2.053829580062014202e+02,2.500000000000000000e+01,1.307590999999999946e-06,0.000000000000000000e+00
1.954054189688439465e+02,2.053825695810311629e+02,2.500000000000000000e+01,1.406748000000000071e-06,0.000000000000000000e+00
1.958379325469822447e+02,2.053821370674530158e+02,2.500000000000000000e+01,1.324267999999999931e-06,0.000000000000000000e+00
1.962528259616879893e+02,2.053817221740383161e+02,2.500000000000000000e+01,1.320847999999999970e-06,0.000000000000000000e+00
1.966605167731777613e+02,2.053813144832268165e+02,2.500000000000000000e+01,1.299136999999999942e-06,0.000000000000000000e+00
1.970913514432564853e+02,2.053808836485567326e+02,2.500000000000000000e+01,1.273671000000000024e-06,0.000000000000000000e+00
1.975221584319236854e+02,2.053804528415680863e+02,2.500000000000000000e+01,1.296838000000000009e-06,0.000000000000000000e+00
1.979150090267534949e+02,2.053800599909732512e+02,2.500000000000000000e+01,1.279142000000000060e-06,0.000000000000000000e+00
1.983438467402125696e+02,2.053796311532597940e+02,2.500000000000000000e+01,1.274762000000000069e-06,0.000000000000000000e+00
1.987592209216741139e+02,2.053792157790783222e+02,2.500000000000000000e+01,1.308464999999999931e-06,0.000000000000000000e+00
1.991885195541096891e+02,2.053787864804458820e+02,2.500000000000000000e+01,1.296313999999999944e-06,0.000000000000000000e+00
1.996311913406331655e+02,2.053783438086593662e+02,2.500000000000000000e+01,1.314939999999999941e-06,0.000000000000000000e+00
2.000297275373935690e+02,2.053779452724625969e+02,2.500000000000000000e+01,1.260531000000000053e-06,0.000000000000000000e+00
2.004761622129509249e+02,2.053774988377870443e+02,2.500000000000000000e+01,1.282839000000000043e-06,0.000000000000000000e+00
2.008773145221194341e+02,2.053770976854778780e+02,2.500000000000000000e+01,1.245411000000000060e-06,0.000000000000000000e+00
2.012648612285100853e+02,2.053767101387715002e+02,2.500000000000000000e+01,1.222200999999999947e-06,0.000000000000000000e+00
2.017121685669982867e+02,2.053762628314329959e+02,2.500000000000000000e+01,1.315070999999999957e-06,0.000000000000000000e+00
2.021132173915671046e+02,2.053758617826084389e+02,2.500000000000000000e+01,1.297593999999999913e-06,0.000000000000000000e+00
2.025347787857534740e+02,2.053754402212142622e+02,2.500000000000000000e+01,1.246865999999999990e-06,0.000000000000000000e+00
2.029820248700399929e+02,2.053749929751299703e+02,2.500000000000000000e+01,1.273249000000000021e-06,0.000000000000000000e+00
2.033633224704288978e+02,2.053746116775295718e+02,2.500000000000000000e+01,1.096603000000000095e-06,0.000000000000000000e+00
2.037688455984159930e+02,2.053742061544015769e+02,2.500000000000000000e+01,1.207751000000000026e-06,0.000000000000000000e+00
2.041751065854695639e+02,2.053737998934145423e+02,2.500000000000000000e+01,1.393680999999999998e-06,0.000000000000000000e+00
2.046163563562107868e+02,2.053733586436437974e+02,2.500000000000000000e+01,1.354550000000000016e-06,0.000000000000000000e+00
2.050338119491879638e+02,2.053729411880508167e+02,2.500000000000000000e+01,1.285924000000000074e-06,0.000000000000000000e+00
2.054331576859013637e+02,2.053725418423140923e+02,2.500000000000000000e+01,1.396255999999999926e-06,0.000000000000000000e+00
2.058639601635535143e+02,2.053721110398364544e+02,2.500000000000000000e+01,1.289722000000000092e-06,0.000000000000000000e+00
2.062782659242492684e+02,2.053716967340757549e+02,2.500000000000000000e+01,1.241147000000000096e-06,0.000000000000000000e+00
2.067242025161505694e+02,2.053712507974838388e+02,2.500000000000000000e+01,1.241919000000000018e-06,0.000000000000000000e+00
2.071232705932870317e+02,2.053708517294067235e+02,2.500000000000000000e+01,1.230232999999999949e-06,0.000000000000000000e+00
2.075470836673505062e+02,2.053704279163326589e+02,2.500000000000000000e+01,1.198902999999999946e-06,0.000000000000000000e+00
2.079952511743002503e+02,2.053699797488256991e+02,2.500000000000000000e+01,1.251348000000000043e-06,0.000000000000000000e+00
2.083945182589279170e+02,2.053695804817410817e+02,2.500000000000000000e+01,1.274034999999999907e-06,0.000000000000000000e+00
2.087957574475846911e+02,2.053691792425524056e+02,2.500000000000000000e+01,1.291046000000000005e-06,0.000000000000000000e+00
2.092293540975691144e+02,2.053687456459024361e+02,2.500000000000000000e+01,1.248903999999999918e-06,0.000000000000000000e+00
2.096620202280583953e+02,2.053683129797719573e+02,2.500000000000000000e+01,1.239881000000000090e-06,0.000000000000000000e+00
2.100701217108282322e+02,2.053679048782891812e+02,2.500000000000000000e+01,1.178953000000000035e-06,0.000000000000000000e+00
2.105006380173060734e+02,2.053674743619826870e+02,2.500000000000000000e+01,1.219377999999999949e-06,0.000000000000000000e+00
2.108992725565151147e+02,2.053670757274434777e+02,2.500000000000000000e+01,1.312233999999999996e-06,0.000000000000000000e+00
2.113034863845624045e+02,2.053666715136154437e+02,2.500000000000000000e+01,1.270192999999999944e-06,0.000000000000000000e+00
2.117346460824587950e+02,2.053662403539175330e+02,2.500000000000000000e+01,1.195381999999999950e-06,0.000000000000000000e+00
2.121325857138222091e+02,2.053658424142861918e+02,2.500000000000000000e+01,1.183215999999999972e-06,0.000000000000000000e+00
2.125737490628036142e+02,2.053654012509371967e+02,2.500000000000000000e+01,1.142703999999999986e-06,0.000000000000000000e+00
2.129590606924311089e+02,2.053650159393075683e+02,2.500000000000000000e+01,1.254840999999999901e-06,0.000000000000000000e+00
2.133930398532615982e+02,2.053645819601467508e+02,2.500000000000000000e+01,1.217689999999999941e-06,0.000000000000000000e+00
2.138083928674954279e+02,2.053641666071325176e+02,2.500000000000000000e+01,1.125895999999999986e-06,0.000000000000000000e+00
2.142095383298809281e+02,2.053637654616701127e+02,2.500000000000000000e+01,1.266409999999999916e-06,0.000000000000000000e+00
2.146376191906102520e+02,2.053633373808093836e+02,2.500000000000000000e+01,1.162741999999999997e-06,0.000000000000000000e+00
2.150786430891741645e+02,2.053628963569108237e+02,2.500000000000000000e+01,1.145133999999999936e-06,0.000000000000000000e+00
2.154851707302178454e+02,2.053624898292697765e+02,2.500000000000000000e+01,1.061795000000000013e-06,0.000000000000000000e+00
2.158989382182521695e+02,2.053620760617817496e+02,2.500000000000000000e+01,1.191597999999999895e-06,0.000000000000000000e+00
2.163079620132160130e+02,2.053616670379867912e+02,2.500000000000000000e+01,1.209308000000000018e-06,0.000000000000000000e+00
2.167106630879399916e+02,2.053612643369120576e+02,2.500000000000000000e+01,1.209832000000000083e-06,0.000000000000000000e+00
2.171479942812279944e+02,2.053608270057187610e+02,2.500000000000000000e+01,1.089792999999999944e-06,0.000000000000000000e+00
2.175834345639557341e+02,2.053603915654360605e+02,2.500000000000000000e+01,1.142907000000000084e-06,0.000000000000000000e+00
2.179905744969107104e+02,2.053599844255030860e+02,2.500000000000000000e+01,1.200852999999999986e-06,0.000000000000000000e+00
2.184051262374893554e+02,2.053595698737625241e+02,2.500000000000000000e+01,1.107081000000000065e-06,0.000000000000000000e+00
2.188203377680706012e+02,2.053591546622319299e+02,2.500000000000000000e+01,1.224267000000000013e-06,0.000000000000000000e+00
2.192635526777108907e+02,2.053587114473222925e+02,2.500000000000000000e+01,1.191524999999999997e-06,0.000000000000000000e+00
2.196917226666666352e+02,2.053582832773333280e+02,2.500000000000000000e+01,1.169043000000000074e-06,0.000000000000000000e+00
2.200883678088050317e+02,2.053578866321911960e+02,2.500000000000000000e+01,1.129112000000000032e-06,0.000000000000000000e+00
2.205211016140652305e+02,2.053574538983859270e+02,2.500000000000000000e+01,1.219115999999999916e-06,0.000000000000000000e+00
2.209448695001312046e+02,2.053570301304998793e+02,2.500000000000000000e+01,1.198058999999999942e-06,0.000000000000000000e+00
2.213264783629761325e+02,2.053566485216370268e+02,2.500000000000000000e+01,1.141350000000000092e-06,0.000000000000000000e+00
2.217695543037081904e+02,2.053562054456963040e+02,2.500000000000000000e+01,1.125939999999999930e-06,0.000000000000000000e+00
2.221803923409804895e+02,2.053557946076590213e+02,2.500000000000000000e+01,1.161213999999999958e-06,0.000000000000000000e+00
2.225859051302532521e+02,2.053553890948697358e+02,2.500000000000000000e+01,1.204171000000000096e-06,0.000000000000000000e+00
2.230219680648880853e+02,2.053549530319351106e+02,2.500000000000000000e+01,1.118314999999999939e-06,0.000000000000000000e+00
2.234166169312977104e+02,2.053545583830687065e+02,2.500000000000000000e+01,1.278210999999999983e-06,0.000000000000000000e+00
2.238486713053268886e+02,2.053541263286946617e+02,2.500000000000000000e+01,1.245745999999999990e-06,0.000000000000000000e+00
2.242476714550541033e+02,2.053537273285449487e+02,2.500000000000000000e+01,1.157997999999999911e-06,0.000000000000000000e+00
2.246712064810706124e+02,2.053533037935189327e+02,2.500000000000000000e+01,1.315013000000000051e-06,0.000000000000000000e+00
2.250999132195140930e+02,2.053528750867805002e+02,2.500000000000000000e+01,1.195731000000000055e-06,0.000000000000000000e+00
2.255052940742122303e+02,2.053524697059257846e+02,2.500000000000000000e+01,1.277963999999999942e-06,0.000000000000000000e+00
2.259219903432554304e+02,2.053520530096567427e+02,2.500000000000000000e+01,1.234104000000000077e-06,0.000000000000000000e+00
2.263648373071805224e+02,2.053516101626928219e+02,2.500000000000000000e+01,1.285472999999999906e-06,0.000000000000000000e+00
2.267520705635153320e+02,2.053512229294364886e+02,2.500000000000000000e+01,1.297433999999999943e-06,0.000000000000000000e+00
2.271759635212671924e+02,2.053507990364787474e+02,2.500000000000000000e+01,1.338703000000000073e-06,0.000000000000000000e+00
2.276134152250005229e+02,2.053503615847750154e+02,2.500000000000000000e+01,1.344364000000000060e-06,0.000000000000000000e+00
2.280465292043128045e+02,2.053499284707957031e+02,2.500000000000000000e+01,1.371765000000000028e-06,0.000000000000000000e+00
2.284410261915811873e+02,2.053495339738084340e+02,2.500000000000000000e+01,1.303866000000000037e-06,0.000000000000000000e+00
2.288709687004002262e+02,2.053491040312995892e+02,2.500000000000000000e+01,1.322318000000000102e-06,0.000000000000000000e+00
2.292861549519442406e+02,2.053486888450480592e+02,2.500000000000000000e+01,1.345702999999999963e-06,0.000000000000000000e+00
2.296926098613601255e+02,2.053482823901386496e+02,2.500000000000000000e+01,1.360385999999999963e-06,0.000000000000000000e+00
2.301179087693608665e+02,2.053478570912306509e+02,2.500000000000000000e+01,1.389052999999999938e-06,0.000000000000000000e+00
2.305534415244275124e+02,2.053474215584755882e+02,2.500000000000000000e+01,1.356281999999999968e-06,0.000000000000000000e+00
2.309663406135548485e+02,2.053470086593864607e+02,2.500000000000000000e+01,1.437757999999999923e-06,0.000000000000000000e+00
2.313757983655640089e+02,2.053465992016344330e+02,2.500000000000000000e+01,1.503184000000000049e-06,0.000000000000000000e+00
2.317870081664161717e+02,2.053461879918335740e+02,2.500000000000000000e+01,1.325809999999999932e-06,0.000000000000000000e+00
2.321917278789009060e+02,2.053457832721211105e+02,2.500000000000000000e+01,1.332620999999999900e-06,0.000000000000000000e+00
2.326344438811994735e+02,2.053453405561187992e+02,2.500000000000000000e+01,1.435516999999999897e-06,0.000000000000000000e+00
2.330301644002602757e+02,2.053449448355997333e+02,2.500000000000000000e+01,1.509877999999999963e-06,0.000000000000000000e+00
2.334640882985057999e+02,2.053445109117014908e+02,2.500000000000000000e+01,1.567954000000000065e-06,0.000000000000000000e+00
2.338679890390514799e+02,2.053441070109609541e+02,2.500000000000000000e+01,1.487307999999999940e-06,0.000000000000000000e+00
2.342687082002809689e+02,2.053437062917997196e+02,2.500000000000000000e+01,1.487030999999999917e-06,0.000000000000000000e+00
2.346963232276896747e+02,2.053432786767723144e+02,2.500000000000000000e+01,1.509295999999999991e-06,0.000000000000000000e+00
2.351044483421160862e+02,2.053428705516578816e+02,2.500000000000000000e+01,1.508248000000000073e-06,0.000000000000000000e+00
2.355386103023449493e+02,2.053424363896976672e+02,2.500000000000000000e+01,1.522420999999999971e-06,0.000000000000000000e+00
2.359624782457596837e+02,2.053420125217542420e+02,2.500000000000000000e+01,1.550549999999999918e-06,0.000000000000000000e+00
2.363597578905293233e+02,2.053416152421094694e+02,2.500000000000000000e+01,1.499879999999999902e-06,0.000000000000000000e+00
2.367750275234182311e+02,2.053411999724765735e+02,2.500000000000000000e+01,1.443870000000000077e-06,0.000000000000000000e+00
2.372010160126650931e+02,2.053407739839873329e+02,2.500000000000000000e+01,1.446096999999999929e-06,0.000000000000000000e+00
2.376207352665102803e+02,2.053403542647334916e+02,2.500000000000000000e+01,1.497217000000000085e-06,0.000000000000000000e+00
2.380437533265584023e+02,2.053399312466734443e+02,2.500000000000000000e+01,1.459498999999999932e-06,0.000000000000000000e+00
2.384674461696128276e+02,2.053395075538304013e+02,2.500000000000000000e+01,1.458131000000000075e-06,0.000000000000000000e+00
2.388984434468873701e+02,2.053390765565531240e+02,2.500000000000000000e+01,1.518069999999999934e-06,0.000000000000000000e+00
2.393270472159931614e+02,2.053386479527840152e+02,2.500000000000000000e+01,1.543623999999999953e-06,0.000000000000000000e+00
2.397506711085858058e+02,2.053382243288914140e+02,2.500000000000000000e+01,1.515406999999999906e-06,0.000000000000000000e+00
2.401494304677115679e+02,2.053378255695322991e+02,2.500000000000000000e+01,1.410080999999999959e-06,0.000000000000000000e+00
2.405891578779900897e+02,2.053373858421220177e+02,2.500000000000000000e+01,1.562032000000000074e-06,0.000000000000000000e+00
2.410182176355612000e+02,2.053369567823644388e+02,2.500000000000000000e+01,1.547159999999999939e-06,0.000000000000000000e+00
2.414120655420256014e+02,2.053365629344579872e+02,2.500000000000000000e+01,1.547189000000000104e-06,0.000000000000000000e+00
2.418414211861001490e+02,2.053361335788139002e+02,2.500000000000000000e+01,1.546534000000000023e-06,0.000000000000000000e+00
2.422343974451910356e+02,2.053357406025548073e+02,2.500000000000000000e+01,1.574080999999999998e-06,0.000000000000000000e+00
2.426635375791117326e+02,2.053353114624208899e+02,2.500000000000000000e+01,1.662075999999999907e-06,0.000000000000000000e+00
2.430539315155418763e+02,2.053349210684844479e+02,2.500000000000000000e+01,1.637440000000000030e-06,0.000000000000000000e+00
2.435026137201101619e+02,2.053344723862798844e+02,2.500000000000000000e+01,1.678839999999999964e-06,0.000000000000000000e+00
2.439018461251014003e+02,2.053340731538748969e+02,2.500000000000000000e+01,1.683947999999999933e-06,0.000000000000000000e+00
2.443092470534693064e+02,2.053336657529465299e+02,2.500000000000000000e+01,1.799693999999999942e-06,0.000000000000000000e+00
2.447375789013467511e+02,2.053332374210986586e+02,2.500000000000000000e+01,1.778083999999999949e-06,0.000000000000000000e+00
2.451348288938190478e+02,2.053328401711061701e+02,2.500000000000000000e+01,1.790787999999999955e-06,0.000000000000000000e+00
2.455762058813324131e+02,2.053323987941186601e+02,2.500000000000000000e+01,1.780731999999999987e-06,0.000000000000000000e+00
2.460063043304707548e+02,2.053319686956695307e+02,2.500000000000000000e+01,1.647437000000000063e-06,0.000000000000000000e+00
2.463961723013306369e+02,2.053315788276986780e+02,2.500000000000000000e+01,1.655294999999999921e-06,0.000000000000000000e+00
2.468111651272264453e+02,2.053311638348727683e+02,2.500000000000000000e+01,1.822830999999999946e-06,0.000000000000000000e+00
2.472408509438665476e+02,2.053307341490561271e+02,2.500000000000000000e+01,1.758613999999999948e-06,0.000000000000000000e+00
2.476719163566967552e+02,2.053303030836433152e+02,2.500000000000000000e+01,1.833236000000000018e-06,0.000000000000000000e+00
2.480803171911257152e+02,2.053298946828088845e+02,2.500000000000000000e+01,1.799940999999999984e-06,0.000000000000000000e+00
2.485109926794040405e+02,2.053294640073206097e+02,2.500000000000000000e+01,1.843334999999999903e-06,0.000000000000000000e+00
2.489289831325045554e+02,2.053290460168674940e+02,2.500000000000000000e+01,1.883454000000000052e-06,0.000000000000000000e+00
2.493500706954956456e+02,2.053286249293045103e+02,2.500000000000000000e+01,1.862600999999999991e-06,0.000000000000000000e+00
2.497595363306664069e+02,2.053282154636693235e+02,2.500000000000000000e+01,1.789027000000000049e-06,0.000000000000000000e+00
2.501775245871917264e+02,2.053277974754128081e+02,2.500000000000000000e+01,1.782129000000000010e-06,0.000000000000000000e+00
2.505989747712860094e+02,2.053273760252287161e+02,2.500000000000000000e+01,1.794439999999999967e-06,0.000000000000000000e+00
2.510172623297311532e+02,2.053269577376702841e+02,2.500000000000000000e+01,1.796216000000000075e-06,0.000000000000000000e+00
2.514412507824427223e+02,2.053265337492175604e+02,2.500000000000000000e+01,1.809253999999999983e-06,0.000000000000000000e+00
2.518399976201722268e+02,2.053261350023798286e+02,2.500000000000000000e+01,1.880660000000000007e-06,0.000000000000000000e+00
2.522652672536909506e+02,2.053257097327463043e+02,2.500000000000000000e+01,1.885288000000000067e-06,0.000000000000000000e+00
2.526698372603680127e+02,2.053253051627396246e+02,2.500000000000000000e+01,1.893306000000000106e-06,0.000000000000000000e+00
2.530986993874045936e+02,2.053248763006126012e+02,2.500000000000000000e+01,1.829219000000000096e-06,0.000000000000000000e+00
2.535184907160748935e+02,2.053244565092839196e+02,2.500000000000000000e+01,1.854772999999999902e-06,0.000000000000000000e+00
2.539127075823680855e+02,2.053240622924176364e+02,2.500000000000000000e+01,1.817665000000000070e-06,0.000000000000000000e+00
2.543557491027646051e+02,2.053236192508972238e+02,2.500000000000000000e+01,1.890016999999999950e-06,0.000000000000000000e+00
2.547451386517702758e+02,2.053232298613482385e+02,2.500000000000000000e+01,1.891240000000000039e-06,0.000000000000000000e+00
2.551640010582010518e+02,2.053228109989418044e+02,2.500000000000000000e+01,1.893014999999999908e-06,0.000000000000000000e+00
2.556038840258593723e+02,2.053223711159741356e+02,2.500000000000000000e+01,1.913881999999999932e-06,0.000000000000000000e+00
2.560028477682114953e+02,2.053219721522317798e+02,2.500000000000000000e+01,1.839595000000000003e-06,0.000000000000000000e+00
2.564190237128922831e+02,2.053215559762871010e+02,2.500000000000000000e+01,1.648775999999999967e-06,0.000000000000000000e+00
2.568626255891006167e+02,2.053211123744109159e+02,2.500000000000000000e+01,1.903550999999999997e-06,0.000000000000000000e+00
2.572503551802284960e+02,2.053207246448197623e+02,2.500000000000000000e+01,1.846071000000000040e-06,0.000000000000000000e+00
2.576656306168580954e+02,2.053203093693831534e+02,2.500000000000000000e+01,1.832260999999999998e-06,0.000000000000000000e+00
2.581103110627639126e+02,2.053198646889372299e+02,2.500000000000000000e+01,1.824926999999999993e-06,0.000000000000000000e+00
2.585536858207369164e+02,2.053194213141792659e+02,2.500000000000000000e+01,1.817389000000000075e-06,0.000000000000000000e+00
2.589391331803690832e+02,2.053190358668196325e+02,2.500000000000000000e+01,1.932305000000000043e-06,0.000000000000000000e+00
2.593689329466960203e+02,2.053186060670533095e+02,2.500000000000000000e+01,1.880558999999999972e-06,0.000000000000000000e+00
2.597842025795848713e+02,2.053181907974204137e+02,2.500000000000000000e+01,1.889697000000000010e-06,0.000000000000000000e+00
2.602088866847390136e+02,2.053177661133152583e+02,2.500000000000000000e+01,1.857304999999999915e-06,0.000000000000000000e+00
2.606504652113378597e+02,2.053173245347886677e+02,2.500000000000000000e+01,1.817112000000000052e-06,0.000000000000000000e+00
2.610395039137384288e+02,2.053169354960862734e+02,2.500000000000000000e+01,1.751977999999999940e-06,0.000000000000000000e+00
2.614866635629655320e+02,2.053164883364370326e+02,2.500000000000000000e+01,1.728171000000000077e-06,0.000000000000000000e+00
2.618867362519084168e+02,2.053160882637480995e+02,2.500000000000000000e+01,1.612191999999999988e-06,0.000000000000000000e+00
2.622891407877856409e+02,2.053156858592122092e+02,2.500000000000000000e+01,1.692096999999999988e-06,0.000000000000000000e+00
2.627131589928650328e+02,2.053152618410071284e+02,2.500000000000000000e+01,1.596271999999999936e-06,0.000000000000000000e+00
2.631264919096789185e+02,2.053148485080903356e+02,2.500000000000000000e+01,1.535329000000000102e-06,0.000000000000000000e+00
2.635441620553925191e+02,2.053144308379445988e+02,2.500000000000000000e+01,1.584965999999999980e-06,0.000000000000000000e+00
2.639485497638307265e+02,2.053140264502361845e+02,2.500000000000000000e+01,1.589228999999999917e-06,0.000000000000000000e+00
2.643804387022900642e+02,2.053135945612977196e+02,2.500000000000000000e+01,1.592299999999999984e-06,0.000000000000000000e+00
2.647957051660614525e+02,2.053131792948339296e+02,2.500000000000000000e+01,1.596942000000000007e-06,0.000000000000000000e+00
2.651999015196215055e+02,2.053127750984803868e+02,2.500000000000000000e+01,1.579945000000000083e-06,0.000000000000000000e+00
2.656316430547171876e+02,2.053123433569452914e+02,2.500000000000000000e+01,1.578329999999999972e-06,0.000000000000000000e+00
2.660493312347328470e+02,2.053119256687652694e+02,2.500000000000000000e+01,1.570777000000000064e-06,0.000000000000000000e+00
2.664530172531499943e+02,2.053115219827468536e+02,2.500000000000000000e+01,1.587366999999999976e-06,0.000000000000000000e+00
2.668856245129483113e+02,2.053110893754870574e+02,2.500000000000000000e+01,1.534411999999999989e-06,0.000000000000000000e+00
2.673011720836536256e+02,2.053106738279163608e+02,2.500000000000000000e+01,1.531123000000000045e-06,0.000000000000000000e+00
2.677225337028603462e+02,2.053102524662971291e+02,2.500000000000000000e+01,1.432548999999999919e-06,0.000000000000000000e+00
2.681603750784246927e+02,2.053098146249215858e+02,2.500000000000000000e+01,1.481238999999999914e-06,0.000000000000000000e+00
2.685722918939081865e+02,2.053094027081060915e+02,2.500000000000000000e+01,1.387189999999999970e-06,0.000000000000000000e+00
2.690029673821864549e+02,2.053089720326178167e+02,2.500000000000000000e+01,1.386317000000000012e-06,0.000000000000000000e+00
2.694022529141221298e+02,2.053085727470858899e+02,2.500000000000000000e+01,1.353954000000000081e-06,0.000000000000000000e+00
2.698069368187240116e+02,2.053081680631812844e+02,2.500000000000000000e+01,1.209365999999999925e-06,0.000000000000000000e+00
2.702502425763973406e+02,2.053077247574236139e+02,2.500000000000000000e+01,1.342864999999999975e-06,0.000000000000000000e+00
2.706739854481261318e+02,2.053073010145518822e+02,2.500000000000000000e+01,1.250736999999999906e-06,0.000000000000000000e+00
2.710772976667533953e+02,2.053068977023332593e+02,2.500000000000000000e+01,1.475913000000000069e-06,0.000000000000000000e+00
2.715072865761485446e+02,2.053064677134238423e+02,2.500000000000000000e+01,1.460313999999999983e-06,0.000000000000000000e+00
2.718977624937048176e+02,2.053060772375062868e+02,2.500000000000000000e+01,1.426684000000000019e-06,0.000000000000000000e+00
2.723135880022265383e+02,2.053056614119977894e+02,2.500000000000000000e+01,1.355351000000000104e-06,0.000000000000000000e+00
2.727554296681847745e+02,2.053052195703318148e+02,2.500000000000000000e+01,1.368389000000000012e-06,0.000000000000000000e+00
2.731408792765440694e+02,2.053048341207234557e+02,2.500000000000000000e+01,1.426742999999999953e-06,0.000000000000000000e+00
2.735748695797403798e+02,2.053044001304202482e+02,2.500000000000000000e+01,1.429594999999999905e-06,0.000000000000000000e+00
2.739896400133594057e+02,2.053039853599866547e+02,2.500000000000000000e+01,1.392152999999999959e-06,0.000000000000000000e+00
2.744040367185305058e+02,2.053035709632814587e+02,2.500000000000000000e+01,1.344567999999999973e-06,0.000000000000000000e+00
2.748190217870490528e+02,2.053031559782129420e+02,2.500000000000000000e+01,1.351538000000000095e-06,0.000000000000000000e+00
2.752173848955330868e+02,2.053027576151044684e+02,2.500000000000000000e+01,1.345818999999999989e-06,0.000000000000000000e+00
2.756601054738900984e+02,2.053023148945261198e+02,2.500000000000000000e+01,1.331979999999999993e-06,0.000000000000000000e+00
2.760838523091603065e+02,2.053018911476908386e+02,2.500000000000000000e+01,1.220425000000000051e-06,0.000000000000000000e+00
2.764950284962934575e+02,2.053014799715037100e+02,2.500000000000000000e+01,1.239197000000000055e-06,0.000000000000000000e+00
2.769097348106130880e+02,2.053010652651893793e+02,2.500000000000000000e+01,1.284045999999999903e-06,0.000000000000000000e+00
2.773252890078724135e+02,2.053006497109921327e+02,2.500000000000000000e+01,1.320208000000000091e-06,0.000000000000000000e+00
2.777220808651400148e+02,2.053002529191348629e+02,2.500000000000000000e+01,1.274121999999999979e-06,0.000000000000000000e+00
2.781649895636823544e+02,2.052998100104363175e+02,2.500000000000000000e+01,1.312233999999999996e-06,0.000000000000000000e+00
2.785892327221546338e+02,2.052993857672778404e+02,2.500000000000000000e+01,1.302410999999999896e-06,0.000000000000000000e+00
2.790361341002360405e+02,2.052989388658997711e+02,2.500000000000000000e+01,1.295994000000000004e-06,0.000000000000000000e+00
2.794713316845118243e+02,2.052985036683155045e+02,2.500000000000000000e+01,1.270177999999999954e-06,0.000000000000000000e+00
2.798617640648855058e+02,2.052981132359351193e+02,2.500000000000000000e+01,1.299427999999999928e-06,0.000000000000000000e+00
2.802738106989689300e+02,2.052977011893010229e+02,2.500000000000000000e+01,1.253254999999999955e-06,0.000000000000000000e+00
2.807001568753660194e+02,2.052972748431246259e+02,2.500000000000000000e+01,1.108447999999999895e-06,0.000000000000000000e+00
2.811199244800508836e+02,2.052968550755199431e+02,2.500000000000000000e+01,1.293840000000000050e-06,0.000000000000000000e+00
2.815385480980264674e+02,2.052964364519019682e+02,2.500000000000000000e+01,1.292340999999999965e-06,0.000000000000000000e+00
2.819512773067081071e+02,2.052960237226932918e+02,2.500000000000000000e+01,1.221997000000000033e-06,0.000000000000000000e+00
2.823359757591179005e+02,2.052956390242408702e+02,2.500000000000000000e+01,1.204360000000000019e-06,0.000000000000000000e+00
2.827787416205900399e+02,2.052951962583794057e+02,2.500000000000000000e+01,1.187319999999999967e-06,0.000000000000000000e+00
2.831871749708764696e+02,2.052947878250291183e+02,2.500000000000000000e+01,1.161926999999999946e-06,0.000000000000000000e+00
2.836121414009975865e+02,2.052943628585990155e+02,2.500000000000000000e+01,1.224295999999999967e-06,0.000000000000000000e+00
2.840390422566794086e+02,2.052939359577433152e+02,2.500000000000000000e+01,1.221240000000000101e-06,0.000000000000000000e+00
2.844398201521456713e+02,2.052935351798478507e+02,2.500000000000000000e+01,1.217762000000000022e-06,0.000000000000000000e+00
2.848692499758793701e+02,2.052931057500241252e+02,2.500000000000000000e+01,1.232051999999999974e-06,0.000000000000000000e+00
2.852560671138890598e+02,2.052927189328861175e+02,2.500000000000000000e+01,1.277003000000000096e-06,0.000000000000000000e+00
2.856800616526717818e+02,2.052922949383473394e+02,2.500000000000000000e+01,1.202831999999999981e-06,0.000000000000000000e+00
2.861173211962438359e+02,2.052918576788037512e+02,2.500000000000000000e+01,1.185428000000000045e-06,0.000000000000000000e+00
2.865254963214850932e+02,2.052914495036785070e+02,2.500000000000000000e+01,1.255480999999999991e-06,0.000000000000000000e+00
2.869464319537731853e+02,2.052910285680462152e+02,2.500000000000000000e+01,1.240332000000000045e-06,0.000000000000000000e+00
2.873681096406749020e+02,2.052906068903593280e+02,2.500000000000000000e+01,1.090142000000000048e-06,0.000000000000000000e+00
2.877905424019932639e+02,2.052901844575980022e+02,2.500000000000000000e+01,1.290667999999999947e-06,0.000000000000000000e+00
2.881960293952526513e+02,2.052897789706047433e+02,2.500000000000000000e+01,1.175634999999999926e-06,0.000000000000000000e+00
2.886215721263906744e+02,2.052893534278736070e+02,2.500000000000000000e+01,1.181833999999999940e-06,0.000000000000000000e+00
2.890577166802643205e+02,2.052889172833197335e+02,2.500000000000000000e+01,1.312452000000000085e-06,0.000000000000000000e+00
2.895061002520006355e+02,2.052884688997480112e+02,2.500000000000000000e+01,1.270135000000000037e-06,0.000000000000000000e+00
2.898915476116328023e+02,2.052880834523883777e+02,2.500000000000000000e+01,1.314591000000000048e-06,0.000000000000000000e+00
2.902962872574018434e+02,2.052876787127426041e+02,2.500000000000000000e+01,1.252511999999999986e-06,0.000000000000000000e+00
2.907005425632665947e+02,2.052872744574367232e+02,2.500000000000000000e+01,1.237393000000000021e-06,0.000000000000000000e+00
2.911393943080703366e+02,2.052868356056919197e+02,2.500000000000000000e+01,1.254534999999999924e-06,0.000000000000000000e+00
2.915526141073096937e+02,2.052864223858927062e+02,2.500000000000000000e+01,1.301436000000000087e-06,0.000000000000000000e+00
2.919579216645903443e+02,2.052860170783354192e+02,2.500000000000000000e+01,1.305640999999999905e-06,0.000000000000000000e+00
2.924009658100085289e+02,2.052855740341900059e+02,2.500000000000000000e+01,1.380467000000000102e-06,0.000000000000000000e+00
2.927869187389330818e+02,2.052851880812610830e+02,2.500000000000000000e+01,1.349835999999999912e-06,0.000000000000000000e+00
2.932012058173932019e+02,2.052847737941825983e+02,2.500000000000000000e+01,1.336070000000000025e-06,0.000000000000000000e+00
2.936455652377204046e+02,2.052843294347622702e+02,2.500000000000000000e+01,1.334323000000000082e-06,0.000000000000000000e+00
2.940445576564326302e+02,2.052839304423435749e+02,2.500000000000000000e+01,1.343577999999999963e-06,0.000000000000000000e+00
2.944685454580152850e+02,2.052835064545419925e+02,2.500000000000000000e+01,1.398133000000000070e-06,0.000000000000000000e+00
2.948793520643664010e+02,2.052830956479356246e+02,2.500000000000000000e+01,1.288251999999999961e-06,0.000000000000000000e+00
2.952955888483049307e+02,2.052826794111516904e+02,2.500000000000000000e+01,1.265797999999999964e-06,0.000000000000000000e+00
2.957083077639841804e+02,2.052822666922360213e+02,2.500000000000000000e+01,1.343564000000000000e-06,0.000000000000000000e+00
2.961256274051249306e+02,2.052818493725948770e+02,2.500000000000000000e+01,1.333232000000000037e-06,0.000000000000000000e+00
2.965497447175572461e+02,2.052814252552824428e+02,2.500000000000000000e+01,1.341235000000000085e-06,0.000000000000000000e+00
2.969734828120900261e+02,2.052810015171879172e+02,2.500000000000000000e+01,1.323568999999999906e-06,0.000000000000000000e+00
2.973838441431360025e+02,2.052805911558568539e+02,2.500000000000000000e+01,1.305058999999999934e-06,0.000000000000000000e+00
2.978010809181510012e+02,2.052801739190818466e+02,2.500000000000000000e+01,1.348904000000000020e-06,0.000000000000000000e+00
2.982226918540044949e+02,2.052797523081459872e+02,2.500000000000000000e+01,1.327352999999999961e-06,0.000000000000000000e+00
2.986561918767146153e+02,2.052793188081232927e+02,2.500000000000000000e+01,1.346343000000000054e-06,0.000000000000000000e+00
2.990953934923663837e+02,2.052788796065076440e+02,2.500000000000000000e+01,1.283071000000000094e-06,0.000000000000000000e+00
2.995036716562894981e+02,2.052784713283436986e+02,2.500000000000000000e+01,1.341687000000000068e-06,0.000000000000000000e+00
2.999274187604370354e+02,2.052780475812395764e+02,2.500000000000000000e+01,1.330160999999999969e-06,0.000000000000000000e+00
3.003346255212447318e+02,2.052776403744787501e+02,2.500000000000000000e+01,1.373685999999999904e-06,0.000000000000000000e+00
3.007506560534351365e+02,2.052772243439465569e+02,2.500000000000000000e+01,1.317836000000000049e-06,0.000000000000000000e+00
3.011659224948364795e+02,2.052768090775051633e+02,2.500000000000000000e+01,1.378285000000000010e-06,0.000000000000000000e+00
3.016003395424085625e+02,2.052763746604576056e+02,2.500000000000000000e+01,1.326231999999999934e-06,0.000000000000000000e+00
3.020286394147349824e+02,2.052759463605852659e+02,2.500000000000000000e+01,1.319990000000000003e-06,0.000000000000000000e+00
3.024256784690415429e+02,2.052755493215309741e+02,2.500000000000000000e+01,1.418680999999999970e-06,0.000000000000000000e+00
3.028318513017962914e+02,2.052751431486982199e+02,2.500000000000000000e+01,1.388122000000000073e-06,0.000000000000000000e+00
3.032323578356574103e+02,2.052747426421643411e+02,2.500000000000000000e+01,1.327600000000000003e-06,0.000000000000000000e+00
3.036632553048079330e+02,2.052743117446951828e+02,2.500000000000000000e+01,1.425505999999999900e-06,0.000000000000000000e+00
3.040655444629991848e+02,2.052739094555369945e+02,2.500000000000000000e+01,1.279112999999999894e-06,0.000000000000000000e+00
3.045129930003686809e+02,2.052734620069996367e+02,2.500000000000000000e+01,1.342560000000000026e-06,0.000000000000000000e+00
3.049314279810216135e+02,2.052730435720189917e+02,2.500000000000000000e+01,1.289124999999999918e-06,0.000000000000000000e+00
3.053186345354785658e+02,2.052726563654645133e+02,2.500000000000000000e+01,1.542692000000000061e-06,0.000000000000000000e+00
3.057368307466765032e+02,2.052722381692533133e+02,2.500000000000000000e+01,2.834495000000000210e-06,0.000000000000000000e+00
3.061845074014170223e+02,2.052717904925985977e+02,2.500000000000000000e+01,3.552034999999999950e-06,0.000000000000000000e+00
3.065702427882344523e+02,2.052714047572117693e+02,2.500000000000000000e+01,3.299487000000000195e-06,0.000000000000000000e+00
3.070174875981870173e+02,2.052709575124018215e+02,2.500000000000000000e+01,2.717774000000000180e-06,0.000000000000000000e+00
3.074366434670130275e+02,2.052705383565329953e+02,2.500000000000000000e+01,2.442510000000000184e-06,0.000000000000000000e+00
3.078521883290924279e+02,2.052701228116709160e+02,2.500000000000000000e+01,2.361498999999999936e-06,0.000000000000000000e+00
3.082872364883972978e+02,2.052696877635115982e+02,2.500000000000000000e+01,2.413085999999999854e-06,0.000000000000000000e+00
3.086902078637372142e+02,2.052692847921362613e+02,2.500000000000000000e+01,2.080400000000000021e-06,0.000000000000000000e+00
3.091081698847027042e+02,2.052688668301152859e+02,2.500000000000000000e+01,1.810360000000000019e-06,0.000000000000000000e+00
3.095415994735900540e+02,2.052684334005264191e+02,2.500000000000000000e+01,1.561158999999999904e-06,0.000000000000000000e+00
3.099426795133459223e+02,2.052680323204866681e+02,2.500000000000000000e+01,1.715744000000000094e-06,0.000000000000000000e+00
3.103724047138529158e+02,2.052676025952861494e+02,2.500000000000000000e+01,1.562700999999999906e-06,0.000000000000000000e+00
3.107921751550640010e+02,2.052671828248449515e+02,2.500000000000000000e+01,1.418055000000000054e-06,0.000000000000000000e+00
3.111948898609222738e+02,2.052667801101390808e+02,2.500000000000000000e+01,1.539069000000000002e-06,0.000000000000000000e+00
3.116305754704951028e+02,2.052663444245295068e+02,2.500000000000000000e+01,1.477310000000000091e-06,0.000000000000000000e+00
3.120271373147405143e+02,2.052659478626852660e+02,2.500000000000000000e+01,1.477034000000000096e-06,0.000000000000000000e+00
3.124484323621713315e+02,2.052655265676378349e+02,2.500000000000000000e+01,1.406632000000000045e-06,0.000000000000000000e+00
3.128356508028732605e+02,2.052651393491971419e+02,2.500000000000000000e+01,1.440480000000000098e-06,0.000000000000000000e+00
3.132789768876401126e+02,2.052646960231123501e+02,2.500000000000000000e+01,1.432607000000000038e-06,0.000000000000000000e+00
3.137043837366355206e+02,2.052642706162633601e+02,2.500000000000000000e+01,1.395310000000000071e-06,0.000000000000000000e+00
3.140985583129368592e+02,2.052638764416870742e+02,2.500000000000000000e+01,1.440669000000000021e-06,0.000000000000000000e+00
3.145449940629467278e+02,2.052634300059370673e+02,2.500000000000000000e+01,1.417108999999999987e-06,0.000000000000000000e+00
3.149392925939580437e+02,2.052630357074060328e+02,2.500000000000000000e+01,1.297826999999999992e-06,0.000000000000000000e+00
3.153574623034351134e+02,2.052626175376965705e+02,2.500000000000000000e+01,1.482273000000000081e-06,0.000000000000000000e+00
3.157846687306173408e+02,2.052621903312693803e+02,2.500000000000000000e+01,1.421081999999999966e-06,0.000000000000000000e+00
3.161916202739399182e+02,2.052617833797260687e+02,2.500000000000000000e+01,1.449573999999999981e-06,0.000000000000000000e+00
3.166167635289525037e+02,2.052613582364710396e+02,2.500000000000000000e+01,1.488908000000000060e-06,0.000000000000000000e+00
3.170474364850035727e+02,2.052609275635149970e+02,2.500000000000000000e+01,1.556677000000000063e-06,0.000000000000000000e+00
3.174412408599420132e+02,2.052605337591400598e+02,2.500000000000000000e+01,1.589214999999999954e-06,0.000000000000000000e+00
3.178619381282950371e+02,2.052601130618717207e+02,2.500000000000000000e+01,1.518434000000000030e-06,0.000000000000000000e+00
3.182889564990590543e+02,2.052596860435009489e+02,2.500000000000000000e+01,1.465363000000000017e-06,0.000000000000000000e+00
3.187125488339008257e+02,2.052592624511661086e+02,2.500000000000000000e+01,1.457926999999999950e-06,0.000000000000000000e+00
3.191432243221790941e+02,2.052588317756778338e+02,2.500000000000000000e+01,1.385168000000000059e-06,0.000000000000000000e+00
3.195625372852333612e+02,2.052584124627147730e+02,2.500000000000000000e+01,1.422581000000000051e-06,0.000000000000000000e+00
3.199820695139987947e+02,2.052579929304860116e+02,2.500000000000000000e+01,1.476858999999999924e-06,0.000000000000000000e+00
3.204069190447159485e+02,2.052575680809552807e+02,2.500000000000000000e+01,1.391934000000000055e-06,0.000000000000000000e+00
3.208149711875566368e+02,2.052571600288124500e+02,2.500000000000000000e+01,1.454027000000000080e-06,0.000000000000000000e+00
3.212170163232200366e+02,2.052567579836767777e+02,2.500000000000000000e+01,1.556734999999999970e-06,0.000000000000000000e+00
3.216476863897985368e+02,2.052563273136101998e+02,2.500000000000000000e+01,1.464707999999999936e-06,0.000000000000000000e+00
3.220560889176118735e+02,2.052559189110824036e+02,2.500000000000000000e+01,1.493229999999999932e-06,0.000000000000000000e+00
3.224840948176420738e+02,2.052554909051823699e+02,2.500000000000000000e+01,1.509615999999999930e-06,0.000000000000000000e+00
3.228949372526566890e+02,2.052550800627473393e+02,2.500000000000000000e+01,1.431908000000000013e-06,0.000000000000000000e+00
3.232868617743260984e+02,2.052546881382256743e+02,2.500000000000000000e+01,1.481253999999999904e-06,0.000000000000000000e+00
3.237316688337031110e+02,2.052542433311662933e+02,2.500000000000000000e+01,1.535518000000000026e-06,0.000000000000000000e+00
3.241304079980915844e+02,2.052538445920019115e+02,2.500000000000000000e+01,1.531531000000000084e-06,0.000000000000000000e+00
3.245543994579894047e+02,2.052534206005420003e+02,2.500000000000000000e+01,1.623557000000000090e-06,0.000000000000000000e+00
3.250026229831222508e+02,2.052529723770168744e+02,2.500000000000000000e+01,1.488296999999999923e-06,0.000000000000000000e+00
3.253909847158608954e+02,2.052525840152841283e+02,2.500000000000000000e+01,1.432810999999999952e-06,0.000000000000000000e+00
3.258065293969835921e+02,2.052521684706030101e+02,2.500000000000000000e+01,1.400504999999999900e-06,0.000000000000000000e+00
3.262266991876124962e+02,2.052517483008123804e+02,2.500000000000000000e+01,1.411899999999999984e-06,0.000000000000000000e+00
3.266351017154258329e+02,2.052513398982845843e+02,2.500000000000000000e+01,1.585547999999999951e-06,0.000000000000000000e+00
3.270660046062761808e+02,2.052509089953937291e+02,2.500000000000000000e+01,1.544597999999999945e-06,0.000000000000000000e+00
3.274962202560500373e+02,2.052504787797439576e+02,2.500000000000000000e+01,1.444815999999999932e-06,0.000000000000000000e+00
3.279389904651840766e+02,2.052500360095348242e+02,2.500000000000000000e+01,1.512118999999999989e-06,0.000000000000000000e+00
3.283352978838021272e+02,2.052496397021162124e+02,2.500000000000000000e+01,1.463399000000000014e-06,0.000000000000000000e+00
3.287428202943772249e+02,2.052492321797056150e+02,2.500000000000000000e+01,1.496620999999999939e-06,0.000000000000000000e+00
3.291741522741270956e+02,2.052488008477258745e+02,2.500000000000000000e+01,1.514999999999999894e-06,0.000000000000000000e+00
3.295965053837743426e+02,2.052483784946162189e+02,2.500000000000000000e+01,1.718376999999999929e-06,0.000000000000000000e+00
3.300134539159853375e+02,2.052479615460840137e+02,2.500000000000000000e+01,1.566789999999999910e-06,0.000000000000000000e+00
3.304319865012722630e+02,2.052475430134987278e+02,2.500000000000000000e+01,1.456544999999999918e-06,0.000000000000000000e+00
3.308525297085357693e+02,2.052471224702914583e+02,2.500000000000000000e+01,1.651758999999999935e-06,0.000000000000000000e+00
3.312375242160052267e+02,2.052467374757839877e+02,2.500000000000000000e+01,1.645952999999999969e-06,0.000000000000000000e+00
3.316847702302058565e+02,2.052462902297697838e+02,2.500000000000000000e+01,1.687105000000000045e-06,0.000000000000000000e+00
3.320835105133588172e+02,2.052458914894866382e+02,2.500000000000000000e+01,1.661960000000000093e-06,0.000000000000000000e+00
3.325072494133924579e+02,2.052454677505866130e+02,2.500000000000000000e+01,1.717068000000000007e-06,0.000000000000000000e+00
3.329147690600736951e+02,2.052450602309399414e+02,2.500000000000000000e+01,1.603548000000000033e-06,0.000000000000000000e+00
3.333388787552680697e+02,2.052446361212447243e+02,2.500000000000000000e+01,1.513384999999999995e-06,0.000000000000000000e+00
3.337536161002797712e+02,2.052442213838997134e+02,2.500000000000000000e+01,1.559383000000000008e-06,0.000000000000000000e+00
3.341524698509029463e+02,2.052438225301490888e+02,2.500000000000000000e+01,1.817344999999999919e-06,0.000000000000000000e+00
3.345922358898286575e+02,2.052433827641101800e+02,2.500000000000000000e+01,1.640989999999999979e-06,0.000000000000000000e+00
3.350210006425191978e+02,2.052429539993574963e+02,2.500000000000000000e+01,1.561943999999999974e-06,0.000000000000000000e+00
3.354154982309751745e+02,2.052425595017690227e+02,2.500000000000000000e+01,1.609747000000000048e-06,0.000000000000000000e+00
3.358310458016804887e+02,2.052421439541983261e+02,2.500000000000000000e+01,1.559542999999999978e-06,0.000000000000000000e+00
3.362694853105482480e+02,2.052417055146894427e+02,2.500000000000000000e+01,1.710198999999999921e-06,0.000000000000000000e+00
3.366549276710546224e+02,2.052413200723289606e+02,2.500000000000000000e+01,1.688939000000000060e-06,0.000000000000000000e+00
3.370944160751944310e+02,2.052408805839248203e+02,2.500000000000000000e+01,1.616223000000000086e-06,0.000000000000000000e+00
3.375394666400642336e+02,2.052404355333599426e+02,2.500000000000000000e+01,1.831257000000000024e-06,0.000000000000000000e+00
3.379249102064538874e+02,2.052400500897935558e+02,2.500000000000000000e+01,1.680236999999999986e-06,0.000000000000000000e+00
3.383515472377872584e+02,2.052396234527622028e+02,2.500000000000000000e+01,2.141648999999999830e-06,0.000000000000000000e+00
3.387665389328597598e+02,2.052392084610671361e+02,2.500000000000000000e+01,2.254876999999999790e-06,0.000000000000000000e+00
3.392138735095419975e+02,2.052387611264904592e+02,2.500000000000000000e+01,1.803913999999999963e-06,0.000000000000000000e+00
3.396376214833368863e+02,2.052383373785166611e+02,2.500000000000000000e+01,1.727675999999999965e-06,0.000000000000000000e+00
3.400363637586774530e+02,2.052379386362413243e+02,2.500000000000000000e+01,1.684559000000000070e-06,0.000000000000000000e+00
3.404831744925385237e+02,2.052374918255074761e+02,2.500000000000000000e+01,1.480089999999999961e-06,0.000000000000000000e+00
3.408984374988734771e+02,2.052370765625011302e+02,2.500000000000000000e+01,1.347404999999999935e-06,0.000000000000000000e+00
3.412864844933336599e+02,2.052366885155066711e+02,2.500000000000000000e+01,1.719613999999999982e-06,0.000000000000000000e+00
3.417103034517458013e+02,2.052362646965482611e+02,2.500000000000000000e+01,1.624502999999999945e-06,0.000000000000000000e+00
3.421184740161783111e+02,2.052358565259838201e+02,2.500000000000000000e+01,1.675201999999999915e-06,0.000000000000000000e+00
3.425491495044566364e+02,2.052354258504955453e+02,2.500000000000000000e+01,1.627602999999999966e-06,0.000000000000000000e+00
3.429525567041198428e+02,2.052350224432958896e+02,2.500000000000000000e+01,1.669409999999999912e-06,0.000000000000000000e+00
3.433628362934690585e+02,2.052346121637065437e+02,2.500000000000000000e+01,1.709559000000000042e-06,0.000000000000000000e+00
3.437959478406453968e+02,2.052341790521593623e+02,2.500000000000000000e+01,1.634354999999999999e-06,0.000000000000000000e+00
3.441992850096614802e+02,2.052337757149903439e+02,2.500000000000000000e+01,1.642299999999999929e-06,0.000000000000000000e+00
3.446235252213740523e+02,2.052333514747786296e+02,2.500000000000000000e+01,1.764900000000000034e-06,0.000000000000000000e+00
3.450222650107352251e+02,2.052329527349892544e+02,2.500000000000000000e+01,1.785024999999999905e-06,0.000000000000000000e+00
3.454680710875500722e+02,2.052325069289124428e+02,2.500000000000000000e+01,1.775348000000000023e-06,0.000000000000000000e+00
3.458836186582553864e+02,2.052320913813417462e+02,2.500000000000000000e+01,1.698309999999999966e-06,0.000000000000000000e+00
3.462713799549418354e+02,2.052317036200450673e+02,2.500000000000000000e+01,1.691237999999999993e-06,0.000000000000000000e+00
3.466979393610791931e+02,2.052312770606389165e+02,2.500000000000000000e+01,1.726468000000000078e-06,0.000000000000000000e+00
3.471286198967686119e+02,2.052308463801032303e+02,2.500000000000000000e+01,1.849447000000000057e-06,0.000000000000000000e+00
3.475654765419847081e+02,2.052304095234580075e+02,2.500000000000000000e+01,1.726919000000000033e-06,0.000000000000000000e+00
3.479674677209342804e+02,2.052300075322790747e+02,2.500000000000000000e+01,1.522363000000000064e-06,0.000000000000000000e+00
3.483879572871489927e+02,2.052295870427128648e+02,2.500000000000000000e+01,1.640335999999999926e-06,0.000000000000000000e+00
3.488188338516181943e+02,2.052291561661483854e+02,2.500000000000000000e+01,1.766078999999999968e-06,0.000000000000000000e+00
3.492367561511937879e+02,2.052287382438487953e+02,2.500000000000000000e+01,1.770939000000000079e-06,0.000000000000000000e+00
3.496447118594664971e+02,2.052283302881405405e+02,2.500000000000000000e+01,1.747670000000000032e-06,0.000000000000000000e+00
3.500753443176437258e+02,2.052278996556823643e+02,2.500000000000000000e+01,1.694556000000000103e-06,0.000000000000000000e+00
3.505059716168021851e+02,2.052274690283832115e+02,2.500000000000000000e+01,1.605876999999999948e-06,0.000000000000000000e+00
3.508954533273252991e+02,2.052270795466726838e+02,2.500000000000000000e+01,1.559673999999999994e-06,0.000000000000000000e+00
3.513107213507209394e+02,2.052266642786492810e+02,2.500000000000000000e+01,1.563851000000000098e-06,0.000000000000000000e+00
3.517115769567810162e+02,2.052262634230432354e+02,2.500000000000000000e+01,1.523555999999999961e-06,0.000000000000000000e+00
3.521531368362794865e+02,2.052258218631637305e+02,2.500000000000000000e+01,1.339402000000000098e-06,0.000000000000000000e+00
3.525640661686181829e+02,2.052254109338313981e+02,2.500000000000000000e+01,1.010280999999999992e-06,0.000000000000000000e+00
3.529731911808519271e+02,2.052250018088191439e+02,2.500000000000000000e+01,1.171923999999999979e-06,0.000000000000000000e+00
3.534159547634320120e+02,2.052245590452365605e+02,2.500000000000000000e+01,1.326493999999999967e-06,0.000000000000000000e+00
3.537983572737899181e+02,2.052241766427262064e+02,2.500000000000000000e+01,1.482766999999999952e-06,0.000000000000000000e+00
3.542221001455188230e+02,2.052237528998544747e+02,2.500000000000000000e+01,1.587730000000000043e-06,0.000000000000000000e+00
3.546557634663428189e+02,2.052233192365336549e+02,2.500000000000000000e+01,1.612294000000000051e-06,0.000000000000000000e+00
3.550634817427511507e+02,2.052229115182572627e+02,2.500000000000000000e+01,1.606749999999999905e-06,0.000000000000000000e+00
3.554926915498106155e+02,2.052224823084501963e+02,2.500000000000000000e+01,8.494243999999999653e-07,0.000000000000000000e+00
3.559078529410517149e+02,2.052220671470589366e+02,2.500000000000000000e+01,5.392067000000000157e-07,0.000000000000000000e+00
3.562956195552256986e+02,2.052216793804447832e+02,2.500000000000000000e+01,1.000181999999999896e-06,0.000000000000000000e+00
3.567182278016092027e+02,2.052212567721983874e+02,2.500000000000000000e+01,1.673878000000000002e-06,0.000000000000000000e+00
3.571637919175533398e+02,2.052208112080824378e+02,2.500000000000000000e+01,1.550317000000000051e-06,0.000000000000000000e+00
3.575627819266186407e+02,2.052204122180733918e+02,2.500000000000000000e+01,1.425418000000000012e-06,0.000000000000000000e+00
3.579867794079057148e+02,2.052199882205920858e+02,2.500000000000000000e+01,1.527266999999999908e-06,0.000000000000000000e+00
3.584280091178733301e+02,2.052195469908821224e+02,2.500000000000000000e+01,1.589068999999999947e-06,0.000000000000000000e+00
3.588438995053940062e+02,2.052191311004946215e+02,2.500000000000000000e+01,1.633801999999999981e-06,0.000000000000000000e+00
3.592585023459529339e+02,2.052187164976540430e+02,2.500000000000000000e+01,1.559542999999999978e-06,0.000000000000000000e+00
3.596661355194100906e+02,2.052183088644806048e+02,2.500000000000000000e+01,1.542838000000000067e-06,0.000000000000000000e+00
3.601067385195257202e+02,2.052178682614804757e+02,2.500000000000000000e+01,1.312917000000000003e-06,0.000000000000000000e+00
3.605506654637722477e+02,2.052174243345362186e+02,2.500000000000000000e+01,1.505380999999999919e-06,0.000000000000000000e+00
3.609358854208323351e+02,2.052170391145791655e+02,2.500000000000000000e+01,1.618972999999999974e-06,0.000000000000000000e+00
3.613649568171337023e+02,2.052166100431828681e+02,2.500000000000000000e+01,1.642881999999999901e-06,0.000000000000000000e+00
3.617772043818884526e+02,2.052161977956181147e+02,2.500000000000000000e+01,1.451495000000000068e-06,0.000000000000000000e+00
3.621829111595931749e+02,2.052157920888404021e+02,2.500000000000000000e+01,1.209017000000000032e-06,0.000000000000000000e+00
3.626138115822345753e+02,2.052153611884177735e+02,2.500000000000000000e+01,1.751933999999999996e-06,0.000000000000000000e+00
3.630219837539849550e+02,2.052149530162460280e+02,2.500000000000000000e+01,1.601875000000000016e-06,0.000000000000000000e+00
3.634421387950274607e+02,2.052145328612049866e+02,2.500000000000000000e+01,1.638531000000000076e-06,0.000000000000000000e+00
3.638294762359058723e+02,2.052141455237641026e+02,2.500000000000000000e+01,1.568914999999999911e-06,0.000000000000000000e+00
3.642460489885496031e+02,2.052137289510114613e+02,2.500000000000000000e+01,1.566222999999999929e-06,0.000000000000000000e+00
3.646944032157255720e+02,2.052132805967842728e+02,2.500000000000000000e+01,1.578795000000000103e-06,0.000000000000000000e+00
3.650933956344378544e+02,2.052128816043655775e+02,2.500000000000000000e+01,1.680949999999999974e-06,0.000000000000000000e+00
3.655168823989121734e+02,2.052124581176011020e+02,2.500000000000000000e+01,1.669220999999999989e-06,0.000000000000000000e+00
3.659235264905660188e+02,2.052120514735094332e+02,2.500000000000000000e+01,1.770574999999999984e-06,0.000000000000000000e+00
3.663497325820400192e+02,2.052116252674179577e+02,2.500000000000000000e+01,1.692969999999999945e-06,0.000000000000000000e+00
3.667654009828505082e+02,2.052112095990171383e+02,2.500000000000000000e+01,1.770458999999999959e-06,0.000000000000000000e+00
3.671932762317017591e+02,2.052107817237682923e+02,2.500000000000000000e+01,1.749299999999999921e-06,0.000000000000000000e+00
3.676365973310432196e+02,2.052103384026689525e+02,2.500000000000000000e+01,1.845765000000000064e-06,0.000000000000000000e+00
3.680319041724496856e+02,2.052099430958275548e+02,2.500000000000000000e+01,1.831955000000000022e-06,0.000000000000000000e+00
3.684542580284676774e+02,2.052095207419715450e+02,2.500000000000000000e+01,1.820794000000000045e-06,0.000000000000000000e+00
3.688973061754181231e+02,2.052090776938245824e+02,2.500000000000000000e+01,1.720546000000000086e-06,0.000000000000000000e+00
3.693060679348267286e+02,2.052086689320651658e+02,2.500000000000000000e+01,1.794382000000000060e-06,0.000000000000000000e+00
3.697091413289382444e+02,2.052082658586710693e+02,2.500000000000000000e+01,1.752298000000000091e-06,0.000000000000000000e+00
3.701398189633485458e+02,2.052078351810366428e+02,2.500000000000000000e+01,1.621767000000000019e-06,0.000000000000000000e+00
3.705479964780637943e+02,2.052074270035219286e+02,2.500000000000000000e+01,1.766733000000000022e-06,0.000000000000000000e+00
3.709736543398627191e+02,2.052070013456601316e+02,2.500000000000000000e+01,1.771156999999999956e-06,0.000000000000000000e+00
3.713752754235549673e+02,2.052065997245764493e+02,2.500000000000000000e+01,1.810941999999999991e-06,0.000000000000000000e+00
3.717766864028415057e+02,2.052061983135971559e+02,2.500000000000000000e+01,1.793232999999999895e-06,0.000000000000000000e+00
3.722027415120364253e+02,2.052057722584879684e+02,2.500000000000000000e+01,1.814988000000000079e-06,0.000000000000000000e+00
3.726104574353191197e+02,2.052053645425646948e+02,2.500000000000000000e+01,1.915629000000000087e-06,0.000000000000000000e+00
3.730454964574536234e+02,2.052049295035425587e+02,2.500000000000000000e+01,1.886044999999999999e-06,0.000000000000000000e+00
3.734694894725542440e+02,2.052045055105274400e+02,2.500000000000000000e+01,1.887558000000000047e-06,0.000000000000000000e+00
3.738684759273837699e+02,2.052041065240726141e+02,2.500000000000000000e+01,1.781197999999999933e-06,0.000000000000000000e+00
3.742971944655021730e+02,2.052036778055345110e+02,2.500000000000000000e+01,1.736058000000000099e-06,0.000000000000000000e+00
3.747012229648331072e+02,2.052032737770351787e+02,2.500000000000000000e+01,1.724344000000000105e-06,0.000000000000000000e+00
3.751272339191533547e+02,2.052028477660808505e+02,2.500000000000000000e+01,1.701554999999999966e-06,0.000000000000000000e+00
3.755581341476004127e+02,2.052024168658523990e+02,2.500000000000000000e+01,1.534586999999999949e-06,0.000000000000000000e+00
3.759624398330112740e+02,2.052020125601669918e+02,2.500000000000000000e+01,1.155073000000000062e-06,0.000000000000000000e+00
3.763735426299467122e+02,2.052016014573700602e+02,2.500000000000000000e+01,4.972243999999999747e-07,0.000000000000000000e+00
3.767849249800806319e+02,2.052011900750199231e+02,2.500000000000000000e+01,1.333683000000000098e-07,0.000000000000000000e+00
3.771899250382771811e+02,2.052007850749617148e+02,2.500000000000000000e+01,9.346695000000000303e-08,0.000000000000000000e+00
3.776324107235382144e+02,2.052003425892764596e+02,2.500000000000000000e+01,1.263106000000000034e-07,0.000000000000000000e+00
3.780737709561709607e+02,2.051999012290438316e+02,2.500000000000000000e+01,7.368071000000000068e-07,0.000000000000000000e+00
3.784592228531772093e+02,2.051995157771468143e+02,2.500000000000000000e+01,1.173509999999999925e-06,0.000000000000000000e+00
3.788934881904207259e+02,2.051990815118095952e+02,2.500000000000000000e+01,1.520063999999999919e-06,0.000000000000000000e+00
3.793087562659032983e+02,2.051986662437340954e+02,2.500000000000000000e+01,1.759778000000000103e-06,0.000000000000000000e+00
3.797289718201730579e+02,2.051982460281798240e+02,2.500000000000000000e+01,1.666135999999999958e-06,0.000000000000000000e+00
3.801758625635153521e+02,2.051977991374364763e+02,2.500000000000000000e+01,1.657404999999999931e-06,0.000000000000000000e+00
3.805746108027386185e+02,2.051974003891972700e+02,2.500000000000000000e+01,1.753912999999999990e-06,0.000000000000000000e+00
3.809985978874045713e+02,2.051969764021125968e+02,2.500000000000000000e+01,1.691762000000000058e-06,0.000000000000000000e+00
3.814071278523562682e+02,2.051965678721476536e+02,2.500000000000000000e+01,1.771929000000000090e-06,0.000000000000000000e+00
3.818298130195079807e+02,2.051961451869804876e+02,2.500000000000000000e+01,1.854525000000000044e-06,0.000000000000000000e+00
3.822462004467481052e+02,2.051957287995532511e+02,2.500000000000000000e+01,1.918014999999999880e-06,0.000000000000000000e+00
3.826541535911171081e+02,2.051953208464088902e+02,2.500000000000000000e+01,1.888925999999999904e-06,0.000000000000000000e+00
3.830848290793953765e+02,2.051948901709206154e+02,2.500000000000000000e+01,1.889623999999999901e-06,0.000000000000000000e+00
3.834920544650397574e+02,2.051944829455349577e+02,2.500000000000000000e+01,1.840526000000000079e-06,0.000000000000000000e+00
3.839061566729398010e+02,2.051940688433270736e+02,2.500000000000000000e+01,1.953288999999999909e-06,0.000000000000000000e+00
3.843145396121090585e+02,2.051936604603878891e+02,2.500000000000000000e+01,1.919907000000000014e-06,0.000000000000000000e+00
3.847166199700722586e+02,2.051932583800299312e+02,2.500000000000000000e+01,1.882973999999999931e-06,0.000000000000000000e+00
3.851622695350557137e+02,2.051928127304649365e+02,2.500000000000000000e+01,1.800479000000000012e-06,0.000000000000000000e+00
3.855779655249289704e+02,2.051923970344750785e+02,2.500000000000000000e+01,1.817591999999999961e-06,0.000000000000000000e+00
3.859847546821250717e+02,2.051919902453178679e+02,2.500000000000000000e+01,1.785563999999999961e-06,0.000000000000000000e+00
3.864263821225615061e+02,2.051915486178774302e+02,2.500000000000000000e+01,1.708758999999999982e-06,0.000000000000000000e+00
3.868419343684893761e+02,2.051911330656315045e+02,2.500000000000000000e+01,1.775319000000000070e-06,0.000000000000000000e+00
3.872347776697214954e+02,2.051907402223302768e+02,2.500000000000000000e+01,1.680411999999999946e-06,0.000000000000000000e+00
3.876642912606536697e+02,2.051903107087393607e+02,2.500000000000000000e+01,1.744542000000000085e-06,0.000000000000000000e+00
3.881046389072445209e+02,2.051898703610927441e+02,2.500000000000000000e+01,1.818304999999999949e-06,0.000000000000000000e+00
3.885284573443389604e+02,2.051894465426556735e+02,2.500000000000000000e+01,1.734967000000000053e-06,0.000000000000000000e+00
3.889342775892953910e+02,2.051890407224107093e+02,2.500000000000000000e+01,1.798528999999999971e-06,0.000000000000000000e+00
3.893632696180454218e+02,2.051886117303819503e+02,2.500000000000000000e+01,1.760693999999999977e-06,0.000000000000000000e+00
3.897756852577589939e+02,2.051881993147422349e+02,2.500000000000000000e+01,1.783584999999999966e-06,0.000000000000000000e+00
3.901815213723108968e+02,2.051877934786276967e+02,2.500000000000000000e+01,1.710722999999999985e-06,0.000000000000000000e+00
3.906119733946346742e+02,2.051873630266053681e+02,2.500000000000000000e+01,1.706924999999999967e-06,0.000000000000000000e+00
3.910203809021513166e+02,2.051869546190978610e+02,2.500000000000000000e+01,1.635489999999999989e-06,0.000000000000000000e+00
3.914398957203064242e+02,2.051865351042796988e+02,2.500000000000000000e+01,1.642183999999999904e-06,0.000000000000000000e+00
3.918696431995037983e+02,2.051861053568005104e+02,2.500000000000000000e+01,1.640539000000000023e-06,0.000000000000000000e+00
3.922444874206309464e+02,2.051857305125793687e+02,2.500000000000000000e+01,1.584631000000000050e-06,0.000000000000000000e+00
3.926923830793453476e+02,2.051852826169206594e+02,2.500000000000000000e+01,1.657229999999999971e-06,0.000000000000000000e+00
3.930913709086572112e+02,2.051848836290913312e+02,2.500000000000000000e+01,1.653882999999999908e-06,0.000000000000000000e+00
3.935364675361627178e+02,2.051844385324638438e+02,2.500000000000000000e+01,1.557928000000000079e-06,0.000000000000000000e+00
3.939219148957948846e+02,2.051840530851042104e+02,2.500000000000000000e+01,1.503416999999999916e-06,0.000000000000000000e+00
3.943481636111112039e+02,2.051836268363888962e+02,2.500000000000000000e+01,1.548163999999999913e-06,0.000000000000000000e+00
3.947637137837622276e+02,2.051832112862162489e+02,2.500000000000000000e+01,1.589287000000000035e-06,0.000000000000000000e+00
3.951759041679422921e+02,2.051827990958320527e+02,2.500000000000000000e+01,1.552543999999999903e-06,0.000000000000000000e+00
3.956000687578070938e+02,2.051823749312422080e+02,2.500000000000000000e+01,1.587847000000000097e-06,0.000000000000000000e+00
3.960335701870229173e+02,2.051819414298129800e+02,2.500000000000000000e+01,1.624576000000000054e-06,0.000000000000000000e+00
3.964386887172257730e+02,2.051815363112827697e+02,2.500000000000000000e+01,1.590539000000000079e-06,0.000000000000000000e+00
3.968568065650420635e+02,2.051811181934349690e+02,2.500000000000000000e+01,1.582171999999999935e-06,0.000000000000000000e+00
3.972782215384615938e+02,2.051806967784615381e+02,2.500000000000000000e+01,1.535635000000000079e-06,0.000000000000000000e+00
3.976800404733049845e+02,2.051802949595266909e+02,2.500000000000000000e+01,1.499996999999999955e-06,0.000000000000000000e+00
3.981172995545531421e+02,2.051798577004454387e+02,2.500000000000000000e+01,1.449967000000000029e-06,0.000000000000000000e+00
3.985482034907828961e+02,2.051794267965092331e+02,2.500000000000000000e+01,1.448657999999999895e-06,0.000000000000000000e+00
3.989741847010177480e+02,2.051790008152989913e+02,2.500000000000000000e+01,1.375462000000000012e-06,0.000000000000000000e+00
3.994172321637024083e+02,2.051785577678363097e+02,2.500000000000000000e+01,1.444438000000000086e-06,0.000000000000000000e+00
3.997992508237314269e+02,2.051781757491762619e+02,2.500000000000000000e+01,1.409396999999999925e-06,0.000000000000000000e+00
4.002229936954602749e+02,2.051777520063045301e+02,2.500000000000000000e+01,1.360530999999999942e-06,0.000000000000000000e+00
4.006558915313048601e+02,2.051773191084687085e+02,2.500000000000000000e+01,1.428139999999999976e-06,0.000000000000000000e+00
4.010638446756739199e+02,2.051769111553243192e+02,2.500000000000000000e+01,1.327905999999999979e-06,0.000000000000000000e+00
4.014932959414757647e+02,2.051764817040585172e+02,2.500000000000000000e+01,1.392080000000000062e-06,0.000000000000000000e+00
4.018927084787327999e+02,2.051760822915212827e+02,2.500000000000000000e+01,1.354128000000000014e-06,0.000000000000000000e+00
4.022957785776764581e+02,2.051756792214223140e+02,2.500000000000000000e+01,1.421226999999999945e-06,0.000000000000000000e+00
4.027404443655621549e+02,2.051752345556344324e+02,2.500000000000000000e+01,1.417734999999999903e-06,0.000000000000000000e+00
4.031267631106870226e+02,2.051748482368893178e+02,2.500000000000000000e+01,1.403429999999999961e-06,0.000000000000000000e+00
4.035631796560031717e+02,2.051744118203440053e+02,2.500000000000000000e+01,1.465334000000000064e-06,0.000000000000000000e+00
4.039658384541649525e+02,2.051740091615458255e+02,2.500000000000000000e+01,1.501800999999999989e-06,0.000000000000000000e+00
4.043864092693052044e+02,2.051735885907307022e+02,2.500000000000000000e+01,1.566891999999999973e-06,0.000000000000000000e+00
4.048049122394273809e+02,2.051731700877605817e+02,2.500000000000000000e+01,1.499095000000000044e-06,0.000000000000000000e+00
4.052091505236289208e+02,2.051727658494763773e+02,2.500000000000000000e+01,1.589739000000000019e-06,0.000000000000000000e+00
4.056437670837760834e+02,2.051723312329162354e+02,2.500000000000000000e+01,1.564374999999999951e-06,0.000000000000000000e+00
4.060684423831580716e+02,2.051719065576168362e+02,2.500000000000000000e+01,1.545253000000000026e-06,0.000000000000000000e+00
4.064787482344209479e+02,2.051714962517655749e+02,2.500000000000000000e+01,1.504479000000000008e-06,0.000000000000000000e+00
4.068937389360968950e+02,2.051710812610639039e+02,2.500000000000000000e+01,1.512147999999999943e-06,0.000000000000000000e+00
4.073090095623824141e+02,2.051706659904376124e+02,2.500000000000000000e+01,1.457810999999999924e-06,0.000000000000000000e+00
4.077519109748216124e+02,2.051702230890251712e+02,2.500000000000000000e+01,1.513370000000000005e-06,0.000000000000000000e+00
4.081505942088313077e+02,2.051698244057911609e+02,2.500000000000000000e+01,1.588399999999999903e-06,0.000000000000000000e+00
4.085748314034208875e+02,2.051694001685965816e+02,2.500000000000000000e+01,1.548148999999999922e-06,0.000000000000000000e+00
4.090214321197137792e+02,2.051689535678802940e+02,2.500000000000000000e+01,1.627137000000000020e-06,0.000000000000000000e+00
4.094225732541329421e+02,2.051685524267458618e+02,2.500000000000000000e+01,1.509208000000000103e-06,0.000000000000000000e+00
4.098292330606727774e+02,2.051681457669393183e+02,2.500000000000000000e+01,1.617213000000000096e-06,0.000000000000000000e+00
4.102455022254993082e+02,2.051677294977745021e+02,2.500000000000000000e+01,1.638240000000000090e-06,0.000000000000000000e+00
4.106534499481684861e+02,2.051673215500518381e+02,2.500000000000000000e+01,1.713138999999999972e-06,0.000000000000000000e+00
4.110927861106869727e+02,2.051668822138893233e+02,2.500000000000000000e+01,1.673760999999999949e-06,0.000000000000000000e+00
4.114925278022121233e+02,2.051664824721977993e+02,2.500000000000000000e+01,1.746972000000000034e-06,0.000000000000000000e+00
4.119157737579618015e+02,2.051660592262420266e+02,2.500000000000000000e+01,1.736843999999999985e-06,0.000000000000000000e+00
4.123313785777796738e+02,2.051656436214222197e+02,2.500000000000000000e+01,1.709996000000000035e-06,0.000000000000000000e+00
4.127385090484028751e+02,2.051652364909515995e+02,2.500000000000000000e+01,1.788067000000000019e-06,0.000000000000000000e+00
4.131702274612882206e+02,2.051648047725387016e+02,2.500000000000000000e+01,1.883090999999999984e-06,0.000000000000000000e+00
4.135607440521005174e+02,2.051644142559478894e+02,2.500000000000000000e+01,1.763940000000000005e-06,0.000000000000000000e+00
4.140083921754027756e+02,2.051639666078245909e+02,2.500000000000000000e+01,1.792432000000000019e-06,0.000000000000000000e+00
4.144082238316754001e+02,2.051635667761683237e+02,2.500000000000000000e+01,1.784341000000000083e-06,0.000000000000000000e+00
4.148135737800513994e+02,2.051631614262199435e+02,2.500000000000000000e+01,1.868130999999999961e-06,0.000000000000000000e+00
4.152324627459825592e+02,2.051627425372540188e+02,2.500000000000000000e+01,1.781910999999999921e-06,0.000000000000000000e+00
4.156794524468617738e+02,2.051622955475531285e+02,2.500000000000000000e+01,1.904351000000000057e-06,0.000000000000000000e+00
4.160781947222023973e+02,2.051618968052777916e+02,2.500000000000000000e+01,1.879684999999999987e-06,0.000000000000000000e+00
4.165242612820957788e+02,2.051614507387179174e+02,2.500000000000000000e+01,1.797437999999999925e-06,0.000000000000000000e+00
4.169094763436056610e+02,2.051610655236563900e+02,2.500000000000000000e+01,1.754874000000000048e-06,0.000000000000000000e+00
4.173321362779972219e+02,2.051606428637220176e+02,2.500000000000000000e+01,1.804830000000000048e-06,0.000000000000000000e+00
4.177481049762529892e+02,2.051602268950237544e+02,2.500000000000000000e+01,1.807871999999999951e-06,0.000000000000000000e+00
4.181640902482952811e+02,2.051598109097517124e+02,2.500000000000000000e+01,1.837892000000000004e-06,0.000000000000000000e+00
4.185871775706448261e+02,2.051593878224293519e+02,2.500000000000000000e+01,1.975771999999999860e-06,0.000000000000000000e+00
4.190198885507765567e+02,2.051589551114492167e+02,2.500000000000000000e+01,1.975612000000000102e-06,0.000000000000000000e+00
4.194657024709093776e+02,2.051585092975290934e+02,2.500000000000000000e+01,1.956942000000000160e-06,0.000000000000000000e+00
4.198812500416148055e+02,2.051580937499583968e+02,2.500000000000000000e+01,1.928899999999999862e-06,0.000000000000000000e+00
4.202918675960780774e+02,2.051576831324039176e+02,2.500000000000000000e+01,1.973995999999999963e-06,0.000000000000000000e+00
4.206962364936783274e+02,2.051572787635063264e+02,2.500000000000000000e+01,1.948297999999999994e-06,0.000000000000000000e+00
4.211266791576846913e+02,2.051568483208423288e+02,2.500000000000000000e+01,1.922685999999999857e-06,0.000000000000000000e+00
4.215346323020537511e+02,2.051564403676979396e+02,2.500000000000000000e+01,1.833643000000000030e-06,0.000000000000000000e+00
4.219573202682428814e+02,2.051560176797317467e+02,2.500000000000000000e+01,1.822830999999999946e-06,0.000000000000000000e+00
4.223732528400415731e+02,2.051556017471599489e+02,2.500000000000000000e+01,1.869455000000000086e-06,0.000000000000000000e+00
4.227603523312216112e+02,2.051552146476687710e+02,2.500000000000000000e+01,1.866995999999999971e-06,0.000000000000000000e+00
4.231735949982107741e+02,2.051548014050017912e+02,2.500000000000000000e+01,1.799954999999999947e-06,0.000000000000000000e+00
4.236070563702289746e+02,2.051543679436297793e+02,2.500000000000000000e+01,1.912092999999999889e-06,0.000000000000000000e+00
4.240507239157684580e+02,2.051539242760842399e+02,2.500000000000000000e+01,1.884880000000000027e-06,0.000000000000000000e+00
4.244359438728287159e+02,2.051535390561271868e+02,2.500000000000000000e+01,1.893101999999999980e-06,0.000000000000000000e+00
4.248653128231770211e+02,2.051531096871768227e+02,2.500000000000000000e+01,1.739085000000000011e-06,0.000000000000000000e+00
4.252530884245123275e+02,2.051527219115754974e+02,2.500000000000000000e+01,1.951616000000000103e-06,0.000000000000000000e+00
4.256831970141615216e+02,2.051522918029858431e+02,2.500000000000000000e+01,1.994355000000000152e-06,0.000000000000000000e+00
4.261138725024397900e+02,2.051518611274975683e+02,2.500000000000000000e+01,2.037180999999999850e-06,0.000000000000000000e+00
4.265410390664573015e+02,2.051514339609335309e+02,2.500000000000000000e+01,2.050845000000000098e-06,0.000000000000000000e+00
4.269422102367004754e+02,2.051510327897632919e+02,2.500000000000000000e+01,2.056068999999999880e-06,0.000000000000000000e+00
4.273717351266759010e+02,2.051506032648733253e+02,2.500000000000000000e+01,2.029701000000000051e-06,0.000000000000000000e+00
4.278005333036472280e+02,2.051501744666963418e+02,2.500000000000000000e+01,2.167187999999999858e-06,0.000000000000000000e+00
4.282222437960572847e+02,2.051497527562039522e+02,2.500000000000000000e+01,2.051820000000000118e-06,0.000000000000000000e+00
4.286299641161544969e+02,2.051493450358838402e+02,2.500000000000000000e+01,2.060304000000000103e-06,0.000000000000000000e+00
4.290604122018607995e+02,2.051489145877981457e+02,2.500000000000000000e+01,2.069370000000000060e-06,0.000000000000000000e+00
4.294891007866837072e+02,2.051484858992133127e+02,2.500000000000000000e+01,2.049375000000000178e-06,0.000000000000000000e+00
4.298992606306658217e+02,2.051480757393693466e+02,2.500000000000000000e+01,2.032378999999999858e-06,0.000000000000000000e+00
4.303129302270991730e+02,2.051476620697729061e+02,2.500000000000000000e+01,1.995068000000000140e-06,0.000000000000000000e+00
4.307371689229228195e+02,2.051472378310770921e+02,2.500000000000000000e+01,1.919398000000000152e-06,0.000000000000000000e+00
4.311359111982632726e+02,2.051468390888017268e+02,2.500000000000000000e+01,2.011089000000000016e-06,0.000000000000000000e+00
4.315771876972456766e+02,2.051463978123027516e+02,2.500000000000000000e+01,2.396351000000000174e-06,0.000000000000000000e+00
4.319836474751908781e+02,2.051459913525248169e+02,2.500000000000000000e+01,2.342173999999999913e-06,0.000000000000000000e+00
4.323968217414583819e+02,2.051455781782585461e+02,2.500000000000000000e+01,2.304834000000000030e-06,0.000000000000000000e+00
4.327848687359186215e+02,2.051451901312640871e+02,2.500000000000000000e+01,2.282643000000000093e-06,0.000000000000000000e+00
4.332096591216845809e+02,2.051447653408783083e+02,2.500000000000000000e+01,2.233719000000000204e-06,0.000000000000000000e+00
4.336403322316201070e+02,2.051443346677683905e+02,2.500000000000000000e+01,2.163636999999999881e-06,0.000000000000000000e+00
4.340487371377761860e+02,2.051439262628622373e+02,2.500000000000000000e+01,2.153800000000000029e-06,0.000000000000000000e+00
4.344748375328014163e+02,2.051435001624672054e+02,2.500000000000000000e+01,2.135100999999999923e-06,0.000000000000000000e+00
4.348873573698820678e+02,2.051430876426301211e+02,2.500000000000000000e+01,2.150175999999999943e-06,0.000000000000000000e+00
4.353053701720252775e+02,2.051426696298279637e+02,2.500000000000000000e+01,2.154934999999999808e-06,0.000000000000000000e+00
4.357257556313164741e+02,2.051422492443686849e+02,2.500000000000000000e+01,2.147834000000000094e-06,0.000000000000000000e+00
4.361433925652036123e+02,2.051418316074347956e+02,2.500000000000000000e+01,2.190164999999999892e-06,0.000000000000000000e+00
4.365641465437748252e+02,2.051414108534562217e+02,2.500000000000000000e+01,2.167522000000000184e-06,0.000000000000000000e+00
4.369939492798260972e+02,2.051409810507201712e+02,2.500000000000000000e+01,2.171641000000000169e-06,0.000000000000000000e+00
4.373935467849901215e+02,2.051405814532150202e+02,2.500000000000000000e+01,2.087356000000000179e-06,0.000000000000000000e+00
4.377972659071751877e+02,2.051401777340928163e+02,2.500000000000000000e+01,2.021493999999999877e-06,0.000000000000000000e+00
4.382415328151911922e+02,2.051397334671848114e+02,2.500000000000000000e+01,2.050102999999999945e-06,0.000000000000000000e+00
4.386655258302918128e+02,2.051393094741697212e+02,2.500000000000000000e+01,2.130284000000000152e-06,0.000000000000000000e+00
4.390642621417496230e+02,2.051389107378582537e+02,2.500000000000000000e+01,2.117390999999999799e-06,0.000000000000000000e+00
4.395120506586280840e+02,2.051384629493413740e+02,2.500000000000000000e+01,2.080618000000000109e-06,0.000000000000000000e+00
4.399299982866381811e+02,2.051380450017133512e+02,2.500000000000000000e+01,2.122410999999999880e-06,0.000000000000000000e+00
4.403452704447860810e+02,2.051376297295552149e+02,2.500000000000000000e+01,2.013577999999999900e-06,0.000000000000000000e+00
4.407815767604258781e+02,2.051371934232395802e+02,2.500000000000000000e+01,2.136818000000000096e-06,0.000000000000000000e+00
4.411672515226301812e+02,2.051368077484773664e+02,2.500000000000000000e+01,2.134008999999999849e-06,0.000000000000000000e+00
4.416074035201221477e+02,2.051363675964798858e+02,2.500000000000000000e+01,2.104032000000000136e-06,0.000000000000000000e+00
4.420061457954626576e+02,2.051359688542045490e+02,2.500000000000000000e+01,1.988272000000000163e-06,0.000000000000000000e+00
4.424501494592876156e+02,2.051355248505407189e+02,2.500000000000000000e+01,1.977211999999999798e-06,0.000000000000000000e+00
4.428288770036738242e+02,2.051351461229963320e+02,2.500000000000000000e+01,1.916284000000000168e-06,0.000000000000000000e+00
4.432526128134284704e+02,2.051347223871865708e+02,2.500000000000000000e+01,1.921783999999999946e-06,0.000000000000000000e+00
4.436516163763449185e+02,2.051343233836236664e+02,2.500000000000000000e+01,2.010231000000000049e-06,0.000000000000000000e+00
4.440912306026761485e+02,2.051338837693973289e+02,2.500000000000000000e+01,2.008223000000000102e-06,0.000000000000000000e+00
4.445198724901594005e+02,2.051334551275098477e+02,2.500000000000000000e+01,1.985260000000000030e-06,0.000000000000000000e+00
4.449142719855806263e+02,2.051330607280144136e+02,2.500000000000000000e+01,2.037821000000000153e-06,0.000000000000000000e+00
4.453292570540991164e+02,2.051326457429458969e+02,2.500000000000000000e+01,1.972556000000000025e-06,0.000000000000000000e+00
4.457682496219990753e+02,2.051322067503780033e+02,2.500000000000000000e+01,2.022875999999999909e-06,0.000000000000000000e+00
4.461534695790592764e+02,2.051318215304209502e+02,2.500000000000000000e+01,2.041880999999999992e-06,0.000000000000000000e+00
4.465928039542927763e+02,2.051313821960457062e+02,2.500000000000000000e+01,2.014334000000000017e-06,0.000000000000000000e+00
4.470377711212319127e+02,2.051309372288787642e+02,2.500000000000000000e+01,1.968961000000000104e-06,0.000000000000000000e+00
4.474611678439272850e+02,2.051305138321560833e+02,2.500000000000000000e+01,2.019354999999999913e-06,0.000000000000000000e+00
4.478642859503817135e+02,2.051301107140496072e+02,2.500000000000000000e+01,2.102009999999999802e-06,0.000000000000000000e+00
4.482647501852783876e+02,2.051297102498147353e+02,2.500000000000000000e+01,2.025481000000000030e-06,0.000000000000000000e+00
4.486927437635271758e+02,2.051292822562364790e+02,2.500000000000000000e+01,1.917549999999999962e-06,0.000000000000000000e+00
4.491133425616762906e+02,2.051288616574383354e+02,2.500000000000000000e+01,2.025538999999999937e-06,0.000000000000000000e+00
4.495347590248092047e+02,2.051284402409751806e+02,2.500000000000000000e+01,1.930704000000000107e-06,0.000000000000000000e+00
4.499587469052219717e+02,2.051280162530947848e+02,2.500000000000000000e+01,1.785999999999999926e-06,0.000000000000000000e+00
4.503704449905662273e+02,2.051276045550094409e+02,2.500000000000000000e+01,1.816631999999999931e-06,0.000000000000000000e+00
4.507846957457524013e+02,2.051271903042542419e+02,2.500000000000000000e+01,1.947686999999999857e-06,0.000000000000000000e+00
4.512090627798139053e+02,2.051267659372201990e+02,2.500000000000000000e+01,1.942010999999999879e-06,0.000000000000000000e+00
4.516037171993606876e+02,2.051263712828006476e+02,2.500000000000000000e+01,1.901061999999999901e-06,0.000000000000000000e+00
4.520476914124611767e+02,2.051259273085875350e+02,2.500000000000000000e+01,1.834821999999999964e-06,0.000000000000000000e+00
4.524509480057252517e+02,2.051255240519942902e+02,2.500000000000000000e+01,1.833207000000000065e-06,0.000000000000000000e+00
4.528610439101969405e+02,2.051251139560898196e+02,2.500000000000000000e+01,1.948937999999999872e-06,0.000000000000000000e+00
4.532736875248091906e+02,2.051247013124751959e+02,2.500000000000000000e+01,1.893421999999999920e-06,0.000000000000000000e+00
4.536797042840103131e+02,2.051242952957159957e+02,2.500000000000000000e+01,1.844513000000000021e-06,0.000000000000000000e+00
4.541101523697165590e+02,2.051238648476302728e+02,2.500000000000000000e+01,1.785446999999999907e-06,0.000000000000000000e+00
4.545374247248727784e+02,2.051234375752751191e+02,2.500000000000000000e+01,1.827807999999999899e-06,0.000000000000000000e+00
4.549379463054657435e+02,2.051230370536945316e+02,2.500000000000000000e+01,1.819804000000000034e-06,0.000000000000000000e+00
4.553681463183759206e+02,2.051226068536816172e+02,2.500000000000000000e+01,1.886307000000000031e-06,0.000000000000000000e+00
4.557885358044717918e+02,2.051221864641955221e+02,2.500000000000000000e+01,1.850784999999999933e-06,0.000000000000000000e+00
4.561908770553436057e+02,2.051217841229446606e+02,2.500000000000000000e+01,1.781575999999999991e-06,0.000000000000000000e+00
4.566269288601665153e+02,2.051213480711398347e+02,2.500000000000000000e+01,1.674066999999999925e-06,0.000000000000000000e+00
4.570528024937377722e+02,2.051209221975062746e+02,2.500000000000000000e+01,1.750711999999999934e-06,0.000000000000000000e+00
4.574579001373021470e+02,2.051205170998626954e+02,2.500000000000000000e+01,1.711931000000000085e-06,0.000000000000000000e+00
4.578731665055132112e+02,2.051201018334944877e+02,2.500000000000000000e+01,1.661318999999999975e-06,0.000000000000000000e+00
4.583041726130423967e+02,2.051196708273869547e+02,2.500000000000000000e+01,1.631021999999999899e-06,0.000000000000000000e+00
4.586893925701025978e+02,2.051192856074299016e+02,2.500000000000000000e+01,1.718887000000000031e-06,0.000000000000000000e+00
4.591323224867599038e+02,2.051188426775132427e+02,2.500000000000000000e+01,1.725434999999999939e-06,0.000000000000000000e+00
4.595736948913468041e+02,2.051184013051086481e+02,2.500000000000000000e+01,1.737992999999999938e-06,0.000000000000000000e+00
4.600046016056906524e+02,2.051179703983943057e+02,2.500000000000000000e+01,1.770327999999999942e-06,0.000000000000000000e+00
4.604038003835877930e+02,2.051175711996164068e+02,2.500000000000000000e+01,1.772262999999999993e-06,0.000000000000000000e+00
4.608083783370000788e+02,2.051171666216629887e+02,2.500000000000000000e+01,1.696681000000000104e-06,0.000000000000000000e+00
4.612284393519984178e+02,2.051167465606480107e+02,2.500000000000000000e+01,1.705105999999999942e-06,0.000000000000000000e+00
4.616750308793359068e+02,2.051162999691206608e+02,2.500000000000000000e+01,1.645093999999999974e-06,0.000000000000000000e+00
4.620740191225935973e+02,2.051159009808773988e+02,2.500000000000000000e+01,1.661609999999999961e-06,0.000000000000000000e+00
4.624754650907592577e+02,2.051154995349092474e+02,2.500000000000000000e+01,1.641791000000000067e-06,0.000000000000000000e+00
4.628970045564063867e+02,2.051150779954435848e+02,2.500000000000000000e+01,1.622626000000000014e-06,0.000000000000000000e+00
4.633143116772934036e+02,2.051146606883227150e+02,2.500000000000000000e+01,1.603067999999999912e-06,0.000000000000000000e+00
4.637192395601039721e+02,2.051142557604399030e+02,2.500000000000000000e+01,1.678286999999999946e-06,0.000000000000000000e+00
4.641527115126543208e+02,2.051138222884873414e+02,2.500000000000000000e+01,1.625973000000000077e-06,0.000000000000000000e+00
4.645764379460468945e+02,2.051133985620539590e+02,2.500000000000000000e+01,1.649779999999999941e-06,0.000000000000000000e+00
4.649894027099236951e+02,2.051129855972900771e+02,2.500000000000000000e+01,1.498818000000000021e-06,0.000000000000000000e+00
4.654049499997349812e+02,2.051125700500002722e+02,2.500000000000000000e+01,1.357534000000000012e-06,0.000000000000000000e+00
4.657924466200169604e+02,2.051121825533799949e+02,2.500000000000000000e+01,1.484585999999999977e-06,0.000000000000000000e+00
4.662151724699095325e+02,2.051117598275300793e+02,2.500000000000000000e+01,1.476422999999999959e-06,0.000000000000000000e+00
4.666606832453064158e+02,2.051113143167546866e+02,2.500000000000000000e+01,1.491455000000000063e-06,0.000000000000000000e+00
4.670596756640186982e+02,2.051109153243359913e+02,2.500000000000000000e+01,1.473541000000000026e-06,0.000000000000000000e+00
4.675074210765560565e+02,2.051104675789234477e+02,2.500000000000000000e+01,1.592402000000000047e-06,0.000000000000000000e+00
4.679246242489463725e+02,2.051100503757510580e+02,2.500000000000000000e+01,1.578795000000000103e-06,0.000000000000000000e+00
4.683398938818352804e+02,2.051096351061181622e+02,2.500000000000000000e+01,1.563515999999999956e-06,0.000000000000000000e+00
4.687328257824427737e+02,2.051092421742175702e+02,2.500000000000000000e+01,1.526205000000000027e-06,0.000000000000000000e+00
4.691786342021517271e+02,2.051087963657978435e+02,2.500000000000000000e+01,1.425214999999999915e-06,0.000000000000000000e+00
4.696026272172522908e+02,2.051083723727827532e+02,2.500000000000000000e+01,1.556312999999999968e-06,0.000000000000000000e+00
4.700018757432191023e+02,2.051079731242567732e+02,2.500000000000000000e+01,1.599953999999999928e-06,0.000000000000000000e+00
4.704454050699745267e+02,2.051075295949300141e+02,2.500000000000000000e+01,1.471810000000000101e-06,0.000000000000000000e+00
4.708407778118020133e+02,2.051071342221881935e+02,2.500000000000000000e+01,1.631066000000000055e-06,0.000000000000000000e+00
4.712485921545801943e+02,2.051067264078454286e+02,2.500000000000000000e+01,1.642082000000000053e-06,0.000000000000000000e+00
4.716793971321998811e+02,2.051062956028677888e+02,2.500000000000000000e+01,1.571883000000000100e-06,0.000000000000000000e+00
4.720873487454186943e+02,2.051058876512545908e+02,2.500000000000000000e+01,1.463195000000000100e-06,0.000000000000000000e+00
4.725182516362689853e+02,2.051054567483637356e+02,2.500000000000000000e+01,1.496314999999999962e-06,0.000000000000000000e+00
4.729190652290075718e+02,2.051050559347710021e+02,2.500000000000000000e+01,1.586361999999999974e-06,0.000000000000000000e+00
4.733253397259256872e+02,2.051046496602740774e+02,2.500000000000000000e+01,1.823558999999999925e-06,0.000000000000000000e+00
4.737648174695294188e+02,2.051042101825304655e+02,2.500000000000000000e+01,1.519452999999999994e-06,0.000000000000000000e+00
4.741502666707148137e+02,2.051038247333292759e+02,2.500000000000000000e+01,1.401859000000000006e-06,0.000000000000000000e+00
4.745892843321644250e+02,2.051033857156678266e+02,2.500000000000000000e+01,1.412917999999999920e-06,0.000000000000000000e+00
4.750316897075720703e+02,2.051029433102924315e+02,2.500000000000000000e+01,1.383320000000000081e-06,0.000000000000000000e+00
4.754297395780321835e+02,2.051025452604219765e+02,2.500000000000000000e+01,1.411622999999999961e-06,0.000000000000000000e+00
4.758450139751371353e+02,2.051021299860248632e+02,2.500000000000000000e+01,1.487933000000000040e-06,0.000000000000000000e+00
4.762592552226913654e+02,2.051017157447773229e+02,2.500000000000000000e+01,1.397842000000000084e-06,0.000000000000000000e+00
4.766668163483768126e+02,2.051013081836516392e+02,2.500000000000000000e+01,1.441091000000000023e-06,0.000000000000000000e+00
4.770977171200555063e+02,2.051008772828799351e+02,2.500000000000000000e+01,1.404142999999999949e-06,0.000000000000000000e+00
4.775317285908537883e+02,2.051004432714091479e+02,2.500000000000000000e+01,1.391265000000000011e-06,0.000000000000000000e+00
4.779367958846236775e+02,2.051000382041153784e+02,2.500000000000000000e+01,1.324645999999999989e-06,0.000000000000000000e+00
4.783544663733956668e+02,2.050996205336266200e+02,2.500000000000000000e+01,1.271327999999999934e-06,0.000000000000000000e+00
4.787813409197657393e+02,2.050991936590802425e+02,2.500000000000000000e+01,1.322855999999999918e-06,0.000000000000000000e+00
4.792060905328447120e+02,2.050987689094671680e+02,2.500000000000000000e+01,1.212131000000000016e-06,0.000000000000000000e+00
4.796506894980917082e+02,2.050983243105019085e+02,2.500000000000000000e+01,1.337815999999999940e-06,0.000000000000000000e+00
4.800447092916937777e+02,2.050979302907083195e+02,2.500000000000000000e+01,1.292690000000000070e-06,0.000000000000000000e+00
4.804699200275665021e+02,2.050975050799724499e+02,2.500000000000000000e+01,1.285472999999999906e-06,0.000000000000000000e+00
4.808831095521675820e+02,2.050970918904478424e+02,2.500000000000000000e+01,1.204810999999999975e-06,0.000000000000000000e+00
4.812951620229007972e+02,2.050966798379770921e+02,2.500000000000000000e+01,1.359746000000000085e-06,0.000000000000000000e+00
4.817189000081108929e+02,2.050962560999919049e+02,2.500000000000000000e+01,1.404929000000000046e-06,0.000000000000000000e+00
4.821399135748081903e+02,2.050958350864251827e+02,2.500000000000000000e+01,1.401581999999999984e-06,0.000000000000000000e+00
4.825605779549348995e+02,2.050954144220450814e+02,2.500000000000000000e+01,1.290215999999999964e-06,0.000000000000000000e+00
4.829656283136524735e+02,2.050950093716863591e+02,2.500000000000000000e+01,1.205378999999999983e-06,0.000000000000000000e+00
4.833773567068677153e+02,2.050945976432931275e+02,2.500000000000000000e+01,1.182168000000000054e-06,0.000000000000000000e+00
4.837886128263359069e+02,2.050941863871736643e+02,2.500000000000000000e+01,1.125605000000000000e-06,0.000000000000000000e+00
4.841932772257645183e+02,2.050937817227742244e+02,2.500000000000000000e+01,1.093824000000000041e-06,0.000000000000000000e+00
4.846239539441780835e+02,2.050933510460558296e+02,2.500000000000000000e+01,1.149382999999999910e-06,0.000000000000000000e+00
4.850502853412321542e+02,2.050929247146587784e+02,2.500000000000000000e+01,1.115841000000000046e-06,0.000000000000000000e+00
4.854545332633588259e+02,2.050925204667366302e+02,2.500000000000000000e+01,1.218737000000000043e-06,0.000000000000000000e+00
4.858695237532801912e+02,2.050921054762467293e+02,2.500000000000000000e+01,1.192733000000000096e-06,0.000000000000000000e+00
4.862567435608449955e+02,2.050917182564391510e+02,2.500000000000000000e+01,1.238746000000000100e-06,0.000000000000000000e+00
4.867048126567905229e+02,2.050912701873432127e+02,2.500000000000000000e+01,1.222972000000000054e-06,0.000000000000000000e+00
4.871395907527488021e+02,2.050908354092472621e+02,2.500000000000000000e+01,1.129490999999999906e-06,0.000000000000000000e+00
4.875700388384551047e+02,2.050904049611615392e+02,2.500000000000000000e+01,1.074687999999999942e-06,0.000000000000000000e+00
4.879760353080940831e+02,2.050899989646919153e+02,2.500000000000000000e+01,1.018255999999999903e-06,0.000000000000000000e+00
4.883883671480068074e+02,2.050895866328519901e+02,2.500000000000000000e+01,1.137217999999999960e-06,0.000000000000000000e+00
4.888235210515517792e+02,2.050891514789484518e+02,2.500000000000000000e+01,1.070321999999999914e-06,0.000000000000000000e+00
4.892472639232806273e+02,2.050887277360767200e+02,2.500000000000000000e+01,1.111096999999999960e-06,0.000000000000000000e+00
4.896460002347383806e+02,2.050883289997652525e+02,2.500000000000000000e+01,1.147243999999999946e-06,0.000000000000000000e+00
4.900861304521698116e+02,2.050878888695478395e+02,2.500000000000000000e+01,1.034830000000000009e-06,0.000000000000000000e+00
4.904934917868218918e+02,2.050874815082131875e+02,2.500000000000000000e+01,9.508802999999999785e-07,0.000000000000000000e+00
4.909085901102628782e+02,2.050870664098897294e+02,2.500000000000000000e+01,1.076957999999999922e-06,0.000000000000000000e+00
4.913238573202215207e+02,2.050866511426797842e+02,2.500000000000000000e+01,1.170731000000000082e-06,0.000000000000000000e+00
4.917214284253424239e+02,2.050862535715746731e+02,2.500000000000000000e+01,1.078879000000000009e-06,0.000000000000000000e+00
4.921497338439851887e+02,2.050858252661560073e+02,2.500000000000000000e+01,1.127846000000000026e-06,0.000000000000000000e+00
4.925576815666544235e+02,2.050854173184333433e+02,2.500000000000000000e+01,1.057982000000000004e-06,0.000000000000000000e+00
4.929857696652264849e+02,2.050849892303347701e+02,2.500000000000000000e+01,1.117136000000000005e-06,0.000000000000000000e+00
4.933963016047883343e+02,2.050845786983952053e+02,2.500000000000000000e+01,1.157822999999999951e-06,0.000000000000000000e+00
4.938099265935114772e+02,2.050841650734064956e+02,2.500000000000000000e+01,1.243170000000000034e-06,0.000000000000000000e+00
4.942339150743100049e+02,2.050837410849256912e+02,2.500000000000000000e+01,1.121675999999999965e-06,0.000000000000000000e+00
4.946662856845438228e+02,2.050833087143154501e+02,2.500000000000000000e+01,1.141278000000000011e-06,0.000000000000000000e+00
4.950742317973629838e+02,2.050829007682026486e+02,2.500000000000000000e+01,1.009699000000000021e-06,0.000000000000000000e+00
4.955051308763635234e+02,2.050824698691236279e+02,2.500000000000000000e+01,8.912903000000000120e-07,0.000000000000000000e+00
4.959046363949521492e+02,2.050820703636050553e+02,2.500000000000000000e+01,9.857758000000000410e-07,0.000000000000000000e+00
4.963095927756573928e+02,2.050816654072243352e+02,2.500000000000000000e+01,1.044929000000000105e-06,0.000000000000000000e+00
4.967292014469433070e+02,2.050812457985530557e+02,2.500000000000000000e+01,1.031702000000000062e-06,0.000000000000000000e+00
4.971465535924298820e+02,2.050808284464075655e+02,2.500000000000000000e+01,1.002656000000000002e-06,0.000000000000000000e+00
4.975748574288508621e+02,2.050804001425711647e+02,2.500000000000000000e+01,9.268842000000000406e-07,0.000000000000000000e+00
4.979985943702290569e+02,2.050799764056297647e+02,2.500000000000000000e+01,1.031556000000000055e-06,0.000000000000000000e+00
4.984066732474517494e+02,2.050795683267525646e+02,2.500000000000000000e+01,1.097286999999999918e-06,0.000000000000000000e+00
4.988292619778938501e+02,2.050791457380221061e+02,2.500000000000000000e+01,1.119057000000000092e-06,0.000000000000000000e+00
4.992457479580152153e+02,2.050787292520419953e+02,2.500000000000000000e+01,1.082749999999999925e-06,0.000000000000000000e+00
4.996766507566524069e+02,2.050782983492433402e+02,2.500000000000000000e+01,1.117078000000000098e-06,0.000000000000000000e+00
5.001178089820844548e+02,2.050778571910179267e+02,2.500000000000000000e+01,1.112275999999999894e-06,0.000000000000000000e+00
5.005168069637404642e+02,2.050774581930362501e+02,2.500000000000000000e+01,1.038234999999999979e-06,0.000000000000000000e+00
5.009407944158973578e+02,2.050770342055841127e+02,2.500000000000000000e+01,8.820933999999999781e-07,0.000000000000000000e+00
5.013543497206799771e+02,2.050766206502793239e+02,2.500000000000000000e+01,1.083798000000000054e-06,0.000000000000000000e+00
5.017650330468895277e+02,2.050762099669531153e+02,2.500000000000000000e+01,1.027932999999999997e-06,0.000000000000000000e+00
5.021929710097154498e+02,2.050757820289902895e+02,2.500000000000000000e+01,1.122316000000000056e-06,0.000000000000000000e+00
5.026009196842333608e+02,2.050753740803157825e+02,2.500000000000000000e+01,1.103325999999999963e-06,0.000000000000000000e+00
5.030318258081585441e+02,2.050749431741918443e+02,2.500000000000000000e+01,1.105435999999999973e-06,0.000000000000000000e+00
5.034334962194656669e+02,2.050745415037805230e+02,2.500000000000000000e+01,1.138716000000000017e-06,0.000000000000000000e+00
5.038416525225965188e+02,2.050741333474774137e+02,2.500000000000000000e+01,1.195018000000000067e-06,0.000000000000000000e+00
5.042812305198120271e+02,2.050736937694802009e+02,2.500000000000000000e+01,1.074324000000000058e-06,0.000000000000000000e+00
5.046706020285071759e+02,2.050733043979714978e+02,2.500000000000000000e+01,1.097825999999999973e-06,0.000000000000000000e+00
5.051034655235096125e+02,2.050728715344764908e+02,2.500000000000000000e+01,1.115360999999999925e-06,0.000000000000000000e+00
5.055024579422220086e+02,2.050724725420577670e+02,2.500000000000000000e+01,1.091203999999999929e-06,0.000000000000000000e+00
5.059460571389191159e+02,2.050720289428610954e+02,2.500000000000000000e+01,1.132982999999999949e-06,0.000000000000000000e+00
5.063618760208868821e+02,2.050716131239791196e+02,2.500000000000000000e+01,1.178981999999999989e-06,0.000000000000000000e+00
5.067777081559626140e+02,2.050711972918440438e+02,2.500000000000000000e+01,1.158797999999999972e-06,0.000000000000000000e+00
5.071863998775421010e+02,2.050707886001224551e+02,2.500000000000000000e+01,1.121122999999999947e-06,0.000000000000000000e+00
5.076112909975711887e+02,2.050703637090024358e+02,2.500000000000000000e+01,1.146137999999999910e-06,0.000000000000000000e+00
5.080461599255708052e+02,2.050699288400744251e+02,2.500000000000000000e+01,1.150910999999999949e-06,0.000000000000000000e+00
5.084946150269038299e+02,2.050694803849731045e+02,2.500000000000000000e+01,1.171530999999999931e-06,0.000000000000000000e+00
5.088808140912145745e+02,2.050690941859087957e+02,2.500000000000000000e+01,1.098582000000000089e-06,0.000000000000000000e+00
5.092973757786201077e+02,2.050686776242213796e+02,2.500000000000000000e+01,1.004722000000000068e-06,0.000000000000000000e+00
5.097196647047342140e+02,2.050682553352952766e+02,2.500000000000000000e+01,1.205350000000000030e-06,0.000000000000000000e+00
5.101378115945370837e+02,2.050678371884054627e+02,2.500000000000000000e+01,1.140419000000000016e-06,0.000000000000000000e+00
5.105580550914098126e+02,2.050674169449085866e+02,2.500000000000000000e+01,1.276596000000000084e-06,0.000000000000000000e+00
5.109865041354997857e+02,2.050669884958645071e+02,2.500000000000000000e+01,1.164808000000000063e-06,0.000000000000000000e+00
5.113742798186975165e+02,2.050666007201812988e+02,2.500000000000000000e+01,1.044958000000000059e-06,0.000000000000000000e+00
5.118050850572519153e+02,2.050661699149427477e+02,2.500000000000000000e+01,1.133142999999999918e-06,0.000000000000000000e+00
5.121900733846587173e+02,2.050657849266153505e+02,2.500000000000000000e+01,1.076594000000000038e-06,0.000000000000000000e+00
5.126328240482836236e+02,2.050653421759517130e+02,2.500000000000000000e+01,1.045541000000000058e-06,0.000000000000000000e+00
5.130677642080988790e+02,2.050649072357919067e+02,2.500000000000000000e+01,1.060529000000000007e-06,0.000000000000000000e+00
5.134783998706496959e+02,2.050644966001293596e+02,2.500000000000000000e+01,1.007429000000000041e-06,0.000000000000000000e+00
5.138940955186568544e+02,2.050640809044813579e+02,2.500000000000000000e+01,1.101666999999999908e-06,0.000000000000000000e+00
5.142819944358151361e+02,2.050636930055641756e+02,2.500000000000000000e+01,1.165622999999999902e-06,0.000000000000000000e+00
5.147070800303615670e+02,2.050632679199696327e+02,2.500000000000000000e+01,1.191146999999999939e-06,0.000000000000000000e+00
5.151262756638769815e+02,2.050628487243361349e+02,2.500000000000000000e+01,1.139517000000000105e-06,0.000000000000000000e+00
5.155459306438810927e+02,2.050624290693561136e+02,2.500000000000000000e+01,1.141787000000000085e-06,0.000000000000000000e+00
5.159714014885496454e+02,2.050620035985114669e+02,2.500000000000000000e+01,1.159875000000000055e-06,0.000000000000000000e+00
5.163845484331287707e+02,2.050615904515668717e+02,2.500000000000000000e+01,1.087887000000000059e-06,0.000000000000000000e+00
5.168019466228430474e+02,2.050611730533771606e+02,2.500000000000000000e+01,1.176231000000000072e-06,0.000000000000000000e+00
5.172231770657759853e+02,2.050607518229342361e+02,2.500000000000000000e+01,1.402891999999999934e-06,0.000000000000000000e+00
5.176192310198239284e+02,2.050603557689801733e+02,2.500000000000000000e+01,1.292369999999999919e-06,0.000000000000000000e+00
5.180615674524516407e+02,2.050599134325475461e+02,2.500000000000000000e+01,1.270935000000000097e-06,0.000000000000000000e+00
5.184907906594571614e+02,2.050594842093405532e+02,2.500000000000000000e+01,1.205538999999999953e-06,0.000000000000000000e+00
5.189063379860576788e+02,2.050590686620139422e+02,2.500000000000000000e+01,1.310996999999999944e-06,0.000000000000000000e+00
5.193312663222227457e+02,2.050586437336777692e+02,2.500000000000000000e+01,1.405933000000000020e-06,0.000000000000000000e+00
5.197631958034351101e+02,2.050582118041965600e+02,2.500000000000000000e+01,1.363528999999999901e-06,0.000000000000000000e+00
5.201701661486413286e+02,2.050578048338513497e+02,2.500000000000000000e+01,1.234701000000000039e-06,0.000000000000000000e+00
5.206008416369196539e+02,2.050573741583630749e+02,2.500000000000000000e+01,1.282577000000000011e-06,0.000000000000000000e+00
5.210094715673048995e+02,2.050569655284326984e+02,2.500000000000000000e+01,1.362393999999999911e-06,0.000000000000000000e+00
5.214271286815459234e+02,2.050565478713184575e+02,2.500000000000000000e+01,1.291351999999999982e-06,0.000000000000000000e+00
5.218334041804432673e+02,2.050561415958195539e+02,2.500000000000000000e+01,1.108041000000000095e-06,0.000000000000000000e+00
5.222338397347318732e+02,2.050557411602652564e+02,2.500000000000000000e+01,1.194988999999999902e-06,0.000000000000000000e+00
5.226813858835878364e+02,2.050552936141164082e+02,2.500000000000000000e+01,1.216060000000000051e-06,0.000000000000000000e+00
5.230801284336084791e+02,2.050548948715664039e+02,2.500000000000000000e+01,1.168737000000000098e-06,0.000000000000000000e+00
5.235041255010854684e+02,2.050544708744989180e+02,2.500000000000000000e+01,1.208943999999999923e-06,0.000000000000000000e+00
5.239116946634281931e+02,2.050540633053365696e+02,2.500000000000000000e+01,1.226494000000000077e-06,0.000000000000000000e+00
5.243353944792853554e+02,2.050536396055207149e+02,2.500000000000000000e+01,1.212800000000000060e-06,0.000000000000000000e+00
5.247505976993726335e+02,2.050532244023006285e+02,2.500000000000000000e+01,1.147448000000000072e-06,0.000000000000000000e+00
5.251587219292995314e+02,2.050528162780707078e+02,2.500000000000000000e+01,1.176973000000000014e-06,0.000000000000000000e+00
5.255891665728350972e+02,2.050523858334271665e+02,2.500000000000000000e+01,1.133478000000000060e-06,0.000000000000000000e+00
5.259968257181707258e+02,2.050519781742818282e+02,2.500000000000000000e+01,1.179432999999999944e-06,0.000000000000000000e+00
5.264117426437300082e+02,2.050515632573562641e+02,2.500000000000000000e+01,1.083462999999999913e-06,0.000000000000000000e+00
5.268270122766188024e+02,2.050511479877233967e+02,2.500000000000000000e+01,1.202438999999999932e-06,0.000000000000000000e+00
5.272700537970154073e+02,2.050507049462029840e+02,2.500000000000000000e+01,1.277906000000000035e-06,0.000000000000000000e+00
5.276973147430057907e+02,2.050502776852569866e+02,2.500000000000000000e+01,1.105553000000000026e-06,0.000000000000000000e+00
5.280907874580152566e+02,2.050498842125419969e+02,2.500000000000000000e+01,1.229388999999999945e-06,0.000000000000000000e+00
5.285361610774001520e+02,2.050494388389226117e+02,2.500000000000000000e+01,1.145891000000000080e-06,0.000000000000000000e+00
5.289594667182653893e+02,2.050490155332817324e+02,2.500000000000000000e+01,9.906071000000000163e-07,0.000000000000000000e+00
5.293625152459563878e+02,2.050486124847540452e+02,2.500000000000000000e+01,1.111592000000000071e-06,0.000000000000000000e+00
5.297627896331637203e+02,2.050482122103668416e+02,2.500000000000000000e+01,1.130741999999999922e-06,0.000000000000000000e+00
5.302104985920466333e+02,2.050477645014079542e+02,2.500000000000000000e+01,1.180581999999999897e-06,0.000000000000000000e+00
5.306089907240153707e+02,2.050473660092759758e+02,2.500000000000000000e+01,1.217645999999999997e-06,0.000000000000000000e+00
5.310329829522901264e+02,2.050469420170477122e+02,2.500000000000000000e+01,1.214575999999999957e-06,0.000000000000000000e+00
5.314377041214486326e+02,2.050465372958785508e+02,2.500000000000000000e+01,1.204708999999999912e-06,0.000000000000000000e+00
5.318669100241206706e+02,2.050461080899758883e+02,2.500000000000000000e+01,1.185545000000000098e-06,0.000000000000000000e+00
5.322787107862594667e+02,2.050456962892137369e+02,2.500000000000000000e+01,1.028020000000000069e-06,0.000000000000000000e+00
5.326840435817917978e+02,2.050452909564181994e+02,2.500000000000000000e+01,1.026070000000000029e-06,0.000000000000000000e+00
5.331149464726420319e+02,2.050448600535273727e+02,2.500000000000000000e+01,1.085791000000000011e-06,0.000000000000000000e+00
5.335228991204024851e+02,2.050444521008795959e+02,2.500000000000000000e+01,1.036897000000000103e-06,0.000000000000000000e+00
5.339435294998277186e+02,2.050440314705001867e+02,2.500000000000000000e+01,1.064560000000000104e-06,0.000000000000000000e+00
5.343585211949001632e+02,2.050436164788050917e+02,2.500000000000000000e+01,1.167325999999999901e-06,0.000000000000000000e+00
5.347470092551139942e+02,2.050432279907448958e+02,2.500000000000000000e+01,1.213323999999999913e-06,0.000000000000000000e+00
5.351954000419847262e+02,2.050427795999580098e+02,2.500000000000000000e+01,1.166422999999999962e-06,0.000000000000000000e+00
5.356312683357189144e+02,2.050423437316642890e+02,2.500000000000000000e+01,1.143823999999999986e-06,0.000000000000000000e+00
5.360186402805410353e+02,2.050419563597194497e+02,2.500000000000000000e+01,1.194741000000000044e-06,0.000000000000000000e+00
5.364637596246719795e+02,2.050415112403753426e+02,2.500000000000000000e+01,1.101565000000000057e-06,0.000000000000000000e+00
5.368663702034876906e+02,2.050411086297965255e+02,2.500000000000000000e+01,1.230292000000000095e-06,0.000000000000000000e+00
5.372670639035122804e+02,2.050407079360964815e+02,2.500000000000000000e+01,1.260836000000000002e-06,0.000000000000000000e+00
5.376948743024440773e+02,2.050402801256975636e+02,2.500000000000000000e+01,1.162915999999999929e-06,0.000000000000000000e+00
5.381148763645038571e+02,2.050398601236354921e+02,2.500000000000000000e+01,1.185312000000000020e-06,0.000000000000000000e+00
5.385365912373864603e+02,2.050394384087626065e+02,2.500000000000000000e+01,1.159846000000000101e-06,0.000000000000000000e+00
5.389839831229622860e+02,2.050389910168770484e+02,2.500000000000000000e+01,1.187567000000000009e-06,0.000000000000000000e+00
5.393995280305359756e+02,2.050385754719694660e+02,2.500000000000000000e+01,1.169667999999999962e-06,0.000000000000000000e+00
5.398150782643730281e+02,2.050381599217356268e+02,2.500000000000000000e+01,1.226945000000000032e-06,0.000000000000000000e+00
5.402566488499489878e+02,2.050377183511500618e+02,2.500000000000000000e+01,1.162173999999999988e-06,0.000000000000000000e+00
5.406560560261457340e+02,2.050373189439738439e+02,2.500000000000000000e+01,1.195716000000000064e-06,0.000000000000000000e+00
5.410664938472854146e+02,2.050369085061527130e+02,2.500000000000000000e+01,1.188017999999999965e-06,0.000000000000000000e+00
5.414761501693748187e+02,2.050364988498306218e+02,2.500000000000000000e+01,1.163614999999999954e-06,0.000000000000000000e+00
5.419194828806954547e+02,2.050360555171193084e+02,2.500000000000000000e+01,1.287626000000000045e-06,0.000000000000000000e+00
5.423069673729689839e+02,2.050356680326270293e+02,2.500000000000000000e+01,1.147433000000000081e-06,0.000000000000000000e+00
5.427272849324456274e+02,2.050352477150675554e+02,2.500000000000000000e+01,1.167034000000000099e-06,0.000000000000000000e+00
5.431450052426296224e+02,2.050348299947573594e+02,2.500000000000000000e+01,1.118750999999999904e-06,0.000000000000000000e+00
5.435665903511093120e+02,2.050344084096489041e+02,2.500000000000000000e+01,1.246632999999999911e-06,0.000000000000000000e+00
5.439972141076682419e+02,2.050339777858923469e+02,2.500000000000000000e+01,1.183871000000000053e-06,0.000000000000000000e+00
5.443847052264956119e+02,2.050335902947735178e+02,2.500000000000000000e+01,1.125591000000000037e-06,0.000000000000000000e+00
5.448199761812976476e+02,2.050331550238186935e+02,2.500000000000000000e+01,1.186591999999999989e-06,0.000000000000000000e+00
5.452033032765441476e+02,2.050327716967234721e+02,2.500000000000000000e+01,1.087638999999999989e-06,0.000000000000000000e+00
5.456429607309509038e+02,2.050323320392690505e+02,2.500000000000000000e+01,1.202002999999999967e-06,0.000000000000000000e+00
5.460669562995300339e+02,2.050319080437004686e+02,2.500000000000000000e+01,1.211098000000000089e-06,0.000000000000000000e+00
5.464690396061762385e+02,2.050315059603938153e+02,2.500000000000000000e+01,1.178704999999999966e-06,0.000000000000000000e+00
5.469049287247859183e+02,2.050310700712752237e+02,2.500000000000000000e+01,1.251260999999999970e-06,0.000000000000000000e+00
5.473201983576749399e+02,2.050306548016423278e+02,2.500000000000000000e+01,1.192326000000000085e-06,0.000000000000000000e+00
5.477381050676613086e+02,2.050302368949323295e+02,2.500000000000000000e+01,1.261694999999999996e-06,0.000000000000000000e+00
5.481856631595019280e+02,2.050297893368405084e+02,2.500000000000000000e+01,1.131265999999999987e-06,0.000000000000000000e+00
5.485767334423455850e+02,2.050293982665576493e+02,2.500000000000000000e+01,1.045366000000000098e-06,0.000000000000000000e+00
5.490081496469465492e+02,2.050289668503530436e+02,2.500000000000000000e+01,1.422988000000000063e-06,0.000000000000000000e+00
5.494318867492067966e+02,2.050285431132508052e+02,2.500000000000000000e+01,1.346575999999999921e-06,0.000000000000000000e+00
5.498462562099327897e+02,2.050281287437900630e+02,2.500000000000000000e+01,1.259526000000000051e-06,0.000000000000000000e+00
5.502548641730279542e+02,2.050277201358269679e+02,2.500000000000000000e+01,1.290637999999999966e-06,0.000000000000000000e+00
5.506848773333912277e+02,2.050272901226666136e+02,2.500000000000000000e+01,1.531283000000000014e-06,0.000000000000000000e+00
5.510930524586324282e+02,2.050268819475413693e+02,2.500000000000000000e+01,1.386957999999999918e-06,0.000000000000000000e+00
5.515237230396877521e+02,2.050264512769603016e+02,2.500000000000000000e+01,1.420106999999999946e-06,0.000000000000000000e+00
5.519250932169184125e+02,2.050260499067830722e+02,2.500000000000000000e+01,1.343053999999999898e-06,0.000000000000000000e+00
5.523323175911150429e+02,2.050256426824088862e+02,2.500000000000000000e+01,1.355903999999999910e-06,0.000000000000000000e+00
5.527477985174904234e+02,2.050252272014825223e+02,2.500000000000000000e+01,1.413719000000000008e-06,0.000000000000000000e+00
5.531559736427316238e+02,2.050248190263572781e+02,2.500000000000000000e+01,1.313005000000000103e-06,0.000000000000000000e+00
5.535950581435625963e+02,2.050243799418564379e+02,2.500000000000000000e+01,1.313922000000000005e-06,0.000000000000000000e+00
5.539945967364996022e+02,2.050239804032634936e+02,2.500000000000000000e+01,1.309658000000000040e-06,0.000000000000000000e+00
5.544086657555596958e+02,2.050235663342444354e+02,2.500000000000000000e+01,1.403895999999999907e-06,0.000000000000000000e+00
5.548517072759561870e+02,2.050231232927240512e+02,2.500000000000000000e+01,1.367240000000000059e-06,0.000000000000000000e+00
5.552418988497704504e+02,2.050227331011502372e+02,2.500000000000000000e+01,1.330917999999999901e-06,0.000000000000000000e+00
5.556718378538743082e+02,2.050223031621461303e+02,2.500000000000000000e+01,1.327905999999999979e-06,0.000000000000000000e+00
5.561025101435697024e+02,2.050218724898564346e+02,2.500000000000000000e+01,1.367094000000000052e-06,0.000000000000000000e+00
5.565104610648218113e+02,2.050214645389351915e+02,2.500000000000000000e+01,1.352629999999999957e-06,0.000000000000000000e+00
5.569283333782171894e+02,2.050210466666217712e+02,2.500000000000000000e+01,1.259134000000000030e-06,0.000000000000000000e+00
5.573493062566416256e+02,2.050206256937433693e+02,2.500000000000000000e+01,1.142426999999999963e-06,0.000000000000000000e+00
5.577349861149425578e+02,2.050202400138850578e+02,2.500000000000000000e+01,1.216074000000000014e-06,0.000000000000000000e+00
5.581824786602734321e+02,2.050197925213397241e+02,2.500000000000000000e+01,1.218271999999999912e-06,0.000000000000000000e+00
5.586197447935461469e+02,2.050193552552064489e+02,2.500000000000000000e+01,1.375302000000000042e-06,0.000000000000000000e+00
5.590501900544338696e+02,2.050189248099455597e+02,2.500000000000000000e+01,1.197986000000000044e-06,0.000000000000000000e+00
5.594542015983206511e+02,2.050185207984016813e+02,2.500000000000000000e+01,1.253777999999999992e-06,0.000000000000000000e+00
5.598888132653813727e+02,2.050180861867346209e+02,2.500000000000000000e+01,1.335487000000000026e-06,0.000000000000000000e+00
5.602793799279050972e+02,2.050176956200720895e+02,2.500000000000000000e+01,1.421081999999999966e-06,0.000000000000000000e+00
5.607249299267634797e+02,2.050172500700732314e+02,2.500000000000000000e+01,1.376276000000000035e-06,0.000000000000000000e+00
5.611236722021039895e+02,2.050168513277978946e+02,2.500000000000000000e+01,1.468651999999999961e-06,0.000000000000000000e+00
5.615476592533218536e+02,2.050164273407466737e+02,2.500000000000000000e+01,1.349922999999999984e-06,0.000000000000000000e+00
5.619512742226366981e+02,2.050160237257773588e+02,2.500000000000000000e+01,1.196239999999999917e-06,0.000000000000000000e+00
5.623835007586078518e+02,2.050155914992413955e+02,2.500000000000000000e+01,1.275883000000000097e-06,0.000000000000000000e+00
5.627901302578560490e+02,2.050151848697421428e+02,2.500000000000000000e+01,1.244829000000000089e-06,0.000000000000000000e+00
5.631931311908396083e+02,2.050147818688091661e+02,2.500000000000000000e+01,1.310778000000000039e-06,0.000000000000000000e+00
5.636289754496757496e+02,2.050143460245503206e+02,2.500000000000000000e+01,1.166728999999999938e-06,0.000000000000000000e+00
5.640371505749170638e+02,2.050139378494250764e+02,2.500000000000000000e+01,1.155902000000000076e-06,0.000000000000000000e+00
5.644603981721313630e+02,2.050135146018278647e+02,2.500000000000000000e+01,1.238790000000000044e-06,0.000000000000000000e+00
5.648637812947018801e+02,2.050131112187052906e+02,2.500000000000000000e+01,1.364111000000000084e-06,0.000000000000000000e+00
5.652771136915206398e+02,2.050126978863084730e+02,2.500000000000000000e+01,1.436491999999999917e-06,0.000000000000000000e+00
5.657030867133655647e+02,2.050122719132866393e+02,2.500000000000000000e+01,1.384381999999999962e-06,0.000000000000000000e+00
5.661228210536360166e+02,2.050118521789463557e+02,2.500000000000000000e+01,1.328603999999999977e-06,0.000000000000000000e+00
5.665421647294572267e+02,2.050114328352705400e+02,2.500000000000000000e+01,1.457053999999999992e-06,0.000000000000000000e+00
5.669670824884035483e+02,2.050110079175115914e+02,2.500000000000000000e+01,1.398177000000000014e-06,0.000000000000000000e+00
5.673941171898184166e+02,2.050105808828101885e+02,2.500000000000000000e+01,1.487075000000000073e-06,0.000000000000000000e+00
5.678119128121272752e+02,2.050101630871878626e+02,2.500000000000000000e+01,1.378880999999999945e-06,0.000000000000000000e+00
5.682165963730050180e+02,2.050097584036269893e+02,2.500000000000000000e+01,1.210165999999999985e-06,0.000000000000000000e+00
5.686503086205027557e+02,2.050093246913795042e+02,2.500000000000000000e+01,1.065186000000000020e-06,0.000000000000000000e+00
5.690809877741152150e+02,2.050088940122258805e+02,2.500000000000000000e+01,1.121065000000000040e-06,0.000000000000000000e+00
5.694880751315632779e+02,2.050084869248684356e+02,2.500000000000000000e+01,1.430206000000000042e-06,0.000000000000000000e+00
5.699020197439499498e+02,2.050080729802560597e+02,2.500000000000000000e+01,1.656400999999999957e-06,0.000000000000000000e+00
5.703108089713740583e+02,2.050076641910286241e+02,2.500000000000000000e+01,1.498687000000000005e-06,0.000000000000000000e+00
5.707132290071567695e+02,2.050072617709928409e+02,2.500000000000000000e+01,1.486594999999999952e-06,0.000000000000000000e+00
5.711580460220902751e+02,2.050068169539779035e+02,2.500000000000000000e+01,1.522814000000000020e-06,0.000000000000000000e+00
5.715567823335479716e+02,2.050064182176664644e+02,2.500000000000000000e+01,1.388164999999999990e-06,0.000000000000000000e+00
5.719807753486485353e+02,2.050059942246513458e+02,2.500000000000000000e+01,1.293039999999999990e-06,0.000000000000000000e+00
5.723909286662329805e+02,2.050055840713337716e+02,2.500000000000000000e+01,1.225459999999999910e-06,0.000000000000000000e+00
5.728097343610676262e+02,2.050051652656389365e+02,2.500000000000000000e+01,1.308770000000000092e-06,0.000000000000000000e+00
5.732300036260328397e+02,2.050047449963739723e+02,2.500000000000000000e+01,1.448176999999999958e-06,0.000000000000000000e+00
5.736381787512741539e+02,2.050043368212487280e+02,2.500000000000000000e+01,1.417705999999999950e-06,0.000000000000000000e+00
5.740690801439972120e+02,2.050039059198560096e+02,2.500000000000000000e+01,1.255277000000000077e-06,0.000000000000000000e+00
5.744997031500821549e+02,2.050034752968499276e+02,2.500000000000000000e+01,8.442294000000000303e-07,0.000000000000000000e+00
5.748874722145942542e+02,2.050030875277853966e+02,2.500000000000000000e+01,1.229011000000000099e-06,0.000000000000000000e+00
5.753024639096668125e+02,2.050026725360903299e+02,2.500000000000000000e+01,1.570995999999999968e-06,0.000000000000000000e+00
5.757462051316794032e+02,2.050022287948683299e+02,2.500000000000000000e+01,1.575027000000000065e-06,0.000000000000000000e+00
5.761451974598630841e+02,2.050018298025401293e+02,2.500000000000000000e+01,1.425461999999999956e-06,0.000000000000000000e+00
5.765691921255785246e+02,2.050014058078744199e+02,2.500000000000000000e+01,1.517953999999999909e-06,0.000000000000000000e+00
5.770149495658397427e+02,2.050009600504341734e+02,2.500000000000000000e+01,1.480876000000000058e-06,0.000000000000000000e+00
5.774074177750683248e+02,2.050005675822249316e+02,2.500000000000000000e+01,1.647320000000000010e-06,0.000000000000000000e+00
5.778229653457735822e+02,2.050001520346542350e+02,2.500000000000000000e+01,1.544831000000000024e-06,0.000000000000000000e+00
5.782406015224132716e+02,2.049997343984775853e+02,2.500000000000000000e+01,1.237655000000000054e-06,0.000000000000000000e+00
5.786886492998401081e+02,2.049992863507001744e+02,2.500000000000000000e+01,1.127511000000000096e-06,0.000000000000000000e+00
5.790794521359329110e+02,2.049988955478640662e+02,2.500000000000000000e+01,1.211490999999999926e-06,0.000000000000000000e+00
5.795108902674204501e+02,2.049984641097325948e+02,2.500000000000000000e+01,1.281558000000000046e-06,0.000000000000000000e+00
5.799556988994910398e+02,2.049980193011004985e+02,2.500000000000000000e+01,1.136155000000000051e-06,0.000000000000000000e+00
5.803715232337583529e+02,2.049976034767662441e+02,2.500000000000000000e+01,1.228530999999999978e-06,0.000000000000000000e+00
5.807590205009408919e+02,2.049972159794990603e+02,2.500000000000000000e+01,1.326596000000000029e-06,0.000000000000000000e+00
5.811880494886141832e+02,2.049967869505113924e+02,2.500000000000000000e+01,1.244407000000000087e-06,0.000000000000000000e+00
5.816090407156630135e+02,2.049963659592843328e+02,2.500000000000000000e+01,1.232517999999999920e-06,0.000000000000000000e+00
5.820295916543810790e+02,2.049959454083456194e+02,2.500000000000000000e+01,9.779469000000000761e-07,0.000000000000000000e+00
5.824346217657391662e+02,2.049955403782342671e+02,2.500000000000000000e+01,1.511987999999999973e-06,0.000000000000000000e+00
5.828353668808312023e+02,2.049951396331191802e+02,2.500000000000000000e+01,1.499517000000000046e-06,0.000000000000000000e+00
5.832732449766866694e+02,2.049947017550233284e+02,2.500000000000000000e+01,1.328255000000000084e-06,0.000000000000000000e+00
5.836740616617762498e+02,2.049943009383382275e+02,2.500000000000000000e+01,1.133288999999999925e-06,0.000000000000000000e+00
5.840977985696223413e+02,2.049938772014303936e+02,2.500000000000000000e+01,1.395950999999999978e-06,0.000000000000000000e+00
5.845387856482843745e+02,2.049934362143517319e+02,2.500000000000000000e+01,1.286622000000000071e-06,0.000000000000000000e+00
5.849392112577198759e+02,2.049930357887422758e+02,2.500000000000000000e+01,1.324223999999999987e-06,0.000000000000000000e+00
5.853440303091603027e+02,2.049926309696908504e+02,2.500000000000000000e+01,1.259948000000000053e-06,0.000000000000000000e+00
5.857434262540391501e+02,2.049922315737459542e+02,2.500000000000000000e+01,1.422406000000000091e-06,0.000000000000000000e+00
5.861740979666898284e+02,2.049918009020333045e+02,2.500000000000000000e+01,1.334804000000000019e-06,0.000000000000000000e+00
5.866155053469786935e+02,2.049913594946530111e+02,2.500000000000000000e+01,9.251525999999999512e-07,0.000000000000000000e+00
5.870537450168978921e+02,2.049909212549831068e+02,2.500000000000000000e+01,1.184555000000000088e-06,0.000000000000000000e+00
5.874384907807915397e+02,2.049905365092191971e+02,2.500000000000000000e+01,1.370702999999999936e-06,0.000000000000000000e+00
5.878749790139949027e+02,2.049901000209860058e+02,2.500000000000000000e+01,1.225430999999999957e-06,0.000000000000000000e+00
5.882862207037381950e+02,2.049896887792962730e+02,2.500000000000000000e+01,8.462812000000000434e-07,0.000000000000000000e+00
5.886908755637483637e+02,2.049892841244362671e+02,2.500000000000000000e+01,1.058011999999999985e-06,0.000000000000000000e+00
5.891217810956408130e+02,2.049888532189043531e+02,2.500000000000000000e+01,1.462511000000000065e-06,0.000000000000000000e+00
5.895579541870229150e+02,2.049884170458129802e+02,2.500000000000000000e+01,1.461317999999999957e-06,0.000000000000000000e+00
5.899606290681182372e+02,2.049880143709318929e+02,2.500000000000000000e+01,1.502251999999999945e-06,0.000000000000000000e+00
5.903804347527374148e+02,2.049875945652472637e+02,2.500000000000000000e+01,1.401437000000000004e-06,0.000000000000000000e+00
5.908104704341833440e+02,2.049871645295658311e+02,2.500000000000000000e+01,1.415960000000000035e-06,0.000000000000000000e+00
5.912113920951036334e+02,2.049867636079048907e+02,2.500000000000000000e+01,1.357009999999999947e-06,0.000000000000000000e+00
5.916383302951572887e+02,2.049863366697048548e+02,2.500000000000000000e+01,1.317414000000000047e-06,0.000000000000000000e+00
5.920462780178265803e+02,2.049859287219821624e+02,2.500000000000000000e+01,1.283261000000000045e-06,0.000000000000000000e+00
5.924715481170483145e+02,2.049855034518829484e+02,2.500000000000000000e+01,1.390654000000000086e-06,0.000000000000000000e+00
5.928733851131944448e+02,2.049851016148868155e+02,2.500000000000000000e+01,1.175271000000000042e-06,0.000000000000000000e+00
5.932745926789831401e+02,2.049847004073210144e+02,2.500000000000000000e+01,1.197419000000000063e-06,0.000000000000000000e+00
5.937007923195697003e+02,2.049842742076804427e+02,2.500000000000000000e+01,1.399574000000000036e-06,0.000000000000000000e+00
5.941085115725097694e+02,2.049838664884274806e+02,2.500000000000000000e+01,1.315886000000000008e-06,0.000000000000000000e+00
5.945431058603497831e+02,2.049834318941396418e+02,2.500000000000000000e+01,1.126391000000000097e-06,0.000000000000000000e+00
5.949673490188220057e+02,2.049830076509811931e+02,2.500000000000000000e+01,1.362917999999999976e-06,0.000000000000000000e+00
5.953660912941625156e+02,2.049826089087058278e+02,2.500000000000000000e+01,1.292209999999999949e-06,0.000000000000000000e+00
5.957942145951385555e+02,2.049821807854048643e+02,2.500000000000000000e+01,1.203181000000000085e-06,0.000000000000000000e+00
5.962170831419703063e+02,2.049817579168580437e+02,2.500000000000000000e+01,1.021690000000000038e-06,0.000000000000000000e+00
5.966252880985426827e+02,2.049813497119014585e+02,2.500000000000000000e+01,1.396677999999999928e-06,0.000000000000000000e+00
5.970559620958576943e+02,2.049809190379041581e+02,2.500000000000000000e+01,1.289620000000000030e-06,0.000000000000000000e+00
5.974839511607071927e+02,2.049804910488392977e+02,2.500000000000000000e+01,1.096821999999999999e-06,0.000000000000000000e+00
5.978711611301949915e+02,2.049801038388698089e+02,2.500000000000000000e+01,1.279885000000000029e-06,0.000000000000000000e+00
5.983077851227367319e+02,2.049796672148772529e+02,2.500000000000000000e+01,1.281849000000000032e-06,0.000000000000000000e+00
5.987317781378372956e+02,2.049792432218621627e+02,2.500000000000000000e+01,1.160719000000000059e-06,0.000000000000000000e+00
5.991643375975363597e+02,2.049788106624024522e+02,2.500000000000000000e+01,1.184017000000000060e-06,0.000000000000000000e+00
5.995725127227776738e+02,2.049784024872772363e+02,2.500000000000000000e+01,1.139225999999999907e-06,0.000000000000000000e+00
6.000031935634975753e+02,2.049779718064364999e+02,2.500000000000000000e+01,9.114156000000000182e-07,0.000000000000000000e+00
6.004191663540700574e+02,2.049775558336459369e+02,2.500000000000000000e+01,1.167209000000000059e-06,0.000000000000000000e+00
6.008420368285911763e+02,2.049771329631714138e+02,2.500000000000000000e+01,1.130771000000000087e-06,0.000000000000000000e+00
6.012502293868982406e+02,2.049767247706131172e+02,2.500000000000000000e+01,9.591895000000000937e-07,0.000000000000000000e+00
6.016739782170376429e+02,2.049763010217829731e+02,2.500000000000000000e+01,1.084380000000000026e-06,0.000000000000000000e+00
6.020729688950381160e+02,2.049759020311049653e+02,2.500000000000000000e+01,1.199427000000000011e-06,0.000000000000000000e+00
6.025201894350589100e+02,2.049754548105649405e+02,2.500000000000000000e+01,9.429641000000000177e-07,0.000000000000000000e+00
6.029056367946910768e+02,2.049750693632053071e+02,2.500000000000000000e+01,1.139677000000000074e-06,0.000000000000000000e+00
6.033279902303512472e+02,2.049746470097696545e+02,2.500000000000000000e+01,1.042994000000000055e-06,0.000000000000000000e+00
6.037447149253990801e+02,2.049742302850746114e+02,2.500000000000000000e+01,9.914219999999999159e-07,0.000000000000000000e+00
6.041526625334519167e+02,2.049738223374665438e+02,2.500000000000000000e+01,8.548814000000000386e-07,0.000000000000000000e+00
6.045835654243022645e+02,2.049733914345756887e+02,2.500000000000000000e+01,1.003747000000000048e-06,0.000000000000000000e+00
6.049906587003816867e+02,2.049729843412996217e+02,2.500000000000000000e+01,8.967326999999999575e-07,0.000000000000000000e+00
6.054054526381636379e+02,2.049725695473618430e+02,2.500000000000000000e+01,5.178007999999999815e-07,0.000000000000000000e+00
6.058308168129771047e+02,2.049721441831870266e+02,2.500000000000000000e+01,8.536445000000000310e-07,0.000000000000000000e+00
6.062378870698250921e+02,2.049717371129301853e+02,2.500000000000000000e+01,6.395276000000000389e-07,0.000000000000000000e+00
6.066613797981822245e+02,2.049713136202018120e+02,2.500000000000000000e+01,6.211921999999999527e-07,0.000000000000000000e+00
6.071003392457330392e+02,2.049708746607542764e+02,2.500000000000000000e+01,8.018104999999999654e-07,0.000000000000000000e+00
6.075312428141401142e+02,2.049704437571858762e+02,2.500000000000000000e+01,8.593924999999999843e-07,0.000000000000000000e+00
6.079331102958016118e+02,2.049700418897041914e+02,2.500000000000000000e+01,7.382041000000000292e-07,0.000000000000000000e+00
6.083412237071593154e+02,2.049696337762928522e+02,2.500000000000000000e+01,9.167124999999999708e-07,0.000000000000000000e+00
6.087805937137404726e+02,2.049691944062862490e+02,2.500000000000000000e+01,9.014910999999999745e-07,0.000000000000000000e+00
6.092043313514158172e+02,2.049687706686485740e+02,2.500000000000000000e+01,7.210473999999999534e-07,0.000000000000000000e+00
6.096033262350302948e+02,2.049683716737649775e+02,2.500000000000000000e+01,1.054620999999999978e-06,0.000000000000000000e+00
6.100477939771420779e+02,2.049679272060228641e+02,2.500000000000000000e+01,9.036448000000000053e-07,0.000000000000000000e+00
6.104515610992366419e+02,2.049675234389007699e+02,2.500000000000000000e+01,7.040652999999999750e-07,0.000000000000000000e+00
6.108614472054497355e+02,2.049671135527945580e+02,2.500000000000000000e+01,1.026492000000000031e-06,0.000000000000000000e+00
6.112742952341420732e+02,2.049667007047658558e+02,2.500000000000000000e+01,1.059015999999999959e-06,0.000000000000000000e+00
6.116801327392510075e+02,2.049662948672607570e+02,2.500000000000000000e+01,7.913331999999999937e-07,0.000000000000000000e+00
6.121016921964892390e+02,2.049658733078035198e+02,2.500000000000000000e+01,9.202339999999999802e-07,0.000000000000000000e+00
6.125191122673548989e+02,2.049654558877326451e+02,2.500000000000000000e+01,7.624766999999999761e-07,0.000000000000000000e+00
6.129389071211600140e+02,2.049650360928788473e+02,2.500000000000000000e+01,5.929614000000000332e-07,0.000000000000000000e+00
6.133581848617466221e+02,2.049646168151382426e+02,2.500000000000000000e+01,7.250927999999999824e-07,0.000000000000000000e+00
6.137680019885971205e+02,2.049642069980114059e+02,2.500000000000000000e+01,8.129717999999999715e-07,0.000000000000000000e+00
6.141919950036975706e+02,2.049637830049963156e+02,2.500000000000000000e+01,7.980998000000000485e-07,0.000000000000000000e+00
6.145907725434741451e+02,2.049633842274565154e+02,2.500000000000000000e+01,9.128271000000000173e-07,0.000000000000000000e+00
6.150365682965019687e+02,2.049629384317034919e+02,2.500000000000000000e+01,8.445641000000000366e-07,0.000000000000000000e+00
6.154596864950831332e+02,2.049625153135049231e+02,2.500000000000000000e+01,7.175549000000000033e-07,0.000000000000000000e+00
6.158468996760940399e+02,2.049621281003238948e+02,2.500000000000000000e+01,9.961949999999999548e-07,0.000000000000000000e+00
6.162621693089829478e+02,2.049617128306910274e+02,2.500000000000000000e+01,9.691430000000000908e-07,0.000000000000000000e+00
6.167099459605429956e+02,2.049612650540394725e+02,2.500000000000000000e+01,9.416399000000000144e-07,0.000000000000000000e+00
6.170988072728849829e+02,2.049608761927271132e+02,2.500000000000000000e+01,9.453069999999999559e-07,0.000000000000000000e+00
6.175324259172671191e+02,2.049604425740827480e+02,2.500000000000000000e+01,1.017557000000000090e-06,0.000000000000000000e+00
6.179793607442944676e+02,2.049599956392557090e+02,2.500000000000000000e+01,9.331416000000000368e-07,0.000000000000000000e+00
6.183556666847969154e+02,2.049596193333152030e+02,2.500000000000000000e+01,1.185836000000000084e-06,0.000000000000000000e+00
6.187826707450897175e+02,2.049591923292549041e+02,2.500000000000000000e+01,1.272638000000000096e-06,0.000000000000000000e+00
6.192074059690746708e+02,2.049587675940309168e+02,2.500000000000000000e+01,9.955255999999999422e-07,0.000000000000000000e+00
6.196383088599250186e+02,2.049583366911400901e+02,2.500000000000000000e+01,1.025021999999999899e-06,0.000000000000000000e+00
6.200761372385495633e+02,2.049578988627614535e+02,2.500000000000000000e+01,1.137668999999999915e-06,0.000000000000000000e+00
6.204773868760165669e+02,2.049574976131239907e+02,2.500000000000000000e+01,1.123494999999999990e-06,0.000000000000000000e+00
6.209154097511066084e+02,2.049570595902488890e+02,2.500000000000000000e+01,1.211650999999999896e-06,0.000000000000000000e+00
6.213157812578070889e+02,2.049566592187422032e+02,2.500000000000000000e+01,1.224675000000000052e-06,0.000000000000000000e+00
6.217213475645887684e+02,2.049562536524354073e+02,2.500000000000000000e+01,8.807691999999999748e-07,0.000000000000000000e+00
6.221546312296682117e+02,2.049558203687703326e+02,2.500000000000000000e+01,1.141990999999999998e-06,0.000000000000000000e+00
6.225623536180087285e+02,2.049554126463820012e+02,2.500000000000000000e+01,1.035586999999999941e-06,0.000000000000000000e+00
6.229914735771840242e+02,2.049549835264228079e+02,2.500000000000000000e+01,1.021137000000000020e-06,0.000000000000000000e+00
6.233786865321917503e+02,2.049545963134678175e+02,2.500000000000000000e+01,1.237290999999999958e-06,0.000000000000000000e+00
6.237939627916346126e+02,2.049541810372083717e+02,2.500000000000000000e+01,1.158580000000000095e-06,0.000000000000000000e+00
0.000000000000000000e+00,2.055779750000000092e+02,3.000000000000000000e+01,2.260014000000000009e-05,0.000000000000000000e+00
0.000000000000000000e+00,2.055779750000000092e+02,3.000000000000000000e+01,-1.759370000000000064e-06,0.000000000000000000e+00
0.000000000000000000e+00,2.055779750000000092e+02,3.000000000000000000e+01,-7.111229999999999548e-07,0.000000000000000000e+00
4.779623482679289798e-02,2.055779272037651708e+02,3.000000000000000000e+01,-5.312903999999999834e-08,0.000000000000000000e+00
1.992341439841872897e-01,2.055777757658560176e+02,3.000000000000000000e+01,4.321628000000000189e-07,0.000000000000000000e+00
3.908055068947254851e-01,2.055775841944931130e+02,3.000000000000000000e+01,7.884518999999999532e-07,0.000000000000000000e+00
6.207080369341303472e-01,2.055773542919630756e+02,3.000000000000000000e+01,1.069391000000000050e-06,0.000000000000000000e+00
8.858755087580909571e-01,2.055770891244912377e+02,3.000000000000000000e+01,1.110296999999999900e-06,0.000000000000000000e+00
1.180780477142759910e+00,2.055767942195228670e+02,3.000000000000000000e+01,8.963397999999999541e-07,0.000000000000000000e+00
1.543252722040435287e+00,2.055764317472779510e+02,3.000000000000000000e+01,8.782371999999999624e-07,0.000000000000000000e+00
1.945231665394401510e+00,2.055760297683346209e+02,3.000000000000000000e+01,9.728683000000000295e-07,0.000000000000000000e+00
2.340233429697903045e+00,2.055756347665703174e+02,3.000000000000000000e+01,1.089123999999999900e-06,0.000000000000000000e+00
2.748095233322200404e+00,2.055752269047666800e+02,3.000000000000000000e+01,1.205989999999999909e-06,0.000000000000000000e+00
3.179005325965604811e+00,2.055747959946740480e+02,3.000000000000000000e+01,1.265027000000000069e-06,0.000000000000000000e+00
3.570803865801526200e+00,2.055744041961341964e+02,3.000000000000000000e+01,1.321765000000000083e-06,0.000000000000000000e+00
4.017668595727700520e+00,2.055739573314042730e+02,3.000000000000000000e+01,1.426219000000000100e-06,0.000000000000000000e+00
4.436781305950645127e+00,2.055735382186940399e+02,3.000000000000000000e+01,1.335182000000000077e-06,0.000000000000000000e+00
4.824260496251921104e+00,2.055731507395037454e+02,3.000000000000000000e+01,1.390202999999999918e-06,0.000000000000000000e+00
5.241600632893823608e+00,2.055727333993671095e+02,3.000000000000000000e+01,1.316336999999999964e-06,0.000000000000000000e+00
5.672551096128906067e+00,2.055723024489038835e+02,3.000000000000000000e+01,1.057065999999999918e-06,0.000000000000000000e+00
6.094774483905852414e+00,2.055718802255160824e+02,3.000000000000000000e+01,1.318170999999999979e-06,0.000000000000000000e+00
6.511519335155064425e+00,2.055714634806648462e+02,3.000000000000000000e+01,1.312785999999999987e-06,0.000000000000000000e+00
6.919456128417094121e+00,2.055710555438715801e+02,3.000000000000000000e+01,1.313922000000000005e-06,0.000000000000000000e+00
7.357934150417471564e+00,2.055706170658495751e+02,3.000000000000000000e+01,1.193678999999999951e-06,0.000000000000000000e+00
7.773292106022052117e+00,2.055702017078939718e+02,3.000000000000000000e+01,1.277541999999999940e-06,0.000000000000000000e+00
8.199800426345122517e+00,2.055697751995736553e+02,3.000000000000000000e+01,1.322784000000000048e-06,0.000000000000000000e+00
8.608168915584473169e+00,2.055693668310844089e+02,3.000000000000000000e+01,1.398323000000000020e-06,0.000000000000000000e+00
9.038960118320957804e+00,2.055689360398816916e+02,3.000000000000000000e+01,1.497493999999999896e-06,0.000000000000000000e+00
9.462979404415936102e+00,2.055685120205955911e+02,3.000000000000000000e+01,1.399982000000000075e-06,0.000000000000000000e+00
9.866182504443624879e+00,2.055681088174955562e+02,3.000000000000000000e+01,1.353924999999999916e-06,0.000000000000000000e+00
1.027964272835900061e+01,2.055676953572716457e+02,3.000000000000000000e+01,1.291671999999999921e-06,0.000000000000000000e+00
1.070514217202342167e+01,2.055672698578279665e+02,3.000000000000000000e+01,1.325170000000000053e-06,0.000000000000000000e+00
1.112433512442748018e+01,2.055668506648755738e+02,3.000000000000000000e+01,1.276537999999999966e-06,0.000000000000000000e+00
1.154340618608141256e+01,2.055664315938139168e+02,3.000000000000000000e+01,1.237262000000000005e-06,0.000000000000000000e+00
1.196816624859649636e+01,2.055660068337514019e+02,3.000000000000000000e+01,1.310268999999999965e-06,0.000000000000000000e+00
1.235906504149896001e+01,2.055656159349585153e+02,3.000000000000000000e+01,1.410181999999999994e-06,0.000000000000000000e+00
1.277095479409441658e+01,2.055652040452059168e+02,3.000000000000000000e+01,1.318301999999999995e-06,0.000000000000000000e+00
1.319782023718418884e+01,2.055647771797628138e+02,3.000000000000000000e+01,1.340246000000000102e-06,0.000000000000000000e+00
1.362864756925745979e+01,2.055643463524307322e+02,3.000000000000000000e+01,1.269930999999999912e-06,0.000000000000000000e+00
1.403678367834139529e+01,2.055639382163216737e+02,3.000000000000000000e+01,1.259162999999999984e-06,0.000000000000000000e+00
1.445998031398202954e+01,2.055635150196860081e+02,3.000000000000000000e+01,1.371255999999999954e-06,0.000000000000000000e+00
1.487552061435046369e+01,2.055630994793856416e+02,3.000000000000000000e+01,1.344815000000000015e-06,0.000000000000000000e+00
1.526289115211917213e+01,2.055627121088478759e+02,3.000000000000000000e+01,1.387030000000000000e-06,0.000000000000000000e+00
1.569155929953373629e+01,2.055622834407004689e+02,3.000000000000000000e+01,1.420165000000000065e-06,0.000000000000000000e+00
1.612235303714948742e+01,2.055618526469628478e+02,3.000000000000000000e+01,1.447697000000000049e-06,0.000000000000000000e+00
1.653078967534861476e+01,2.055614442103246517e+02,3.000000000000000000e+01,1.417734999999999903e-06,0.000000000000000000e+00
1.695286272838020381e+01,2.055610221372716353e+02,3.000000000000000000e+01,1.404624000000000098e-06,0.000000000000000000e+00
1.736804064178970108e+01,2.055606069593582106e+02,3.000000000000000000e+01,1.385139000000000106e-06,0.000000000000000000e+00
1.779982971986716223e+01,2.055601751702801323e+02,3.000000000000000000e+01,1.327628999999999957e-06,0.000000000000000000e+00
1.818536885668061842e+01,2.055597896311433317e+02,3.000000000000000000e+01,1.321880999999999897e-06,0.000000000000000000e+00
1.862749396739426544e+01,2.055593475060325943e+02,3.000000000000000000e+01,1.374618000000000008e-06,0.000000000000000000e+00
1.905125280874066718e+01,2.055589237471912725e+02,3.000000000000000000e+01,1.406355000000000022e-06,0.000000000000000000e+00
1.950001393388996007e+01,2.055584749860661020e+02,3.000000000000000000e+01,1.361564999999999897e-06,0.000000000000000000e+00
1.991560907114798340e+01,2.055580593909288609e+02,3.000000000000000000e+01,1.428474000000000090e-06,0.000000000000000000e+00
2.033075363201950836e+01,2.055576442463679712e+02,3.000000000000000000e+01,1.346008999999999940e-06,0.000000000000000000e+00
2.074681454410443848e+01,2.055572281854558980e+02,3.000000000000000000e+01,1.443549999999999926e-06,0.000000000000000000e+00
2.115483297172847443e+01,2.055568201670282633e+02,3.000000000000000000e+01,1.506021000000000010e-06,0.000000000000000000e+00
2.158554008620936315e+01,2.055563894599137882e+02,3.000000000000000000e+01,1.440158999999999919e-06,0.000000000000000000e+00
2.199292412441136335e+01,2.055559820758755905e+02,3.000000000000000000e+01,1.416730999999999929e-06,0.000000000000000000e+00
2.240722024192753281e+01,2.055555677797580643e+02,3.000000000000000000e+01,1.397958999999999925e-06,0.000000000000000000e+00
2.281539986487904770e+01,2.055551596001351129e+02,3.000000000000000000e+01,1.426117000000000037e-06,0.000000000000000000e+00
2.321783808462188858e+01,2.055547571619153757e+02,3.000000000000000000e+01,1.353663000000000096e-06,0.000000000000000000e+00
2.364878322935461341e+01,2.055543262167706473e+02,3.000000000000000000e+01,1.377528000000000078e-06,0.000000000000000000e+00
2.405697889978529957e+01,2.055539180211002304e+02,3.000000000000000000e+01,1.374996000000000066e-06,0.000000000000000000e+00
2.448521657762345072e+01,2.055534897834223784e+02,3.000000000000000000e+01,1.405292999999999930e-06,0.000000000000000000e+00
2.490065161334782573e+01,2.055530743483866445e+02,3.000000000000000000e+01,1.370149999999999918e-06,0.000000000000000000e+00
2.530925514520861697e+01,2.055526657448548065e+02,3.000000000000000000e+01,1.367282999999999975e-06,0.000000000000000000e+00
2.571208880275856146e+01,2.055522629111972321e+02,3.000000000000000000e+01,1.239124999999999973e-06,0.000000000000000000e+00
2.614278703129404846e+01,2.055518322129687192e+02,3.000000000000000000e+01,1.386636999999999951e-06,0.000000000000000000e+00
2.658097808325580402e+01,2.055513940219167353e+02,3.000000000000000000e+01,1.362889000000000022e-06,0.000000000000000000e+00
2.700376742682199449e+01,2.055509712325731755e+02,3.000000000000000000e+01,1.339110999999999900e-06,0.000000000000000000e+00
2.739268767726031939e+01,2.055505823123227458e+02,3.000000000000000000e+01,1.403969000000000017e-06,0.000000000000000000e+00
2.782698097301939200e+01,2.055501480190269774e+02,3.000000000000000000e+01,1.430046000000000072e-06,0.000000000000000000e+00
2.825072089272934406e+01,2.055497242791072665e+02,3.000000000000000000e+01,1.395804999999999971e-06,0.000000000000000000e+00
2.868110612495933864e+01,2.055492938938750456e+02,3.000000000000000000e+01,1.288993999999999902e-06,0.000000000000000000e+00
2.910252589749910257e+01,2.055488724741024953e+02,3.000000000000000000e+01,1.422130000000000096e-06,0.000000000000000000e+00
2.951968385539242234e+01,2.055484553161446115e+02,3.000000000000000000e+01,1.396110999999999947e-06,0.000000000000000000e+00
2.993930000053012108e+01,2.055480356999994740e+02,3.000000000000000000e+01,1.411696000000000070e-06,0.000000000000000000e+00
3.034423377642063713e+01,2.055476307662235911e+02,3.000000000000000000e+01,1.411958000000000102e-06,0.000000000000000000e+00
3.074390831818181979e+01,2.055472310916818230e+02,3.000000000000000000e+01,1.457781999999999971e-06,0.000000000000000000e+00
3.117490583109954372e+01,2.055468000941689013e+02,3.000000000000000000e+01,1.439897000000000099e-06,0.000000000000000000e+00
3.158312806540739004e+01,2.055463918719345884e+02,3.000000000000000000e+01,1.410590000000000033e-06,0.000000000000000000e+00
3.201382087224306616e+01,2.055459611791277723e+02,3.000000000000000000e+01,1.434702000000000058e-06,0.000000000000000000e+00
3.243193954123041323e+01,2.055455430604587832e+02,3.000000000000000000e+01,1.430177000000000088e-06,0.000000000000000000e+00
3.281973454325699890e+01,2.055451552654567422e+02,3.000000000000000000e+01,1.412612999999999972e-06,0.000000000000000000e+00
3.326143670229007654e+01,2.055447135632977052e+02,3.000000000000000000e+01,1.435124000000000060e-06,0.000000000000000000e+00
3.366861241161544882e+01,2.055443063875883922e+02,3.000000000000000000e+01,1.410603999999999996e-06,0.000000000000000000e+00
3.408451650239747721e+01,2.055438904834975915e+02,3.000000000000000000e+01,1.358944999999999997e-06,0.000000000000000000e+00
3.453016262878705334e+01,2.055434448373712257e+02,3.000000000000000000e+01,1.279695000000000078e-06,0.000000000000000000e+00
3.493214636799542205e+01,2.055430428536320164e+02,3.000000000000000000e+01,1.448294000000000012e-06,0.000000000000000000e+00
3.533996651650011955e+01,2.055426350334834922e+02,3.000000000000000000e+01,1.234627999999999930e-06,0.000000000000000000e+00
3.575501269400511006e+01,2.055422199873059981e+02,3.000000000000000000e+01,1.396285000000000092e-06,0.000000000000000000e+00
3.616270584108257680e+01,2.055418122941589161e+02,3.000000000000000000e+01,1.375272000000000061e-06,0.000000000000000000e+00
3.659326573494394097e+01,2.055413817342650589e+02,3.000000000000000000e+01,1.349529999999999935e-06,0.000000000000000000e+00
3.702200905474931147e+01,2.055409529909452431e+02,3.000000000000000000e+01,1.395878000000000080e-06,0.000000000000000000e+00
3.741672716836303181e+01,2.055405582728316460e+02,3.000000000000000000e+01,1.506574000000000028e-06,0.000000000000000000e+00
3.785991207697405514e+01,2.055401150879230272e+02,3.000000000000000000e+01,1.447712000000000040e-06,0.000000000000000000e+00
3.827096650728660876e+01,2.055397040334927112e+02,3.000000000000000000e+01,1.371706999999999910e-06,0.000000000000000000e+00
3.867212931227634698e+01,2.055393028706877203e+02,3.000000000000000000e+01,1.348845999999999901e-06,0.000000000000000000e+00
3.910981453532856023e+01,2.055388651854646866e+02,3.000000000000000000e+01,1.347521999999999988e-06,0.000000000000000000e+00
3.954060676506689731e+01,2.055384343932349225e+02,3.000000000000000000e+01,1.307693000000000009e-06,0.000000000000000000e+00
3.996517830052747655e+01,2.055380098216994611e+02,3.000000000000000000e+01,1.239444999999999913e-06,0.000000000000000000e+00
4.037954291791546524e+01,2.055375954570820909e+02,3.000000000000000000e+01,1.352483999999999950e-06,0.000000000000000000e+00
4.079143990877644654e+01,2.055371835600912220e+02,3.000000000000000000e+01,1.346546999999999967e-06,0.000000000000000000e+00
4.121505770881938702e+01,2.055367599422911837e+02,3.000000000000000000e+01,1.347826999999999937e-06,0.000000000000000000e+00
4.163639621207482122e+01,2.055363386037879252e+02,3.000000000000000000e+01,1.413719000000000008e-06,0.000000000000000000e+00
4.205690304109648281e+01,2.055359180969589090e+02,3.000000000000000000e+01,1.400359999999999921e-06,0.000000000000000000e+00
4.244211466545225875e+01,2.055355328853345611e+02,3.000000000000000000e+01,1.384803999999999964e-06,0.000000000000000000e+00
4.287202468386036713e+01,2.055351029753161356e+02,3.000000000000000000e+01,1.358771000000000064e-06,0.000000000000000000e+00
4.328364064163366720e+01,2.055346913593583622e+02,3.000000000000000000e+01,1.329360999999999909e-06,0.000000000000000000e+00
4.368839830842965455e+01,2.055342866016915764e+02,3.000000000000000000e+01,1.304927999999999918e-06,0.000000000000000000e+00
4.411936942005161200e+01,2.055338556305799500e+02,3.000000000000000000e+01,1.301697999999999908e-06,0.000000000000000000e+00
4.454602594417625028e+01,2.055334289740558233e+02,3.000000000000000000e+01,1.332285999999999970e-06,0.000000000000000000e+00
4.494941121460217914e+01,2.055330255887853923e+02,3.000000000000000000e+01,1.317922999999999909e-06,0.000000000000000000e+00
4.537873246089985457e+01,2.055325962675391054e+02,3.000000000000000000e+01,1.357314999999999896e-06,0.000000000000000000e+00
4.575313475229941673e+01,2.055322218652476920e+02,3.000000000000000000e+01,1.357707999999999944e-06,0.000000000000000000e+00
4.620206502445191887e+01,2.055317729349755496e+02,3.000000000000000000e+01,1.269624999999999936e-06,0.000000000000000000e+00
4.663705285177072568e+01,2.055313379471482449e+02,3.000000000000000000e+01,1.352993000000000024e-06,0.000000000000000000e+00
4.706765469757758069e+01,2.055309073453024382e+02,3.000000000000000000e+01,1.335108999999999968e-06,0.000000000000000000e+00
4.747333770442996581e+01,2.055305016622955634e+02,3.000000000000000000e+01,1.361069999999999998e-06,0.000000000000000000e+00
4.789698648269281733e+01,2.055300780135173113e+02,3.000000000000000000e+01,1.258492999999999912e-06,0.000000000000000000e+00
4.830080851908397221e+01,2.055296741914809218e+02,3.000000000000000000e+01,1.361665999999999932e-06,0.000000000000000000e+00
4.874441623359336262e+01,2.055292305837664060e+02,3.000000000000000000e+01,1.308232000000000064e-06,0.000000000000000000e+00
4.916845927736825672e+01,2.055288065407226270e+02,3.000000000000000000e+01,1.335720000000000105e-06,0.000000000000000000e+00
4.956697802147049003e+01,2.055284080219785210e+02,3.000000000000000000e+01,1.351596000000000002e-06,0.000000000000000000e+00
4.999054442061068215e+01,2.055279844555794000e+02,3.000000000000000000e+01,1.337336000000000031e-06,0.000000000000000000e+00
5.038953661375509796e+01,2.055275854633862593e+02,3.000000000000000000e+01,1.325141000000000100e-06,0.000000000000000000e+00
5.082064425117290796e+01,2.055271543557488201e+02,3.000000000000000000e+01,1.358813999999999981e-06,0.000000000000000000e+00
5.121886837213740762e+01,2.055267561316278773e+02,3.000000000000000000e+01,1.287306000000000106e-06,0.000000000000000000e+00
5.165517756749234479e+01,2.055263198224324981e+02,3.000000000000000000e+01,1.256893000000000004e-06,0.000000000000000000e+00
5.207741662614127165e+01,2.055258975833738475e+02,3.000000000000000000e+01,1.273540000000000007e-06,0.000000000000000000e+00
5.250775128131522251e+01,2.055254672487186838e+02,3.000000000000000000e+01,1.271808000000000055e-06,0.000000000000000000e+00
5.289821141348600264e+01,2.055250767885865173e+02,3.000000000000000000e+01,1.220061999999999983e-06,0.000000000000000000e+00
5.331386746128767129e+01,2.055246611325387107e+02,3.000000000000000000e+01,1.243461000000000020e-06,0.000000000000000000e+00
5.375588560022554674e+01,2.055242191143997843e+02,3.000000000000000000e+01,1.291787999999999947e-06,0.000000000000000000e+00
5.414135570011493570e+01,2.055238336442998843e+02,3.000000000000000000e+01,1.246458999999999978e-06,0.000000000000000000e+00
5.457925949340394567e+01,2.055233957405066008e+02,3.000000000000000000e+01,1.229505999999999998e-06,0.000000000000000000e+00
5.498025179414890573e+01,2.055229947482058606e+02,3.000000000000000000e+01,1.284016999999999950e-06,0.000000000000000000e+00
5.540211622671755975e+01,2.055225728837732788e+02,3.000000000000000000e+01,1.275722999999999915e-06,0.000000000000000000e+00
5.583459348990086113e+01,2.055221404065100899e+02,3.000000000000000000e+01,1.200111000000000045e-06,0.000000000000000000e+00
5.622908772868417060e+01,2.055217459122713137e+02,3.000000000000000000e+01,1.329447999999999981e-06,0.000000000000000000e+00
5.664891965152671816e+01,2.055213260803484729e+02,3.000000000000000000e+01,1.323191000000000059e-06,0.000000000000000000e+00
5.708896419162456226e+01,2.055208860358083882e+02,3.000000000000000000e+01,1.309192000000000094e-06,0.000000000000000000e+00
5.749687825606527269e+01,2.055204781217439347e+02,3.000000000000000000e+01,1.341074999999999904e-06,0.000000000000000000e+00
5.791183115012722737e+01,2.055200631688498731e+02,3.000000000000000000e+01,1.345485000000000087e-06,0.000000000000000000e+00
5.832718182733851364e+01,2.055196478181726718e+02,3.000000000000000000e+01,1.234701000000000039e-06,0.000000000000000000e+00
5.876800681390300696e+01,2.055192069931860885e+02,3.000000000000000000e+01,1.289009000000000104e-06,0.000000000000000000e+00
5.915976992417947145e+01,2.055188152300758304e+02,3.000000000000000000e+01,1.342151999999999987e-06,0.000000000000000000e+00
5.959056484351145144e+01,2.055183844351564915e+02,3.000000000000000000e+01,1.340623999999999948e-06,0.000000000000000000e+00
6.003561836477987157e+01,2.055179393816352160e+02,3.000000000000000000e+01,1.240681999999999965e-06,0.000000000000000000e+00
6.045911481368780471e+01,2.055175158851863273e+02,3.000000000000000000e+01,1.286417999999999946e-06,0.000000000000000000e+00
6.086219049583741025e+01,2.055171128095041695e+02,3.000000000000000000e+01,1.340100000000000095e-06,0.000000000000000000e+00
6.126228584557480161e+01,2.055167127141544370e+02,3.000000000000000000e+01,1.333363000000000053e-06,0.000000000000000000e+00
6.170982571416302420e+01,2.055162651742858486e+02,3.000000000000000000e+01,1.340187999999999983e-06,0.000000000000000000e+00
6.209865789941662229e+01,2.055158763421005972e+02,3.000000000000000000e+01,1.352905999999999952e-06,0.000000000000000000e+00
6.250680486270086789e+01,2.055154681951372879e+02,3.000000000000000000e+01,1.407227999999999980e-06,0.000000000000000000e+00
6.292386466519999288e+01,2.055150511353348008e+02,3.000000000000000000e+01,1.441193000000000086e-06,0.000000000000000000e+00
6.335532130938237572e+01,2.055146196786906216e+02,3.000000000000000000e+01,1.409527999999999941e-06,0.000000000000000000e+00
6.377637159522880239e+01,2.055141986284047846e+02,3.000000000000000000e+01,1.402993999999999996e-06,0.000000000000000000e+00
6.417763135609150993e+01,2.055137973686439068e+02,3.000000000000000000e+01,1.422682999999999902e-06,0.000000000000000000e+00
6.461502239621782451e+01,2.055133599776037840e+02,3.000000000000000000e+01,1.388033999999999974e-06,0.000000000000000000e+00
6.500053578301007917e+01,2.055129744642169953e+02,3.000000000000000000e+01,1.391090000000000051e-06,0.000000000000000000e+00
6.544367125676571106e+01,2.055125313287432505e+02,3.000000000000000000e+01,1.449035999999999953e-06,0.000000000000000000e+00
6.584817395448256150e+01,2.055121268260455167e+02,3.000000000000000000e+01,1.439694000000000001e-06,0.000000000000000000e+00
6.624747275435362326e+01,2.055117275272456538e+02,3.000000000000000000e+01,1.460561000000000025e-06,0.000000000000000000e+00
6.667827770704836610e+01,2.055112967222929399e+02,3.000000000000000000e+01,1.425461999999999956e-06,0.000000000000000000e+00
6.711985048574631207e+01,2.055108551495142422e+02,3.000000000000000000e+01,1.465203000000000047e-06,0.000000000000000000e+00
6.754391749618319807e+01,2.055104310825038283e+02,3.000000000000000000e+01,1.506064999999999954e-06,0.000000000000000000e+00
6.794825474771745633e+01,2.055100267452522758e+02,3.000000000000000000e+01,1.503779999999999983e-06,0.000000000000000000e+00
6.839215214466338466e+01,2.055095828478553415e+02,3.000000000000000000e+01,1.459512999999999895e-06,0.000000000000000000e+00
6.879560798621676554e+01,2.055091793920137775e+02,3.000000000000000000e+01,1.454755000000000059e-06,0.000000000000000000e+00
6.921796819327275330e+01,2.055087570318067378e+02,3.000000000000000000e+01,1.459920999999999934e-06,0.000000000000000000e+00
6.962584227347053911e+01,2.055083491577265420e+02,3.000000000000000000e+01,1.349413999999999910e-06,0.000000000000000000e+00
7.005651898746475581e+01,2.055079184810125241e+02,3.000000000000000000e+01,1.466948999999999963e-06,0.000000000000000000e+00
7.048452061939724445e+01,2.055074904793806070e+02,3.000000000000000000e+01,1.482665999999999917e-06,0.000000000000000000e+00
7.089527968528798851e+01,2.055070797203147208e+02,3.000000000000000000e+01,1.352848000000000045e-06,0.000000000000000000e+00
7.130862282058254209e+01,2.055066663771794140e+02,3.000000000000000000e+01,1.386360999999999956e-06,0.000000000000000000e+00
7.169386660421844226e+01,2.055062811333957882e+02,3.000000000000000000e+01,1.482228999999999925e-06,0.000000000000000000e+00
7.213127993625953138e+01,2.055058437200637513e+02,3.000000000000000000e+01,1.519175999999999971e-06,0.000000000000000000e+00
7.256683079002822012e+01,2.055054081692099714e+02,3.000000000000000000e+01,1.405685999999999978e-06,0.000000000000000000e+00
7.295394331544167699e+01,2.055050210566845692e+02,3.000000000000000000e+01,1.358203000000000055e-06,0.000000000000000000e+00
7.339192287836297623e+01,2.055045830771216515e+02,3.000000000000000000e+01,1.416832999999999992e-06,0.000000000000000000e+00
7.379677090707205878e+01,2.055041782290929291e+02,3.000000000000000000e+01,1.386797999999999949e-06,0.000000000000000000e+00
7.420002005591869931e+01,2.055037749799440974e+02,3.000000000000000000e+01,1.380132999999999988e-06,0.000000000000000000e+00
7.463553304198474336e+01,2.055033394669580105e+02,3.000000000000000000e+01,1.389126000000000047e-06,0.000000000000000000e+00
7.506102229067849407e+01,2.055029139777093121e+02,3.000000000000000000e+01,1.502194000000000038e-06,0.000000000000000000e+00
7.546893809356694760e+01,2.055025060619064448e+02,3.000000000000000000e+01,1.458553000000000077e-06,0.000000000000000000e+00
7.588462769126377339e+01,2.055020903723087429e+02,3.000000000000000000e+01,1.345149999999999945e-06,0.000000000000000000e+00
7.627247707116919173e+01,2.055017025229288379e+02,3.000000000000000000e+01,1.308842999999999989e-06,0.000000000000000000e+00
7.671892274987476412e+01,2.055012560772501331e+02,3.000000000000000000e+01,1.460008000000000007e-06,0.000000000000000000e+00
7.714294077931248239e+01,2.055008320592206985e+02,3.000000000000000000e+01,1.457185000000000008e-06,0.000000000000000000e+00
7.754198222519083572e+01,2.055004330177748102e+02,3.000000000000000000e+01,1.357140999999999963e-06,0.000000000000000000e+00
7.798963408614520176e+01,2.054999853659138580e+02,3.000000000000000000e+01,1.301189000000000045e-06,0.000000000000000000e+00
7.840496341409107117e+01,2.054995700365859079e+02,3.000000000000000000e+01,1.309730999999999937e-06,0.000000000000000000e+00
7.882012253223069820e+01,2.054991548774677597e+02,3.000000000000000000e+01,1.292414000000000074e-06,0.000000000000000000e+00
7.921837363465400017e+01,2.054987566263653491e+02,3.000000000000000000e+01,1.327105999999999919e-06,0.000000000000000000e+00
7.966069162146042970e+01,2.054983143083785535e+02,3.000000000000000000e+01,1.420979999999999903e-06,0.000000000000000000e+00
8.008458256145038945e+01,2.054978904174385548e+02,3.000000000000000000e+01,1.364737000000000000e-06,0.000000000000000000e+00
8.053022517215354981e+01,2.054974447748278408e+02,3.000000000000000000e+01,1.267194999999999986e-06,0.000000000000000000e+00
8.093189522230969146e+01,2.054970431047777026e+02,3.000000000000000000e+01,1.415449999999999933e-06,0.000000000000000000e+00
8.133968083844460750e+01,2.054966353191615553e+02,3.000000000000000000e+01,1.504347999999999992e-06,0.000000000000000000e+00
8.175457452019371374e+01,2.054962204254798053e+02,3.000000000000000000e+01,1.373700999999999894e-06,0.000000000000000000e+00
8.216212910862918761e+01,2.054958128708913705e+02,3.000000000000000000e+01,1.315070999999999957e-06,0.000000000000000000e+00
8.260248795228780239e+01,2.054953725120477088e+02,3.000000000000000000e+01,1.416424999999999953e-06,0.000000000000000000e+00
8.300143452729282956e+01,2.054949735654727192e+02,3.000000000000000000e+01,1.396925999999999998e-06,0.000000000000000000e+00
8.341757882810719593e+01,2.054945574211718906e+02,3.000000000000000000e+01,1.310764000000000076e-06,0.000000000000000000e+00
8.384044432261282509e+01,2.054941345556773911e+02,3.000000000000000000e+01,1.213716999999999962e-06,0.000000000000000000e+00
8.424828127464873262e+01,2.054937267187253553e+02,3.000000000000000000e+01,1.340041999999999976e-06,0.000000000000000000e+00
8.467222240564912283e+01,2.054933027775943515e+02,3.000000000000000000e+01,1.468186000000000015e-06,0.000000000000000000e+00
8.507101656508982046e+01,2.054929039834348998e+02,3.000000000000000000e+01,1.390056999999999912e-06,0.000000000000000000e+00
8.551784953920888199e+01,2.054924571504607798e+02,3.000000000000000000e+01,1.628155999999999985e-06,0.000000000000000000e+00
8.593713527563814125e+01,2.054920378647243524e+02,3.000000000000000000e+01,1.520399000000000061e-06,0.000000000000000000e+00
8.632459860068385638e+01,2.054916504013993119e+02,3.000000000000000000e+01,1.470718000000000028e-06,0.000000000000000000e+00
8.674173839566255140e+01,2.054912332616043500e+02,3.000000000000000000e+01,1.331194999999999924e-06,0.000000000000000000e+00
8.717275142054128878e+01,2.054908022485794561e+02,3.000000000000000000e+01,1.594423999999999958e-06,0.000000000000000000e+00
8.761396811832342735e+01,2.054903610318816902e+02,3.000000000000000000e+01,1.553868000000000028e-06,0.000000000000000000e+00
8.803167584247459843e+01,2.054899433241575366e+02,3.000000000000000000e+01,1.330380000000000085e-06,0.000000000000000000e+00
8.842983703045564425e+01,2.054895451629695344e+02,3.000000000000000000e+01,1.468404999999999920e-06,0.000000000000000000e+00
8.887271178816232009e+01,2.054891022882118534e+02,3.000000000000000000e+01,1.460241000000000085e-06,0.000000000000000000e+00
8.928108098006983084e+01,2.054886939190199371e+02,3.000000000000000000e+01,1.342123000000000033e-06,0.000000000000000000e+00
8.970339664940229341e+01,2.054882716033505972e+02,3.000000000000000000e+01,1.343345999999999911e-06,0.000000000000000000e+00
9.012006543129770364e+01,2.054878549345687020e+02,3.000000000000000000e+01,1.436477999999999954e-06,0.000000000000000000e+00
9.055105646531195873e+01,2.054874239435346794e+02,3.000000000000000000e+01,1.393390000000000012e-06,0.000000000000000000e+00
9.095518456147715369e+01,2.054870198154385150e+02,3.000000000000000000e+01,1.325723000000000072e-06,0.000000000000000000e+00
9.136558386853268132e+01,2.054866094161314720e+02,3.000000000000000000e+01,1.282649000000000092e-06,0.000000000000000000e+00
9.177766481375988405e+01,2.054861973351862332e+02,3.000000000000000000e+01,1.424442999999999992e-06,0.000000000000000000e+00
9.218314297933247303e+01,2.054857918570206721e+02,3.000000000000000000e+01,1.368651000000000044e-06,0.000000000000000000e+00
9.262522560022901530e+01,2.054853497743997650e+02,3.000000000000000000e+01,1.391818000000000029e-06,0.000000000000000000e+00
9.302185715130879373e+01,2.054849531428486955e+02,3.000000000000000000e+01,1.432824999999999915e-06,0.000000000000000000e+00
9.344198405767751581e+01,2.054845330159423327e+02,3.000000000000000000e+01,1.449181999999999960e-06,0.000000000000000000e+00
9.387145361902716445e+01,2.054841035463809646e+02,3.000000000000000000e+01,1.497552000000000015e-06,0.000000000000000000e+00
9.427011488747348267e+01,2.054837048851125303e+02,3.000000000000000000e+01,1.338762000000000007e-06,0.000000000000000000e+00
9.469373268751640182e+01,2.054832812673124920e+02,3.000000000000000000e+01,1.374515999999999945e-06,0.000000000000000000e+00
9.511889878287144029e+01,2.054828561012171235e+02,3.000000000000000000e+01,1.427092000000000058e-06,0.000000000000000000e+00
9.553779418528800704e+01,2.054824372058147048e+02,3.000000000000000000e+01,1.359410999999999943e-06,0.000000000000000000e+00
9.596170726789831917e+01,2.054820132927320913e+02,3.000000000000000000e+01,1.359062000000000050e-06,0.000000000000000000e+00
9.636440397948423708e+01,2.054816105960205164e+02,3.000000000000000000e+01,1.304069999999999950e-06,0.000000000000000000e+00
9.676444646946563921e+01,2.054812105535305307e+02,3.000000000000000000e+01,1.412190999999999970e-06,0.000000000000000000e+00
9.719264934336707995e+01,2.054807823506566251e+02,3.000000000000000000e+01,1.354681000000000032e-06,0.000000000000000000e+00
9.763615789575132453e+01,2.054803388421042598e+02,3.000000000000000000e+01,1.321429999999999942e-06,0.000000000000000000e+00
9.803535042916099940e+01,2.054799396495708379e+02,3.000000000000000000e+01,1.269815000000000098e-06,0.000000000000000000e+00
9.845896324427479840e+01,2.054795160367557401e+02,3.000000000000000000e+01,1.381689999999999980e-06,0.000000000000000000e+00
9.889750613067563734e+01,2.054790774938693403e+02,3.000000000000000000e+01,1.341803000000000094e-06,0.000000000000000000e+00
9.931261562742864157e+01,2.054786623843725692e+02,3.000000000000000000e+01,1.340741000000000001e-06,0.000000000000000000e+00
9.973179250799159945e+01,2.054782432074919996e+02,3.000000000000000000e+01,1.340741000000000001e-06,0.000000000000000000e+00
1.001398939907614221e+02,2.054778351060092518e+02,3.000000000000000000e+01,1.405598999999999906e-06,0.000000000000000000e+00
1.005704785180108729e+02,2.054774045214819864e+02,3.000000000000000000e+01,1.569176999999999943e-06,0.000000000000000000e+00
1.010010528882350798e+02,2.054769739471117589e+02,3.000000000000000000e+01,1.520515000000000086e-06,0.000000000000000000e+00
1.013892628969173444e+02,2.054765857371030791e+02,3.000000000000000000e+01,1.496388000000000072e-06,0.000000000000000000e+00
1.018239046427634378e+02,2.054761510953572383e+02,3.000000000000000000e+01,1.413892999999999941e-06,0.000000000000000000e+00
1.022250653950683983e+02,2.054757499346049201e+02,3.000000000000000000e+01,1.379682000000000032e-06,0.000000000000000000e+00
1.026462862427480758e+02,2.054753287137572499e+02,3.000000000000000000e+01,1.454550999999999933e-06,0.000000000000000000e+00
1.030794199250924379e+02,2.054748955800749002e+02,3.000000000000000000e+01,1.489242999999999990e-06,0.000000000000000000e+00
1.034936397194582014e+02,2.054744813602805493e+02,3.000000000000000000e+01,1.485809000000000067e-06,0.000000000000000000e+00
1.039093220360474987e+02,2.054740656779639494e+02,3.000000000000000000e+01,1.450476999999999919e-06,0.000000000000000000e+00
1.042968107513452054e+02,2.054736781892486590e+02,3.000000000000000000e+01,1.468797999999999968e-06,0.000000000000000000e+00
1.047194298144911215e+02,2.054732555701855006e+02,3.000000000000000000e+01,1.512540999999999991e-06,0.000000000000000000e+00
1.051377630404548427e+02,2.054728372369595490e+02,3.000000000000000000e+01,1.372419999999999897e-06,0.000000000000000000e+00
1.055585987916115442e+02,2.054724164012083918e+02,3.000000000000000000e+01,1.357445999999999912e-06,0.000000000000000000e+00
1.059866961668831635e+02,2.054719883038331147e+02,3.000000000000000000e+01,1.238936000000000050e-06,0.000000000000000000e+00
1.064116405259541978e+02,2.054715633594740609e+02,3.000000000000000000e+01,1.374544999999999898e-06,0.000000000000000000e+00
1.068275964457938585e+02,2.054711474035541983e+02,3.000000000000000000e+01,1.359935000000000008e-06,0.000000000000000000e+00
1.072341041355026618e+02,2.054707408958645090e+02,3.000000000000000000e+01,1.424094000000000099e-06,0.000000000000000000e+00
1.076664752212704173e+02,2.054703085247787442e+02,3.000000000000000000e+01,1.391046999999999923e-06,0.000000000000000000e+00
1.080973954306781621e+02,2.054698776045693194e+02,3.000000000000000000e+01,1.328575000000000023e-06,0.000000000000000000e+00
1.085256274032165038e+02,2.054694493725967845e+02,3.000000000000000000e+01,1.383581999999999902e-06,0.000000000000000000e+00
1.089219947415908933e+02,2.054690530052584165e+02,3.000000000000000000e+01,1.501684999999999963e-06,0.000000000000000000e+00
1.093374013501921951e+02,2.054686375986498206e+02,3.000000000000000000e+01,1.493419000000000067e-06,0.000000000000000000e+00
1.097747328136019576e+02,2.054682002671864041e+02,3.000000000000000000e+01,1.526539999999999957e-06,0.000000000000000000e+00
1.101599755109193239e+02,2.054678150244890844e+02,3.000000000000000000e+01,1.504391999999999936e-06,0.000000000000000000e+00
1.106000141015267246e+02,2.054673749858984877e+02,3.000000000000000000e+01,1.501669999999999973e-06,0.000000000000000000e+00
1.110405281030534468e+02,2.054669344718969626e+02,3.000000000000000000e+01,1.622713000000000086e-06,0.000000000000000000e+00
1.114223246811393579e+02,2.054665526753188658e+02,3.000000000000000000e+01,1.599285000000000096e-06,0.000000000000000000e+00
1.118373792196391605e+02,2.054661376207803585e+02,3.000000000000000000e+01,1.540829999999999908e-06,0.000000000000000000e+00
1.122451559180323954e+02,2.054657298440819773e+02,3.000000000000000000e+01,1.647160000000000040e-06,0.000000000000000000e+00
1.126763172674633040e+02,2.054652986827325378e+02,3.000000000000000000e+01,1.531792999999999905e-06,0.000000000000000000e+00
1.130679928878286233e+02,2.054649070071121741e+02,3.000000000000000000e+01,1.548119999999999969e-06,0.000000000000000000e+00
1.135153498030404933e+02,2.054644596501969716e+02,3.000000000000000000e+01,1.627268000000000037e-06,0.000000000000000000e+00
1.139341417688127791e+02,2.054640408582311863e+02,3.000000000000000000e+01,1.607754000000000091e-06,0.000000000000000000e+00
1.143396951534149224e+02,2.054636353048465764e+02,3.000000000000000000e+01,1.555571000000000027e-06,0.000000000000000000e+00
1.147393924417071531e+02,2.054632356075582891e+02,3.000000000000000000e+01,1.424574000000000008e-06,0.000000000000000000e+00
1.151703423105482358e+02,2.054628046576894462e+02,3.000000000000000000e+01,1.553592000000000032e-06,0.000000000000000000e+00
1.155784529091973809e+02,2.054623965470908047e+02,3.000000000000000000e+01,1.562730000000000071e-06,0.000000000000000000e+00
1.160101160606869968e+02,2.054619648839393165e+02,3.000000000000000000e+01,1.491702000000000105e-06,0.000000000000000000e+00
1.164339782815429771e+02,2.054615410217184603e+02,3.000000000000000000e+01,1.302324000000000035e-06,0.000000000000000000e+00
1.168478598880093671e+02,2.054611271401119836e+02,3.000000000000000000e+01,1.372595000000000069e-06,0.000000000000000000e+00
1.172574873379807627e+02,2.054607175126620291e+02,3.000000000000000000e+01,1.564053999999999984e-06,0.000000000000000000e+00
1.176866235877683664e+02,2.054602883764122225e+02,3.000000000000000000e+01,1.556865999999999986e-06,0.000000000000000000e+00
1.181077912363079605e+02,2.054598672087636828e+02,3.000000000000000000e+01,1.423089999999999914e-06,0.000000000000000000e+00
1.185256975565916946e+02,2.054594493024434030e+02,3.000000000000000000e+01,1.359324000000000082e-06,0.000000000000000000e+00
1.189469002592308016e+02,2.054590280997407774e+02,3.000000000000000000e+01,1.475185999999999906e-06,0.000000000000000000e+00
1.193624134096005633e+02,2.054586125865903909e+02,3.000000000000000000e+01,1.572334000000000056e-06,0.000000000000000000e+00
1.198056627395764338e+02,2.054581693372604150e+02,3.000000000000000000e+01,1.570689999999999991e-06,0.000000000000000000e+00
1.202263766920691381e+02,2.054577486233079355e+02,3.000000000000000000e+01,1.442268999999999930e-06,0.000000000000000000e+00
1.206229757454137541e+02,2.054573520242545897e+02,3.000000000000000000e+01,1.310806999999999993e-06,0.000000000000000000e+00
1.210654947669753199e+02,2.054569095052330283e+02,3.000000000000000000e+01,1.483844000000000035e-06,0.000000000000000000e+00
1.214710118042892333e+02,2.054565039881957205e+02,3.000000000000000000e+01,1.510954000000000018e-06,0.000000000000000000e+00
1.218833661727675235e+02,2.054560916338272420e+02,3.000000000000000000e+01,1.423322999999999993e-06,0.000000000000000000e+00
1.222935970087072803e+02,2.054556814029913028e+02,3.000000000000000000e+01,1.415785000000000074e-06,0.000000000000000000e+00
1.226976949822818739e+02,2.054552773050177166e+02,3.000000000000000000e+01,1.362976000000000094e-06,0.000000000000000000e+00
1.231411544278626025e+02,2.054548338455721535e+02,3.000000000000000000e+01,1.476044000000000085e-06,0.000000000000000000e+00
1.235361543738017787e+02,2.054544388456262141e+02,3.000000000000000000e+01,1.526408999999999940e-06,0.000000000000000000e+00
1.239594919869589660e+02,2.054540155080130432e+02,3.000000000000000000e+01,1.450826000000000024e-06,0.000000000000000000e+00
1.243747567765440607e+02,2.054536002432234625e+02,3.000000000000000000e+01,1.360022000000000080e-06,0.000000000000000000e+00
1.247861471397695539e+02,2.054531888528602224e+02,3.000000000000000000e+01,1.327192999999999992e-06,0.000000000000000000e+00
1.252101901835444551e+02,2.054527648098164718e+02,3.000000000000000000e+01,1.471402000000000062e-06,0.000000000000000000e+00
1.256091885661394798e+02,2.054523658114338502e+02,3.000000000000000000e+01,1.492967999999999899e-06,0.000000000000000000e+00
1.260523665907779218e+02,2.054519226334092252e+02,3.000000000000000000e+01,1.569395000000000032e-06,0.000000000000000000e+00
1.264794931349961615e+02,2.054514955068650011e+02,3.000000000000000000e+01,1.427425999999999960e-06,0.000000000000000000e+00
1.268949295305749132e+02,2.054510800704694304e+02,3.000000000000000000e+01,1.435080999999999932e-06,0.000000000000000000e+00
1.272828922718405380e+02,2.054506921077281731e+02,3.000000000000000000e+01,1.430685999999999951e-06,0.000000000000000000e+00
1.277079281221427038e+02,2.054502670718778461e+02,3.000000000000000000e+01,1.525374999999999986e-06,0.000000000000000000e+00
1.281525653631050261e+02,2.054498224346369000e+02,3.000000000000000000e+01,1.621955999999999942e-06,0.000000000000000000e+00
1.285919395559410816e+02,2.054493830604440632e+02,3.000000000000000000e+01,1.590742999999999992e-06,0.000000000000000000e+00
1.289773641753160973e+02,2.054489976358246963e+02,3.000000000000000000e+01,1.450199999999999896e-06,0.000000000000000000e+00
1.294155699355899003e+02,2.054485594300644209e+02,3.000000000000000000e+01,1.359207000000000029e-06,0.000000000000000000e+00
1.298306428744699019e+02,2.054481443571255284e+02,3.000000000000000000e+01,1.533626000000000104e-06,0.000000000000000000e+00
1.302170627813518990e+02,2.054477579372186540e+02,3.000000000000000000e+01,1.517909999999999965e-06,0.000000000000000000e+00
1.306577569702290020e+02,2.054473172430297723e+02,3.000000000000000000e+01,1.496504000000000097e-06,0.000000000000000000e+00
1.310889983210543903e+02,2.054468860016789620e+02,3.000000000000000000e+01,1.548091000000000015e-06,0.000000000000000000e+00
1.315049232743596974e+02,2.054464700767256318e+02,3.000000000000000000e+01,1.583481000000000069e-06,0.000000000000000000e+00
1.319212036158719172e+02,2.054460537963841205e+02,3.000000000000000000e+01,1.620850999999999933e-06,0.000000000000000000e+00
1.323088548708352050e+02,2.054456661451291666e+02,3.000000000000000000e+01,4.094617999999999800e-07,0.000000000000000000e+00
1.327289251671220995e+02,2.054452460748328804e+02,3.000000000000000000e+01,3.791792999999999866e-07,0.000000000000000000e+00
1.331464258265312139e+02,2.054448285741734708e+02,3.000000000000000000e+01,1.863955000000000096e-07,0.000000000000000000e+00
1.335676116341870738e+02,2.054444073883658177e+02,3.000000000000000000e+01,5.663605000000000110e-08,0.000000000000000000e+00
1.339980732356137594e+02,2.054439769267643783e+02,3.000000000000000000e+01,3.816966999999999771e-08,0.000000000000000000e+00
1.343856821561215895e+02,2.054435893178438732e+02,3.000000000000000000e+01,1.396984000000000064e-08,0.000000000000000000e+00
1.348014176567445190e+02,2.054431735823432632e+02,3.000000000000000000e+01,1.638545999999999855e-08,0.000000000000000000e+00
1.352452443655621437e+02,2.054427297556344456e+02,3.000000000000000000e+01,1.617445000000000095e-07,0.000000000000000000e+00
1.356441367269257228e+02,2.054423308632730709e+02,3.000000000000000000e+01,1.587948999999999948e-06,0.000000000000000000e+00
1.360676528557252141e+02,2.054419073471442800e+02,3.000000000000000000e+01,8.266070000000000379e-07,0.000000000000000000e+00
1.365137644235219341e+02,2.054414612355764689e+02,3.000000000000000000e+01,8.399219999999999688e-07,0.000000000000000000e+00
1.368905648604212786e+02,2.054410844351395724e+02,3.000000000000000000e+01,1.637440000000000030e-06,0.000000000000000000e+00
1.373215921940254987e+02,2.054406534078059678e+02,3.000000000000000000e+01,1.568317999999999949e-06,0.000000000000000000e+00
1.377393818875780767e+02,2.054402356181124105e+02,3.000000000000000000e+01,1.382533999999999984e-06,0.000000000000000000e+00
1.381560105062521018e+02,2.054398189894937445e+02,3.000000000000000000e+01,1.541469999999999998e-06,0.000000000000000000e+00
1.385783931527217590e+02,2.054393966068472821e+02,3.000000000000000000e+01,1.523163999999999940e-06,0.000000000000000000e+00
1.390099293549618551e+02,2.054389650706450539e+02,3.000000000000000000e+01,1.558160999999999946e-06,0.000000000000000000e+00
1.394338165857010097e+02,2.054385411834142872e+02,3.000000000000000000e+01,1.482549000000000076e-06,0.000000000000000000e+00
1.398694274436875276e+02,2.054381055725563101e+02,3.000000000000000000e+01,1.352964000000000071e-06,0.000000000000000000e+00
1.402811765137404620e+02,2.054376938234862564e+02,3.000000000000000000e+01,1.379623000000000098e-06,0.000000000000000000e+00
1.406863802038603239e+02,2.054372886197961350e+02,3.000000000000000000e+01,1.546897999999999906e-06,0.000000000000000000e+00
1.411172617341632360e+02,2.054368577382658430e+02,3.000000000000000000e+01,1.491280000000000103e-06,0.000000000000000000e+00
1.415250550842580139e+02,2.054364499449157506e+02,3.000000000000000000e+01,1.578272000000000065e-06,0.000000000000000000e+00
1.419461958392359691e+02,2.054360288041607703e+02,3.000000000000000000e+01,1.489970999999999969e-06,0.000000000000000000e+00
1.423506849182471115e+02,2.054356243150817534e+02,3.000000000000000000e+01,1.559500000000000061e-06,0.000000000000000000e+00
1.427497120860550694e+02,2.054352252879139371e+02,3.000000000000000000e+01,1.556152999999999998e-06,0.000000000000000000e+00
1.431806832039209780e+02,2.054347943167960864e+02,3.000000000000000000e+01,1.419496000000000021e-06,0.000000000000000000e+00
1.435889438684912420e+02,2.054343860561315012e+02,3.000000000000000000e+01,1.587264999999999913e-06,0.000000000000000000e+00
1.440215563249123250e+02,2.054339534436750796e+02,3.000000000000000000e+01,1.422421000000000082e-06,0.000000000000000000e+00
1.444451491106181038e+02,2.054335298508893857e+02,3.000000000000000000e+01,1.464083000000000048e-06,0.000000000000000000e+00
1.448268002595419830e+02,2.054331481997404580e+02,3.000000000000000000e+01,1.366206999999999920e-06,0.000000000000000000e+00
1.452701495472208535e+02,2.054327048504527795e+02,3.000000000000000000e+01,1.378547000000000042e-06,0.000000000000000000e+00
1.456973888045802710e+02,2.054322776111954170e+02,3.000000000000000000e+01,1.382300999999999905e-06,0.000000000000000000e+00
1.460908638709892955e+02,2.054318841361290140e+02,3.000000000000000000e+01,1.547378000000000027e-06,0.000000000000000000e+00
1.465360528562133879e+02,2.054314389471437892e+02,3.000000000000000000e+01,1.425855000000000005e-06,0.000000000000000000e+00
1.469595624684708355e+02,2.054310154375315278e+02,3.000000000000000000e+01,1.407505000000000003e-06,0.000000000000000000e+00
1.473623709270992208e+02,2.054306126290728969e+02,3.000000000000000000e+01,1.363368999999999931e-06,0.000000000000000000e+00
1.477622332122882938e+02,2.054302127667877187e+02,3.000000000000000000e+01,1.245905999999999960e-06,0.000000000000000000e+00
1.482096282583077027e+02,2.054297653717416949e+02,3.000000000000000000e+01,1.153210000000000094e-06,0.000000000000000000e+00
1.486336935418674727e+02,2.054293413064581273e+02,3.000000000000000000e+01,1.449851000000000004e-06,0.000000000000000000e+00
1.490687793255139013e+02,2.054289062206744916e+02,3.000000000000000000e+01,1.536362000000000030e-06,0.000000000000000000e+00
1.494795636165080737e+02,2.054284954363834856e+02,3.000000000000000000e+01,1.473759999999999930e-06,0.000000000000000000e+00
1.498951667747766692e+02,2.054280798332252118e+02,3.000000000000000000e+01,1.375694000000000063e-06,0.000000000000000000e+00
1.503044867161907518e+02,2.054276705132838003e+02,3.000000000000000000e+01,1.374660999999999924e-06,0.000000000000000000e+00
1.507076856559172313e+02,2.054272673143440784e+02,3.000000000000000000e+01,1.414388000000000052e-06,0.000000000000000000e+00
1.511384096263717254e+02,2.054268365903736253e+02,3.000000000000000000e+01,1.357927000000000060e-06,0.000000000000000000e+00
1.515463815034698030e+02,2.054264286184965442e+02,3.000000000000000000e+01,1.315188000000000011e-06,0.000000000000000000e+00
1.519721475696450739e+02,2.054260028524303436e+02,3.000000000000000000e+01,1.386113999999999914e-06,0.000000000000000000e+00
1.523598332449439567e+02,2.054256151667550512e+02,3.000000000000000000e+01,1.366482999999999915e-06,0.000000000000000000e+00
1.527974120623106558e+02,2.054251775879376964e+02,3.000000000000000000e+01,1.249762000000000097e-06,0.000000000000000000e+00
1.532211351949997606e+02,2.054247538648050124e+02,3.000000000000000000e+01,1.275984999999999947e-06,0.000000000000000000e+00
1.536199782162742622e+02,2.054243550217837253e+02,3.000000000000000000e+01,1.341642999999999912e-06,0.000000000000000000e+00
1.540623604217648506e+02,2.054239126395782478e+02,3.000000000000000000e+01,1.340594999999999995e-06,0.000000000000000000e+00
1.544675087996183152e+02,2.054235074912003824e+02,3.000000000000000000e+01,1.295061999999999901e-06,0.000000000000000000e+00
1.548790283733135311e+02,2.054230959716266796e+02,3.000000000000000000e+01,1.397872000000000065e-06,0.000000000000000000e+00
1.552944991892278779e+02,2.054226805008107704e+02,3.000000000000000000e+01,1.303866000000000037e-06,0.000000000000000000e+00
1.556991350267175562e+02,2.054222758649732725e+02,3.000000000000000000e+01,1.268184999999999997e-06,0.000000000000000000e+00
1.561251852231354746e+02,2.054218498147768628e+02,3.000000000000000000e+01,1.283027999999999966e-06,0.000000000000000000e+00
1.565515192617390881e+02,2.054214234807382695e+02,3.000000000000000000e+01,1.261301999999999948e-06,0.000000000000000000e+00
1.569564671217960381e+02,2.054210185328782075e+02,3.000000000000000000e+01,1.283012999999999976e-06,0.000000000000000000e+00
1.573849826650445038e+02,2.054205900173349448e+02,3.000000000000000000e+01,1.289546999999999920e-06,0.000000000000000000e+00
1.578158344387838952e+02,2.054201591655612162e+02,3.000000000000000000e+01,1.280320999999999994e-06,0.000000000000000000e+00
1.582149692814885498e+02,2.054197600307185212e+02,3.000000000000000000e+01,1.233216999999999945e-06,0.000000000000000000e+00
1.586424161828591366e+02,2.054193325838171518e+02,3.000000000000000000e+01,1.283261000000000045e-06,0.000000000000000000e+00
1.590731818860984674e+02,2.054189018181139090e+02,3.000000000000000000e+01,1.363091999999999908e-06,0.000000000000000000e+00
1.595045724164122305e+02,2.054184704275835998e+02,3.000000000000000000e+01,1.096268999999999981e-06,0.000000000000000000e+00
1.599483722617753756e+02,2.054180266277382145e+02,3.000000000000000000e+01,1.218067999999999999e-06,0.000000000000000000e+00
1.603274769524082046e+02,2.054176475230476058e+02,3.000000000000000000e+01,1.353735999999999993e-06,0.000000000000000000e+00
1.607516610953428540e+02,2.054172233389046482e+02,3.000000000000000000e+01,1.376785999999999925e-06,0.000000000000000000e+00
1.611821443108952110e+02,2.054167928556890956e+02,3.000000000000000000e+01,1.221866000000000017e-06,0.000000000000000000e+00
1.615901869447203580e+02,2.054163848130552879e+02,3.000000000000000000e+01,1.159510999999999959e-06,0.000000000000000000e+00
1.620209988745418741e+02,2.054159540011254705e+02,3.000000000000000000e+01,1.325345000000000014e-06,0.000000000000000000e+00
1.624219870706106974e+02,2.054155530129293936e+02,3.000000000000000000e+01,1.295207999999999907e-06,0.000000000000000000e+00
1.628288920342460244e+02,2.054151461079657679e+02,3.000000000000000000e+01,1.178559999999999987e-06,0.000000000000000000e+00
1.632248128462486534e+02,2.054147501871537429e+02,3.000000000000000000e+01,1.113381999999999931e-06,0.000000000000000000e+00
1.636531536093339980e+02,2.054143218463906635e+02,3.000000000000000000e+01,1.283261000000000045e-06,0.000000000000000000e+00
1.640923813438297714e+02,2.054138826186561744e+02,3.000000000000000000e+01,1.280640999999999933e-06,0.000000000000000000e+00
1.644920670219253509e+02,2.054134829329780700e+02,3.000000000000000000e+01,1.208361999999999951e-06,0.000000000000000000e+00
1.649058238681050739e+02,2.054130691761318985e+02,3.000000000000000000e+01,1.129490999999999906e-06,0.000000000000000000e+00
1.653310504130123491e+02,2.054126439495869931e+02,3.000000000000000000e+01,1.268956000000000103e-06,0.000000000000000000e+00
1.657377268530260892e+02,2.054122372731469852e+02,3.000000000000000000e+01,1.280102999999999905e-06,0.000000000000000000e+00
1.661617448824638075e+02,2.054118132551175506e+02,3.000000000000000000e+01,1.221603999999999985e-06,0.000000000000000000e+00
1.666007599156835681e+02,2.054113742400843137e+02,3.000000000000000000e+01,1.114124000000000084e-06,0.000000000000000000e+00
1.670088637758403820e+02,2.054109661362241752e+02,3.000000000000000000e+01,1.287843999999999922e-06,0.000000000000000000e+00
1.674262207556392070e+02,2.054105487792443512e+02,3.000000000000000000e+01,1.323830999999999938e-06,0.000000000000000000e+00
1.678413236258382710e+02,2.054101336763741585e+02,3.000000000000000000e+01,1.280117000000000080e-06,0.000000000000000000e+00
1.682780940620676233e+02,2.054096969059379205e+02,3.000000000000000000e+01,1.131410999999999966e-06,0.000000000000000000e+00
1.686797458679835131e+02,2.054092952541320187e+02,3.000000000000000000e+01,1.018531999999999899e-06,0.000000000000000000e+00
1.691166717925007106e+02,2.054088583282075149e+02,3.000000000000000000e+01,1.265681999999999938e-06,0.000000000000000000e+00
1.695474793302971079e+02,2.054084275206697043e+02,3.000000000000000000e+01,1.091539000000000071e-06,0.000000000000000000e+00
1.699512746552160536e+02,2.054080237253447763e+02,3.000000000000000000e+01,1.235617999999999941e-06,0.000000000000000000e+00
1.703610746298406866e+02,2.054076139253701569e+02,3.000000000000000000e+01,1.242092999999999951e-06,0.000000000000000000e+00
1.707737842492366553e+02,2.054072012157507743e+02,3.000000000000000000e+01,1.245381999999999895e-06,0.000000000000000000e+00
1.711794056328424745e+02,2.054067955943671677e+02,3.000000000000000000e+01,1.271255000000000037e-06,0.000000000000000000e+00
1.716214926235030305e+02,2.054063535073765081e+02,3.000000000000000000e+01,1.252133999999999928e-06,0.000000000000000000e+00
1.720185114094379060e+02,2.054059564885905615e+02,3.000000000000000000e+01,1.208435000000000061e-06,0.000000000000000000e+00
1.724380276309274507e+02,2.054055369723690774e+02,3.000000000000000000e+01,1.262059000000000091e-06,0.000000000000000000e+00
1.728572660416820383e+02,2.054051177339583205e+02,3.000000000000000000e+01,1.242006000000000090e-06,0.000000000000000000e+00
1.732667605912495787e+02,2.054047082394087624e+02,3.000000000000000000e+01,1.208027000000000021e-06,0.000000000000000000e+00
1.736903543999999897e+02,2.054042846456000007e+02,3.000000000000000000e+01,1.283623999999999901e-06,0.000000000000000000e+00
1.741158715531081498e+02,2.054038591284468964e+02,3.000000000000000000e+01,1.294015000000000010e-06,0.000000000000000000e+00
1.745343987622910049e+02,2.054034406012377190e+02,3.000000000000000000e+01,1.345455999999999922e-06,0.000000000000000000e+00
1.749572015920693389e+02,2.054030177984079444e+02,3.000000000000000000e+01,1.306586999999999972e-06,0.000000000000000000e+00
1.753604930041269938e+02,2.054026145069958886e+02,3.000000000000000000e+01,1.289154000000000083e-06,0.000000000000000000e+00
1.757601569002571296e+02,2.054022148430997561e+02,3.000000000000000000e+01,1.415580999999999949e-06,0.000000000000000000e+00
1.761889856393485445e+02,2.054017860143606526e+02,3.000000000000000000e+01,1.399167000000000024e-06,0.000000000000000000e+00
1.765971098623755893e+02,2.054013778901376384e+02,3.000000000000000000e+01,1.414460999999999949e-06,0.000000000000000000e+00
1.770307640667000442e+02,2.054009442359333093e+02,3.000000000000000000e+01,1.339532999999999902e-06,0.000000000000000000e+00
1.774546320101147501e+02,2.054005203679898841e+02,3.000000000000000000e+01,1.370120999999999964e-06,0.000000000000000000e+00
1.778669344732824413e+02,2.054001080655267231e+02,3.000000000000000000e+01,1.407242999999999970e-06,0.000000000000000000e+00
1.782805193674556676e+02,2.053996944806325473e+02,3.000000000000000000e+01,1.379186999999999921e-06,0.000000000000000000e+00
1.787058049412938203e+02,2.053992691950587073e+02,3.000000000000000000e+01,1.364765999999999953e-06,0.000000000000000000e+00
1.791366821276891130e+02,2.053988383178723041e+02,3.000000000000000000e+01,1.277788999999999981e-06,0.000000000000000000e+00
1.795745911217347839e+02,2.053984004088782740e+02,3.000000000000000000e+01,1.435604999999999996e-06,0.000000000000000000e+00
1.799987973954819722e+02,2.053979762026045250e+02,3.000000000000000000e+01,1.394829999999999951e-06,0.000000000000000000e+00
1.803860357350438335e+02,2.053975889642649690e+02,3.000000000000000000e+01,1.367442999999999945e-06,0.000000000000000000e+00
1.808292718119118945e+02,2.053971457281880930e+02,3.000000000000000000e+01,1.343244000000000060e-06,0.000000000000000000e+00
1.812252182796254658e+02,2.053967497817203878e+02,3.000000000000000000e+01,1.378880999999999945e-06,0.000000000000000000e+00
1.816438830497638435e+02,2.053963311169502504e+02,3.000000000000000000e+01,1.299471000000000056e-06,0.000000000000000000e+00
1.820771056539439883e+02,2.053958978943460636e+02,3.000000000000000000e+01,1.385328000000000029e-06,0.000000000000000000e+00
1.824902391683409917e+02,2.053954847608316641e+02,3.000000000000000000e+01,1.285109000000000023e-06,0.000000000000000000e+00
1.829057033577013556e+02,2.053950692966423048e+02,3.000000000000000000e+01,1.289546999999999920e-06,0.000000000000000000e+00
1.832934990551314343e+02,2.053946815009448699e+02,3.000000000000000000e+01,1.332068000000000093e-06,0.000000000000000000e+00
1.837161064792886691e+02,2.053942588935207141e+02,3.000000000000000000e+01,1.372915000000000009e-06,0.000000000000000000e+00
1.841347590195416046e+02,2.053938402409804667e+02,3.000000000000000000e+01,1.412656000000000100e-06,0.000000000000000000e+00
1.845607009890031236e+02,2.053934142990109990e+02,3.000000000000000000e+01,1.317937999999999900e-06,0.000000000000000000e+00
1.849845654964454411e+02,2.053929904345035595e+02,3.000000000000000000e+01,1.345178999999999899e-06,0.000000000000000000e+00
1.853703732637828523e+02,2.053926046267362153e+02,3.000000000000000000e+01,1.295483999999999903e-06,0.000000000000000000e+00
1.858136713700336884e+02,2.053921613286299817e+02,3.000000000000000000e+01,1.255626999999999998e-06,0.000000000000000000e+00
1.862328806644979693e+02,2.053917421193355040e+02,3.000000000000000000e+01,1.231019000000000046e-06,0.000000000000000000e+00
1.866303866462463645e+02,2.053913446133537661e+02,3.000000000000000000e+01,1.278691000000000104e-06,0.000000000000000000e+00
1.870723911167400502e+02,2.053909026088832661e+02,3.000000000000000000e+01,1.278661999999999939e-06,0.000000000000000000e+00
1.875034232198472921e+02,2.053904715767801576e+02,3.000000000000000000e+01,1.190769000000000093e-06,0.000000000000000000e+00
1.879270851663446535e+02,2.053900479148336444e+02,3.000000000000000000e+01,1.267268000000000095e-06,0.000000000000000000e+00
1.883063698736713718e+02,2.053896686301263230e+02,3.000000000000000000e+01,1.233361999999999924e-06,0.000000000000000000e+00
1.887492951725190835e+02,2.053892257048274814e+02,3.000000000000000000e+01,1.173030000000000016e-06,0.000000000000000000e+00
1.891801726780013553e+02,2.053887948273219877e+02,3.000000000000000000e+01,1.327295000000000054e-06,0.000000000000000000e+00
1.895883008083971220e+02,2.053883866991916136e+02,3.000000000000000000e+01,1.244844000000000079e-06,0.000000000000000000e+00
1.900190904119713480e+02,2.053879559095880438e+02,3.000000000000000000e+01,1.241554999999999923e-06,0.000000000000000000e+00
1.904389093159456934e+02,2.053875360906840513e+02,3.000000000000000000e+01,1.216089000000000005e-06,0.000000000000000000e+00
1.908267879284331912e+02,2.053871482120715655e+02,3.000000000000000000e+01,1.248029999999999933e-06,0.000000000000000000e+00
1.912662745655794936e+02,2.053867087254344312e+02,3.000000000000000000e+01,1.256222999999999932e-06,0.000000000000000000e+00
1.916516941161978878e+02,2.053863233058837920e+02,3.000000000000000000e+01,1.273306999999999928e-06,0.000000000000000000e+00
1.920905839080108706e+02,2.053858844160919830e+02,3.000000000000000000e+01,1.247476999999999915e-06,0.000000000000000000e+00
1.924902545280735922e+02,2.053854847454719277e+02,3.000000000000000000e+01,1.319057999999999899e-06,0.000000000000000000e+00
1.929129957394914072e+02,2.053850620042605044e+02,3.000000000000000000e+01,1.304651999999999922e-06,0.000000000000000000e+00
1.933464555510907132e+02,2.053846285444489013e+02,3.000000000000000000e+01,1.313673999999999935e-06,0.000000000000000000e+00
1.937378779514482119e+02,2.053842371220485461e+02,3.000000000000000000e+01,1.279214999999999957e-06,0.000000000000000000e+00
1.941680412944416787e+02,2.053838069587055486e+02,3.000000000000000000e+01,1.287772000000000052e-06,0.000000000000000000e+00
1.945988565020819010e+02,2.053833761434979124e+02,3.000000000000000000e+01,1.313703000000000100e-06,0.000000000000000000e+00
1.950070510897616884e+02,2.053829679489102489e+02,3.000000000000000000e+01,1.391730999999999957e-06,0.000000000000000000e+00
1.954241378170540884e+02,2.053825508621829385e+02,3.000000000000000000e+01,1.318011000000000009e-06,0.000000000000000000e+00
1.958397899363320676e+02,2.053821352100636659e+02,3.000000000000000000e+01,1.381980999999999966e-06,0.000000000000000000e+00
1.962332156828754535e+02,2.053817417843171143e+02,3.000000000000000000e+01,1.324951999999999965e-06,0.000000000000000000e+00
1.966788777655955869e+02,2.053812961222344029e+02,3.000000000000000000e+01,1.376901999999999950e-06,0.000000000000000000e+00
1.970857652951654018e+02,2.053808892347048243e+02,3.000000000000000000e+01,1.387524999999999899e-06,0.000000000000000000e+00
1.975018572355256481e+02,2.053804731427644867e+02,3.000000000000000000e+01,1.337800999999999950e-06,0.000000000000000000e+00
1.979258002219518460e+02,2.053800491997780568e+02,3.000000000000000000e+01,1.403706999999999984e-06,0.000000000000000000e+00
1.983605825633630957e+02,2.053796144174366418e+02,3.000000000000000000e+01,1.363544000000000103e-06,0.000000000000000000e+00
1.987757899821347962e+02,2.053791992100178732e+02,3.000000000000000000e+01,1.331515000000000075e-06,0.000000000000000000e+00
1.992020036836329666e+02,2.053787729963163713e+02,3.000000000000000000e+01,1.307314999999999951e-06,0.000000000000000000e+00
1.996099741465593524e+02,2.053783650258534408e+02,3.000000000000000000e+01,1.358013999999999921e-06,0.000000000000000000e+00
2.000448838317707896e+02,2.053779301161682440e+02,3.000000000000000000e+01,1.355802000000000059e-06,0.000000000000000000e+00
2.004689320982871550e+02,2.053775060679017201e+02,3.000000000000000000e+01,1.332169999999999944e-06,0.000000000000000000e+00
2.008799095729868895e+02,2.053770950904270194e+02,3.000000000000000000e+01,1.303807999999999918e-06,0.000000000000000000e+00
2.012964025933681569e+02,2.053766785974066238e+02,3.000000000000000000e+01,1.308130000000000001e-06,0.000000000000000000e+00
2.017185955830062483e+02,2.053762564044170063e+02,3.000000000000000000e+01,1.301160000000000092e-06,0.000000000000000000e+00
2.021266370130557561e+02,2.053758483629869431e+02,3.000000000000000000e+01,1.390683000000000039e-06,0.000000000000000000e+00
2.025573594132546873e+02,2.053754176405867611e+02,3.000000000000000000e+01,1.378342999999999917e-06,0.000000000000000000e+00
2.029619332285597864e+02,2.053750130667714302e+02,3.000000000000000000e+01,1.352338999999999971e-06,0.000000000000000000e+00
2.033729175205025683e+02,2.053746020824794982e+02,3.000000000000000000e+01,1.386826999999999902e-06,0.000000000000000000e+00
2.037846184903265510e+02,2.053741903815096634e+02,3.000000000000000000e+01,1.384090999999999976e-06,0.000000000000000000e+00
2.041894190092602344e+02,2.053737855809907558e+02,3.000000000000000000e+01,1.315173000000000020e-06,0.000000000000000000e+00
2.046203673806250265e+02,2.053733546326193675e+02,3.000000000000000000e+01,1.351698000000000064e-06,0.000000000000000000e+00
2.050284288045802441e+02,2.053729465711954276e+02,3.000000000000000000e+01,1.323714999999999912e-06,0.000000000000000000e+00
2.054501497807463863e+02,2.053725248502192642e+02,3.000000000000000000e+01,1.316526000000000099e-06,0.000000000000000000e+00
2.058789516471289573e+02,2.053720960483528870e+02,3.000000000000000000e+01,1.352512999999999903e-06,0.000000000000000000e+00
2.062531937754923206e+02,2.053717218062245138e+02,3.000000000000000000e+01,1.346794000000000009e-06,0.000000000000000000e+00
2.067017929588014908e+02,2.053712732070412130e+02,3.000000000000000000e+01,1.325447000000000076e-06,0.000000000000000000e+00
2.071257579595419998e+02,2.053708492420404639e+02,3.000000000000000000e+01,1.318024999999999972e-06,0.000000000000000000e+00
2.075677257293053231e+02,2.053704072742706899e+02,3.000000000000000000e+01,1.325985000000000104e-06,0.000000000000000000e+00
2.079982894860050919e+02,2.053699767105140097e+02,3.000000000000000000e+01,1.319990000000000003e-06,0.000000000000000000e+00
2.083856971781482912e+02,2.053695893028218507e+02,3.000000000000000000e+01,1.288645000000000009e-06,0.000000000000000000e+00
2.088010012313727657e+02,2.053691739987686162e+02,3.000000000000000000e+01,1.297216000000000067e-06,0.000000000000000000e+00
2.092449946554068845e+02,2.053687300053445881e+02,3.000000000000000000e+01,1.195280000000000099e-06,0.000000000000000000e+00
2.096441587354961484e+02,2.053683308412645090e+02,3.000000000000000000e+01,1.116349999999999908e-06,0.000000000000000000e+00
2.100681742400343524e+02,2.053679068257599738e+02,3.000000000000000000e+01,8.043570999999999996e-07,0.000000000000000000e+00
2.105142233880164042e+02,2.053674607766119777e+02,3.000000000000000000e+01,9.387585999999999739e-07,0.000000000000000000e+00
2.109063508362711161e+02,2.053670686491637412e+02,3.000000000000000000e+01,9.084760999999999805e-07,0.000000000000000000e+00
2.113215073986428933e+02,2.053666534926013583e+02,3.000000000000000000e+01,1.001375000000000005e-06,0.000000000000000000e+00
2.117191621627338520e+02,2.053662558378372580e+02,3.000000000000000000e+01,1.022722999999999966e-06,0.000000000000000000e+00
2.121471023712346380e+02,2.053658278976287761e+02,3.000000000000000000e+01,1.072155999999999929e-06,0.000000000000000000e+00
2.125711050792413630e+02,2.053654038949207745e+02,3.000000000000000000e+01,1.092674000000000061e-06,0.000000000000000000e+00
2.129826089928168358e+02,2.053649923910071777e+02,3.000000000000000000e+01,1.230422999999999900e-06,0.000000000000000000e+00
2.133981248435114537e+02,2.053645768751565015e+02,3.000000000000000000e+01,1.216248999999999974e-06,0.000000000000000000e+00
2.137856420005301175e+02,2.053641893579994644e+02,3.000000000000000000e+01,1.183027000000000049e-06,0.000000000000000000e+00
2.142309208458015632e+02,2.053637440791542019e+02,3.000000000000000000e+01,1.234642999999999920e-06,0.000000000000000000e+00
2.146635386354370496e+02,2.053633114613645603e+02,3.000000000000000000e+01,1.103734000000000002e-06,0.000000000000000000e+00
2.150537078299699658e+02,2.053629212921700287e+02,3.000000000000000000e+01,1.081091000000000082e-06,0.000000000000000000e+00
2.155022265205265626e+02,2.053624727734794817e+02,3.000000000000000000e+01,1.190332000000000100e-06,0.000000000000000000e+00
2.159014916252772878e+02,2.053620735083747206e+02,3.000000000000000000e+01,1.262421999999999947e-06,0.000000000000000000e+00
2.163055932428234485e+02,2.053616694067571871e+02,3.000000000000000000e+01,1.217674999999999950e-06,0.000000000000000000e+00
2.167266431101280091e+02,2.053612483568898881e+02,3.000000000000000000e+01,1.215972999999999979e-06,0.000000000000000000e+00
2.171443707106136856e+02,2.053608306292893815e+02,3.000000000000000000e+01,1.195686999999999899e-06,0.000000000000000000e+00
2.175656934707987489e+02,2.053604093065291920e+02,3.000000000000000000e+01,1.173990000000000046e-06,0.000000000000000000e+00
2.179953331865987991e+02,2.053599796668134161e+02,3.000000000000000000e+01,1.240871000000000100e-06,0.000000000000000000e+00
2.184384090036313637e+02,2.053595365909963846e+02,3.000000000000000000e+01,8.990463999999999579e-07,0.000000000000000000e+00
2.188537408506375073e+02,2.053591212591493615e+02,3.000000000000000000e+01,1.241845999999999909e-06,0.000000000000000000e+00
2.192434657110708827e+02,2.053587315342889212e+02,3.000000000000000000e+01,1.227599999999999902e-06,0.000000000000000000e+00
2.196733598164429111e+02,2.053583016401835550e+02,3.000000000000000000e+01,1.239022999999999911e-06,0.000000000000000000e+00
2.201039670839496125e+02,2.053578710329160515e+02,3.000000000000000000e+01,1.294057999999999927e-06,0.000000000000000000e+00
2.205384070841384698e+02,2.053574365929158603e+02,3.000000000000000000e+01,1.328430000000000044e-06,0.000000000000000000e+00
2.209427039961831554e+02,2.053570322960038084e+02,3.000000000000000000e+01,1.262145999999999952e-06,0.000000000000000000e+00
2.213605670448245633e+02,2.053566144329551832e+02,3.000000000000000000e+01,1.249660000000000034e-06,0.000000000000000000e+00
2.217814636486738777e+02,2.053561935363513271e+02,3.000000000000000000e+01,1.249908000000000104e-06,0.000000000000000000e+00
2.221833980175572378e+02,2.053557916019824461e+02,3.000000000000000000e+01,1.266744000000000030e-06,0.000000000000000000e+00
2.226199904768927240e+02,2.053553550095231230e+02,3.000000000000000000e+01,1.247884999999999954e-06,0.000000000000000000e+00
2.230278071797184793e+02,2.053549471928202763e+02,3.000000000000000000e+01,1.228283999999999936e-06,0.000000000000000000e+00
2.234494231123598524e+02,2.053545255768876530e+02,3.000000000000000000e+01,1.295061999999999901e-06,0.000000000000000000e+00
2.238373844092451179e+02,2.053541376155907585e+02,3.000000000000000000e+01,1.243096999999999925e-06,0.000000000000000000e+00
2.242527053193733479e+02,2.053537222946806367e+02,3.000000000000000000e+01,1.274732999999999904e-06,0.000000000000000000e+00
2.246679847369885863e+02,2.053533070152630273e+02,3.000000000000000000e+01,1.262843999999999949e-06,0.000000000000000000e+00
2.250914733706057120e+02,2.053528835266293981e+02,3.000000000000000000e+01,1.276711999999999898e-06,0.000000000000000000e+00
2.255244638549584124e+02,2.053524505361450565e+02,3.000000000000000000e+01,1.234642999999999920e-06,0.000000000000000000e+00
2.259303012438680867e+02,2.053520446987561456e+02,3.000000000000000000e+01,1.218387999999999938e-06,0.000000000000000000e+00
2.263580798532654796e+02,2.053516169201467392e+02,3.000000000000000000e+01,1.230640999999999988e-06,0.000000000000000000e+00
2.267731511679168932e+02,2.053512018488320905e+02,3.000000000000000000e+01,1.355103000000000034e-06,0.000000000000000000e+00
2.271995761093038482e+02,2.053507754238906955e+02,3.000000000000000000e+01,1.363674999999999908e-06,0.000000000000000000e+00
2.276076559453492791e+02,2.053503673440546606e+02,3.000000000000000000e+01,1.355743999999999941e-06,0.000000000000000000e+00
2.280383095241813294e+02,2.053499366904758290e+02,3.000000000000000000e+01,1.367123000000000006e-06,0.000000000000000000e+00
2.284620092205258288e+02,2.053495129907794876e+02,3.000000000000000000e+01,1.285137999999999977e-06,0.000000000000000000e+00
2.288771393238776852e+02,2.053490978606761246e+02,3.000000000000000000e+01,1.267734000000000041e-06,0.000000000000000000e+00
2.292932145300712818e+02,2.053486817854699211e+02,3.000000000000000000e+01,1.339184000000000009e-06,0.000000000000000000e+00
2.297162373229814989e+02,2.053482587626770339e+02,3.000000000000000000e+01,1.400170999999999998e-06,0.000000000000000000e+00
2.301348339147582749e+02,2.053478401660852342e+02,3.000000000000000000e+01,1.469801999999999942e-06,0.000000000000000000e+00
2.305549275634976141e+02,2.053474200724365062e+02,3.000000000000000000e+01,1.465640000000000040e-06,0.000000000000000000e+00
2.309823984745142980e+02,2.053469926015254998e+02,3.000000000000000000e+01,1.500985999999999938e-06,0.000000000000000000e+00
2.313699518074588752e+02,2.053466050481925436e+02,3.000000000000000000e+01,1.480089999999999961e-06,0.000000000000000000e+00
2.317819986209923968e+02,2.053461930013790209e+02,3.000000000000000000e+01,1.386360999999999956e-06,0.000000000000000000e+00
2.321870780677928678e+02,2.053457879219322137e+02,3.000000000000000000e+01,1.547857999999999936e-06,0.000000000000000000e+00
2.326296292499343963e+02,2.053453453707500671e+02,3.000000000000000000e+01,1.495137000000000056e-06,0.000000000000000000e+00
2.330283412231499938e+02,2.053449466587768484e+02,3.000000000000000000e+01,1.449240000000000078e-06,0.000000000000000000e+00
2.334520643683293883e+02,2.053445229356316588e+02,3.000000000000000000e+01,1.424311999999999976e-06,0.000000000000000000e+00
2.338901197181859004e+02,2.053440848802818266e+02,3.000000000000000000e+01,1.478532999999999969e-06,0.000000000000000000e+00
2.342774711399490855e+02,2.053436975288600479e+02,3.000000000000000000e+01,1.512103999999999999e-06,0.000000000000000000e+00
2.347030332399644124e+02,2.053432719667600281e+02,3.000000000000000000e+01,1.521023999999999949e-06,0.000000000000000000e+00
2.351336661465192037e+02,2.053428413338534710e+02,3.000000000000000000e+01,1.481515999999999937e-06,0.000000000000000000e+00
2.355415927498264921e+02,2.053424334072501836e+02,3.000000000000000000e+01,1.547494000000000053e-06,0.000000000000000000e+00
2.359662724321688074e+02,2.053420087275678441e+02,3.000000000000000000e+01,1.584382999999999980e-06,0.000000000000000000e+00
2.363819254454369627e+02,2.053415930745545666e+02,3.000000000000000000e+01,1.569423999999999985e-06,0.000000000000000000e+00
2.367694999456092262e+02,2.053412055000544001e+02,3.000000000000000000e+01,1.525652000000000009e-06,0.000000000000000000e+00
2.372162933726472431e+02,2.053407587066273550e+02,3.000000000000000000e+01,1.525986999999999938e-06,0.000000000000000000e+00
2.376402863877478069e+02,2.053403347136122647e+02,3.000000000000000000e+01,1.416162999999999921e-06,0.000000000000000000e+00
2.380391787491113860e+02,2.053399358212508901e+02,3.000000000000000000e+01,1.475432999999999948e-06,0.000000000000000000e+00
2.384867469684840842e+02,2.053394882530315044e+02,3.000000000000000000e+01,1.449385000000000058e-06,0.000000000000000000e+00
2.389023460886344310e+02,2.053390726539113587e+02,3.000000000000000000e+01,1.464898000000000099e-06,0.000000000000000000e+00
2.393181756352744856e+02,2.053386568243647332e+02,3.000000000000000000e+01,1.635752000000000022e-06,0.000000000000000000e+00
2.397591148295200867e+02,2.053382158851704844e+02,3.000000000000000000e+01,1.604669000000000060e-06,0.000000000000000000e+00
2.401444908348368870e+02,2.053378305091651725e+02,3.000000000000000000e+01,1.637803999999999913e-06,0.000000000000000000e+00
2.405829807898089143e+02,2.053373920192101991e+02,3.000000000000000000e+01,1.624838000000000087e-06,0.000000000000000000e+00
2.410266874494056140e+02,2.053369483125505894e+02,3.000000000000000000e+01,1.642721999999999931e-06,0.000000000000000000e+00
2.414231825339658997e+02,2.053365518174660451e+02,3.000000000000000000e+01,1.680877000000000077e-06,0.000000000000000000e+00
2.418385936900362765e+02,2.053361364063099757e+02,3.000000000000000000e+01,1.763007999999999901e-06,0.000000000000000000e+00
2.422322513322863244e+02,2.053357427486677125e+02,3.000000000000000000e+01,1.673353999999999937e-06,0.000000000000000000e+00
2.426613360105831987e+02,2.053353136639894103e+02,3.000000000000000000e+01,1.774008999999999908e-06,0.000000000000000000e+00
2.430845905756431193e+02,2.053348904094243608e+02,3.000000000000000000e+01,1.728462000000000062e-06,0.000000000000000000e+00
2.435003685461603595e+02,2.053344746314538440e+02,3.000000000000000000e+01,1.841414000000000027e-06,0.000000000000000000e+00
2.439158312554934014e+02,2.053340591687445169e+02,3.000000000000000000e+01,1.839870999999999998e-06,0.000000000000000000e+00
2.443035433053435668e+02,2.053336714566946455e+02,3.000000000000000000e+01,1.851934999999999913e-06,0.000000000000000000e+00
2.447246156170978679e+02,2.053332503843828931e+02,3.000000000000000000e+01,1.777167000000000048e-06,0.000000000000000000e+00
2.451421442964494304e+02,2.053328328557035434e+02,3.000000000000000000e+01,1.856621000000000092e-06,0.000000000000000000e+00
2.455693186822204837e+02,2.053324056813177947e+02,3.000000000000000000e+01,1.828259000000000066e-06,0.000000000000000000e+00
2.459935560305343643e+02,2.053319814439694539e+02,3.000000000000000000e+01,1.833803000000000000e-06,0.000000000000000000e+00
2.464364438667267905e+02,2.053315385561332675e+02,3.000000000000000000e+01,1.805339999999999939e-06,0.000000000000000000e+00
2.468415397232824375e+02,2.053311334602767317e+02,3.000000000000000000e+01,1.920866999999999832e-06,0.000000000000000000e+00
2.472416168411008073e+02,2.053307333831589006e+02,3.000000000000000000e+01,1.859167000000000067e-06,0.000000000000000000e+00
2.476720686584255020e+02,2.053303029313415777e+02,3.000000000000000000e+01,1.901483999999999903e-06,0.000000000000000000e+00
2.481027458367851466e+02,2.053298722541632060e+02,3.000000000000000000e+01,1.879642000000000070e-06,0.000000000000000000e+00
2.485106881377545562e+02,2.053294643118622389e+02,3.000000000000000000e+01,1.761145999999999960e-06,0.000000000000000000e+00
2.489283329753227179e+02,2.053290466670246701e+02,3.000000000000000000e+01,1.834966999999999943e-06,0.000000000000000000e+00
2.493711031844568140e+02,2.053286038968155367e+02,3.000000000000000000e+01,1.912253000000000070e-06,0.000000000000000000e+00
2.497799916082581149e+02,2.053281950083917309e+02,3.000000000000000000e+01,1.882319000000000062e-06,0.000000000000000000e+00
2.501819780109258033e+02,2.053277930219890663e+02,3.000000000000000000e+01,1.912950999999999856e-06,0.000000000000000000e+00
2.506186100479278025e+02,2.053273563899520866e+02,3.000000000000000000e+01,1.879904000000000103e-06,0.000000000000000000e+00
2.510265571946564762e+02,2.053269484428053318e+02,3.000000000000000000e+01,1.897599000000000024e-06,0.000000000000000000e+00
2.514480005979802399e+02,2.053265269994020343e+02,3.000000000000000000e+01,1.962572999999999954e-06,0.000000000000000000e+00
2.518516987580810280e+02,2.053261233012419211e+02,3.000000000000000000e+01,1.812251999999999941e-06,0.000000000000000000e+00
2.522507679762504438e+02,2.053257242320237594e+02,3.000000000000000000e+01,1.939567000000000178e-06,0.000000000000000000e+00
2.526810724999999991e+02,2.053252939275000131e+02,3.000000000000000000e+01,1.912106999999999852e-06,0.000000000000000000e+00
2.530890187278523626e+02,2.053248859812721605e+02,3.000000000000000000e+01,1.874025000000000027e-06,0.000000000000000000e+00
2.535209139568476076e+02,2.053244540860431471e+02,3.000000000000000000e+01,1.862950999999999911e-06,0.000000000000000000e+00
2.539537508540529132e+02,2.053240212491459431e+02,3.000000000000000000e+01,1.886307000000000031e-06,0.000000000000000000e+00
2.543417990744029566e+02,2.053236332009255989e+02,3.000000000000000000e+01,1.899840000000000050e-06,0.000000000000000000e+00
2.547573466451082993e+02,2.053232176533549023e+02,3.000000000000000000e+01,1.907305000000000071e-06,0.000000000000000000e+00
2.552056006698473141e+02,2.053227693993301557e+02,3.000000000000000000e+01,1.898209999999999949e-06,0.000000000000000000e+00
2.555946307039687895e+02,2.053223803692960416e+02,3.000000000000000000e+01,1.942360999999999799e-06,0.000000000000000000e+00
2.560280854277398817e+02,2.053219469145722655e+02,3.000000000000000000e+01,1.964640000000000048e-06,0.000000000000000000e+00
2.564334807078417953e+02,2.053215415192921682e+02,3.000000000000000000e+01,1.922570000000000043e-06,0.000000000000000000e+00
2.568505699048164388e+02,2.053211244300951819e+02,3.000000000000000000e+01,1.961133000000000015e-06,0.000000000000000000e+00
2.572770142677657645e+02,2.053206979857322381e+02,3.000000000000000000e+01,1.851295000000000035e-06,0.000000000000000000e+00
2.577027779644770362e+02,2.053202722220355270e+02,3.000000000000000000e+01,1.918101999999999953e-06,0.000000000000000000e+00
2.581109500741704323e+02,2.053198640499258261e+02,3.000000000000000000e+01,1.857580999999999910e-06,0.000000000000000000e+00
2.585416285779965619e+02,2.053194333714220079e+02,3.000000000000000000e+01,1.807639000000000084e-06,0.000000000000000000e+00
2.589664271890158602e+02,2.053190085728109864e+02,3.000000000000000000e+01,1.874956000000000103e-06,0.000000000000000000e+00
2.593937741354961872e+02,2.053185812258645058e+02,3.000000000000000000e+01,1.716790999999999984e-06,0.000000000000000000e+00
2.598116040632386898e+02,2.053181633959367502e+02,3.000000000000000000e+01,1.878346999999999899e-06,0.000000000000000000e+00
2.602162567484912188e+02,2.053177587432515168e+02,3.000000000000000000e+01,1.794192999999999925e-06,0.000000000000000000e+00
2.606504546767582156e+02,2.053173245453232312e+02,3.000000000000000000e+01,1.894527999999999956e-06,0.000000000000000000e+00
2.610745776355287262e+02,2.053169004223644833e+02,3.000000000000000000e+01,1.848820999999999929e-06,0.000000000000000000e+00
2.614872065629390363e+02,2.053164877934370622e+02,3.000000000000000000e+01,1.844731999999999925e-06,0.000000000000000000e+00
2.619030320714608138e+02,2.053160719679285364e+02,3.000000000000000000e+01,1.821579999999999930e-06,0.000000000000000000e+00
2.622908055914548413e+02,2.053156841944085613e+02,3.000000000000000000e+01,1.818087000000000072e-06,0.000000000000000000e+00
2.627140572890913290e+02,2.053152609427109212e+02,3.000000000000000000e+01,1.792038999999999971e-06,0.000000000000000000e+00
2.631328806393257196e+02,2.053148421193606907e+02,3.000000000000000000e+01,1.782463999999999939e-06,0.000000000000000000e+00
2.635581951009112913e+02,2.053144168048990821e+02,3.000000000000000000e+01,1.752342000000000035e-06,0.000000000000000000e+00
2.639819370152671922e+02,2.053139930629847356e+02,3.000000000000000000e+01,1.759836000000000010e-06,0.000000000000000000e+00
2.643674272303655357e+02,2.053136075727696266e+02,3.000000000000000000e+01,1.629319999999999928e-06,0.000000000000000000e+00
2.648044263969464964e+02,2.053131705736030597e+02,3.000000000000000000e+01,1.629800000000000049e-06,0.000000000000000000e+00
2.652071945141073002e+02,2.053127678054858904e+02,3.000000000000000000e+01,1.597582000000000097e-06,0.000000000000000000e+00
2.656264065917603148e+02,2.053123485934082453e+02,3.000000000000000000e+01,1.685489999999999934e-06,0.000000000000000000e+00
2.660683180880918144e+02,2.053119066819119212e+02,3.000000000000000000e+01,1.561667999999999978e-06,0.000000000000000000e+00
2.664743979750942344e+02,2.053115006020249211e+02,3.000000000000000000e+01,1.635737000000000031e-06,0.000000000000000000e+00
2.668865389773902166e+02,2.053110884610226208e+02,3.000000000000000000e+01,1.411913999999999947e-06,0.000000000000000000e+00
2.673020865480955877e+02,2.053106729134518957e+02,3.000000000000000000e+01,1.521810000000000046e-06,0.000000000000000000e+00
2.677232867071477926e+02,2.053102517132928426e+02,3.000000000000000000e+01,1.574109999999999952e-06,0.000000000000000000e+00
2.681693581449939074e+02,2.053098056418550073e+02,3.000000000000000000e+01,1.519030999999999992e-06,0.000000000000000000e+00
2.685683565275888895e+02,2.053094066434724141e+02,3.000000000000000000e+01,1.413806000000000080e-06,0.000000000000000000e+00
2.690155450798056904e+02,2.053089594549201991e+02,3.000000000000000000e+01,1.434979000000000081e-06,0.000000000000000000e+00
2.694342630519256545e+02,2.053085407369480890e+02,3.000000000000000000e+01,1.486986999999999973e-06,0.000000000000000000e+00
2.698393290355208478e+02,2.053081356709644751e+02,3.000000000000000000e+01,1.496067999999999920e-06,0.000000000000000000e+00
2.702393831632365391e+02,2.053077356168367658e+02,3.000000000000000000e+01,1.423847000000000057e-06,0.000000000000000000e+00
2.706700586515148643e+02,2.053073049413484910e+02,3.000000000000000000e+01,1.276203000000000036e-06,0.000000000000000000e+00
2.710777789716120196e+02,2.053068972210283789e+02,3.000000000000000000e+01,1.312131999999999934e-06,0.000000000000000000e+00
2.715095500694196176e+02,2.053064654499305846e+02,3.000000000000000000e+01,1.351886999999999988e-06,0.000000000000000000e+00
2.719168533691880612e+02,2.053060581466308179e+02,3.000000000000000000e+01,1.374865000000000049e-06,0.000000000000000000e+00
2.723136432793490371e+02,2.053056613567206625e+02,3.000000000000000000e+01,1.343839999999999995e-06,0.000000000000000000e+00
2.727554801986510711e+02,2.053052195198013408e+02,3.000000000000000000e+01,1.324501000000000009e-06,0.000000000000000000e+00
2.731550169522900546e+02,2.053048199830477074e+02,3.000000000000000000e+01,1.332373000000000042e-06,0.000000000000000000e+00
2.735943253904708286e+02,2.053043806746095186e+02,3.000000000000000000e+01,1.398570000000000062e-06,0.000000000000000000e+00
2.739797727501029954e+02,2.053039952272498851e+02,3.000000000000000000e+01,1.361492000000000000e-06,0.000000000000000000e+00
2.744186037713043902e+02,2.053035563962286858e+02,3.000000000000000000e+01,1.373162000000000051e-06,0.000000000000000000e+00
2.748257360070612663e+02,2.053031492639929354e+02,3.000000000000000000e+01,1.298366000000000047e-06,0.000000000000000000e+00
2.752267984888638352e+02,2.053027482015111502e+02,3.000000000000000000e+01,1.254724000000000059e-06,0.000000000000000000e+00
2.756579267855128705e+02,2.053023170732144820e+02,3.000000000000000000e+01,1.262421999999999947e-06,0.000000000000000000e+00
2.760812188199745378e+02,2.053018937811800413e+02,3.000000000000000000e+01,1.249486000000000102e-06,0.000000000000000000e+00
2.764960570604607142e+02,2.053014789429395535e+02,3.000000000000000000e+01,1.335371000000000000e-06,0.000000000000000000e+00
2.769202001994322586e+02,2.053010547998005677e+02,3.000000000000000000e+01,1.280976000000000075e-06,0.000000000000000000e+00
2.773354007546842581e+02,2.053006395992453292e+02,3.000000000000000000e+01,1.379405000000000009e-06,0.000000000000000000e+00
2.777426793826188600e+02,2.053002323206173969e+02,3.000000000000000000e+01,1.352964000000000071e-06,0.000000000000000000e+00
2.781742477985729920e+02,2.052998007522014348e+02,3.000000000000000000e+01,1.378429999999999989e-06,0.000000000000000000e+00
2.786049255623508998e+02,2.052993700744376611e+02,3.000000000000000000e+01,1.350869000000000051e-06,0.000000000000000000e+00
2.790394038570542534e+02,2.052989355961429396e+02,3.000000000000000000e+01,1.277149000000000103e-06,0.000000000000000000e+00
2.794631517526658513e+02,2.052985118482473297e+02,3.000000000000000000e+01,1.193766000000000024e-06,0.000000000000000000e+00
2.798744493886491114e+02,2.052981005506113661e+02,3.000000000000000000e+01,1.313616000000000028e-06,0.000000000000000000e+00
2.802895900336628756e+02,2.052976854099663342e+02,3.000000000000000000e+01,1.285254000000000002e-06,0.000000000000000000e+00
2.807128397753248237e+02,2.052972621602246761e+02,3.000000000000000000e+01,1.256456000000000011e-06,0.000000000000000000e+00
2.811078719034327946e+02,2.052968671280965793e+02,3.000000000000000000e+01,1.212247000000000042e-06,0.000000000000000000e+00
2.815516903888442926e+02,2.052964233096111570e+02,3.000000000000000000e+01,1.219522999999999928e-06,0.000000000000000000e+00
2.819787250170965081e+02,2.052959962749829117e+02,3.000000000000000000e+01,1.178792000000000038e-06,0.000000000000000000e+00
2.823664940737402844e+02,2.052956085059262534e+02,3.000000000000000000e+01,1.183957999999999914e-06,0.000000000000000000e+00
2.827788328153255861e+02,2.052951961671846846e+02,3.000000000000000000e+01,1.235923000000000101e-06,0.000000000000000000e+00
2.831843923126301092e+02,2.052947906076873608e+02,3.000000000000000000e+01,1.224646000000000099e-06,0.000000000000000000e+00
2.836155211832318059e+02,2.052943594788167729e+02,3.000000000000000000e+01,1.192703999999999931e-06,0.000000000000000000e+00
2.840423468723536189e+02,2.052939326531276549e+02,3.000000000000000000e+01,1.174863000000000003e-06,0.000000000000000000e+00
2.844442267790500409e+02,2.052935307732209651e+02,3.000000000000000000e+01,1.239358000000000052e-06,0.000000000000000000e+00
2.848594949336019226e+02,2.052931155050663961e+02,3.000000000000000000e+01,1.226303999999999914e-06,0.000000000000000000e+00
2.852477444793448171e+02,2.052927272555206457e+02,3.000000000000000000e+01,1.350738000000000035e-06,0.000000000000000000e+00
2.856962857483658240e+02,2.052922787142516370e+02,3.000000000000000000e+01,1.242719000000000078e-06,0.000000000000000000e+00
2.861200239375939418e+02,2.052918549760624103e+02,3.000000000000000000e+01,1.331107000000000036e-06,0.000000000000000000e+00
2.865575143955629187e+02,2.052914174856044269e+02,3.000000000000000000e+01,1.305976000000000047e-06,0.000000000000000000e+00
2.869425136771792495e+02,2.052910324863228198e+02,3.000000000000000000e+01,1.330029999999999953e-06,0.000000000000000000e+00
2.873794471206298340e+02,2.052905955528793811e+02,3.000000000000000000e+01,1.345033999999999919e-06,0.000000000000000000e+00
2.877947167535187418e+02,2.052901802832464853e+02,3.000000000000000000e+01,1.336186000000000051e-06,0.000000000000000000e+00
2.882174844326856373e+02,2.052897575155673167e+02,3.000000000000000000e+01,1.257881999999999987e-06,0.000000000000000000e+00
2.886252067539903123e+02,2.052893497932460036e+02,3.000000000000000000e+01,1.237290999999999958e-06,0.000000000000000000e+00
2.890612189398348733e+02,2.052889137810601596e+02,3.000000000000000000e+01,1.335137999999999921e-06,0.000000000000000000e+00
2.894849663150361039e+02,2.052884900336849796e+02,3.000000000000000000e+01,1.256630999999999972e-06,0.000000000000000000e+00
2.898942776370575984e+02,2.052880807223629347e+02,3.000000000000000000e+01,1.272157999999999975e-06,0.000000000000000000e+00
2.903143843761762355e+02,2.052876606156238211e+02,3.000000000000000000e+01,1.294815000000000070e-06,0.000000000000000000e+00
2.907335807629415854e+02,2.052872414192370627e+02,3.000000000000000000e+01,1.204782000000000021e-06,0.000000000000000000e+00
2.911507794075782272e+02,2.052868242205924219e+02,3.000000000000000000e+01,1.166656000000000041e-06,0.000000000000000000e+00
2.915726587790331905e+02,2.052864023412209633e+02,3.000000000000000000e+01,1.180873000000000095e-06,0.000000000000000000e+00
2.919786671056084515e+02,2.052859963328943991e+02,3.000000000000000000e+01,1.288120999999999944e-06,0.000000000000000000e+00
2.923918442918864571e+02,2.052855831557081103e+02,3.000000000000000000e+01,1.339794999999999935e-06,0.000000000000000000e+00
2.928013964321668254e+02,2.052851736035678414e+02,3.000000000000000000e+01,1.311797000000000004e-06,0.000000000000000000e+00
2.932046760893515511e+02,2.052847703239106636e+02,3.000000000000000000e+01,1.325767000000000016e-06,0.000000000000000000e+00
2.936488881395072212e+02,2.052843261118605085e+02,3.000000000000000000e+01,1.297128999999999994e-06,0.000000000000000000e+00
2.940432993442054226e+02,2.052839317006557849e+02,3.000000000000000000e+01,1.327483999999999977e-06,0.000000000000000000e+00
2.944681858297770987e+02,2.052835068141702379e+02,3.000000000000000000e+01,1.328386000000000100e-06,0.000000000000000000e+00
2.949115119145439508e+02,2.052830634880854461e+02,3.000000000000000000e+01,1.296386000000000025e-06,0.000000000000000000e+00
2.952992822774744468e+02,2.052826757177225261e+02,3.000000000000000000e+01,1.285807000000000020e-06,0.000000000000000000e+00
2.957209967175572842e+02,2.052822540032824463e+02,3.000000000000000000e+01,1.287073000000000027e-06,0.000000000000000000e+00
2.961514441742751274e+02,2.052818235558257243e+02,3.000000000000000000e+01,1.292471999999999981e-06,0.000000000000000000e+00
2.965596192995163847e+02,2.052814153807004800e+02,3.000000000000000000e+01,1.334047000000000087e-06,0.000000000000000000e+00
2.969881317048346432e+02,2.052809868682951731e+02,3.000000000000000000e+01,1.265404999999999915e-06,0.000000000000000000e+00
2.974034076496938610e+02,2.052805715923502987e+02,3.000000000000000000e+01,1.320834000000000007e-06,0.000000000000000000e+00
2.978289179987421562e+02,2.052801460820012664e+02,3.000000000000000000e+01,1.320805000000000054e-06,0.000000000000000000e+00
2.982143607095766811e+02,2.052797606392904299e+02,3.000000000000000000e+01,1.290013000000000078e-06,0.000000000000000000e+00
2.986600396001812783e+02,2.052793149603998302e+02,3.000000000000000000e+01,1.344902999999999903e-06,0.000000000000000000e+00
2.990988934839842841e+02,2.052788761065160088e+02,3.000000000000000000e+01,1.295397000000000042e-06,0.000000000000000000e+00
2.995297963748346319e+02,2.052784452036251537e+02,3.000000000000000000e+01,1.328823000000000093e-06,0.000000000000000000e+00
2.999315183587394813e+02,2.052780434816412765e+02,3.000000000000000000e+01,1.368839999999999967e-06,0.000000000000000000e+00
3.003391787186895385e+02,2.052776358212813079e+02,3.000000000000000000e+01,1.353095000000000087e-06,0.000000000000000000e+00
3.007763667366412506e+02,2.052771986332633674e+02,3.000000000000000000e+01,1.425868999999999968e-06,0.000000000000000000e+00
3.011777404136549308e+02,2.052767972595863455e+02,3.000000000000000000e+01,1.409541999999999904e-06,0.000000000000000000e+00
3.016017358557182888e+02,2.052763732641442971e+02,3.000000000000000000e+01,1.384366999999999971e-06,0.000000000000000000e+00
3.020002315246069884e+02,2.052759747684754075e+02,3.000000000000000000e+01,1.331776999999999895e-06,0.000000000000000000e+00
3.024435782039864193e+02,2.052755314217960176e+02,3.000000000000000000e+01,1.296720999999999955e-06,0.000000000000000000e+00
3.028388282657066952e+02,2.052751361717342888e+02,3.000000000000000000e+01,1.310342000000000074e-06,0.000000000000000000e+00
3.032467037228940967e+02,2.052747282962771180e+02,3.000000000000000000e+01,1.259584999999999986e-06,0.000000000000000000e+00
3.036776788792262209e+02,2.052742973211207698e+02,3.000000000000000000e+01,1.188222000000000090e-06,0.000000000000000000e+00
3.040858540044674783e+02,2.052738891459955255e+02,3.000000000000000000e+01,1.337612000000000027e-06,0.000000000000000000e+00
3.045163020901737241e+02,2.052734586979098310e+02,3.000000000000000000e+01,1.417604000000000099e-06,0.000000000000000000e+00
3.049169247567928664e+02,2.052730580752431990e+02,3.000000000000000000e+01,1.352571000000000022e-06,0.000000000000000000e+00
3.053232461853265818e+02,2.052726517538146709e+02,3.000000000000000000e+01,1.322507000000000025e-06,0.000000000000000000e+00
3.057410548684695755e+02,2.052722339451315463e+02,3.000000000000000000e+01,1.351814999999999906e-06,0.000000000000000000e+00
3.061889038020945009e+02,2.052717860961979000e+02,3.000000000000000000e+01,1.360094999999999977e-06,0.000000000000000000e+00
3.065878902569240267e+02,2.052713871097430740e+02,3.000000000000000000e+01,1.362611999999999999e-06,0.000000000000000000e+00
3.070118832720246473e+02,2.052709631167279838e+02,3.000000000000000000e+01,1.267850000000000067e-06,0.000000000000000000e+00
3.074562518175312107e+02,2.052705187481824680e+02,3.000000000000000000e+01,1.365101000000000095e-06,0.000000000000000000e+00
3.078591222328244044e+02,2.052701158777671822e+02,3.000000000000000000e+01,1.326451000000000050e-06,0.000000000000000000e+00
3.082589934985584819e+02,2.052697160065014543e+02,3.000000000000000000e+01,1.301727000000000073e-06,0.000000000000000000e+00
3.086879417053724524e+02,2.052692870582946227e+02,3.000000000000000000e+01,1.352949999999999896e-06,0.000000000000000000e+00
3.091308477740404328e+02,2.052688441522259666e+02,3.000000000000000000e+01,1.232794999999999943e-06,0.000000000000000000e+00
3.095293346419199452e+02,2.052684456653580867e+02,3.000000000000000000e+01,1.240390999999999980e-06,0.000000000000000000e+00
3.099530827777380182e+02,2.052680219172222564e+02,3.000000000000000000e+01,1.338616000000000001e-06,0.000000000000000000e+00
3.103909169180206504e+02,2.052675840830819709e+02,3.000000000000000000e+01,1.263964999999999976e-06,0.000000000000000000e+00
3.107780997372881302e+02,2.052671969002627179e+02,3.000000000000000000e+01,1.245979000000000069e-06,0.000000000000000000e+00
3.112038805781501196e+02,2.052667711194218612e+02,3.000000000000000000e+01,1.254026000000000062e-06,0.000000000000000000e+00
3.116235840022264938e+02,2.052663514159977751e+02,3.000000000000000000e+01,1.292690000000000070e-06,0.000000000000000000e+00
3.120427686918806103e+02,2.052659322313081134e+02,3.000000000000000000e+01,1.276087000000000010e-06,0.000000000000000000e+00
3.124678151753386146e+02,2.052655071848246564e+02,3.000000000000000000e+01,1.334804000000000019e-06,0.000000000000000000e+00
3.128558621697988542e+02,2.052651191378301974e+02,3.000000000000000000e+01,1.307154999999999981e-06,0.000000000000000000e+00
3.132714091730280188e+02,2.052647035908269686e+02,3.000000000000000000e+01,1.320178999999999926e-06,0.000000000000000000e+00
3.136984187482108268e+02,2.052642765812517780e+02,3.000000000000000000e+01,1.334745000000000085e-06,0.000000000000000000e+00
3.141063675895122742e+02,2.052638686324104924e+02,3.000000000000000000e+01,1.402062000000000104e-06,0.000000000000000000e+00
3.145409976173095856e+02,2.052634340023826951e+02,3.000000000000000000e+01,1.426858999999999979e-06,0.000000000000000000e+00
3.149452139694656694e+02,2.052630297860305291e+02,3.000000000000000000e+01,1.426305999999999961e-06,0.000000000000000000e+00
3.153485850918440292e+02,2.052626264149081692e+02,3.000000000000000000e+01,1.410852000000000066e-06,0.000000000000000000e+00
3.157913597349519250e+02,2.052621836402650501e+02,3.000000000000000000e+01,1.356747999999999914e-06,0.000000000000000000e+00
3.162147381184124697e+02,2.052617602618815908e+02,3.000000000000000000e+01,1.444743000000000035e-06,0.000000000000000000e+00
3.166102051060378244e+02,2.052613647948939786e+02,3.000000000000000000e+01,1.441644000000000041e-06,0.000000000000000000e+00
3.170535894966494084e+02,2.052609214105033573e+02,3.000000000000000000e+01,1.402294999999999971e-06,0.000000000000000000e+00
3.174576908494954637e+02,2.052605173091505151e+02,3.000000000000000000e+01,1.379288999999999984e-06,0.000000000000000000e+00
3.178685372788718837e+02,2.052601064627211258e+02,3.000000000000000000e+01,1.325621000000000009e-06,0.000000000000000000e+00
3.182840848495772548e+02,2.052596909151504292e+02,3.000000000000000000e+01,1.383756000000000046e-06,0.000000000000000000e+00
3.187294197514253824e+02,2.052592455802485745e+02,3.000000000000000000e+01,1.383305000000000091e-06,0.000000000000000000e+00
3.191619626995142198e+02,2.052588130373004844e+02,3.000000000000000000e+01,1.318606999999999944e-06,0.000000000000000000e+00
3.195576656357516185e+02,2.052584173343642533e+02,3.000000000000000000e+01,1.297579999999999950e-06,0.000000000000000000e+00
3.200008114213836734e+02,2.052579741885786291e+02,3.000000000000000000e+01,1.418521000000000000e-06,0.000000000000000000e+00
3.204165415033926934e+02,2.052575584584966180e+02,3.000000000000000000e+01,1.358087000000000030e-06,0.000000000000000000e+00
3.208236278365419025e+02,2.052571513721634631e+02,3.000000000000000000e+01,1.372857000000000102e-06,0.000000000000000000e+00
3.212251093769382351e+02,2.052567498906230696e+02,3.000000000000000000e+01,1.432330000000000015e-06,0.000000000000000000e+00
3.216713637233712575e+02,2.052563036362766411e+02,3.000000000000000000e+01,1.429987999999999953e-06,0.000000000000000000e+00
3.220637285482541756e+02,2.052559112714517369e+02,3.000000000000000000e+01,1.336623000000000044e-06,0.000000000000000000e+00
3.224931653934847873e+02,2.052554818346065133e+02,3.000000000000000000e+01,1.155959999999999983e-06,0.000000000000000000e+00
3.229023557988332414e+02,2.052550726442011637e+02,3.000000000000000000e+01,1.281136000000000044e-06,0.000000000000000000e+00
3.233165781969989894e+02,2.052546584218030148e+02,3.000000000000000000e+01,1.318418000000000020e-06,0.000000000000000000e+00
3.237400709253560649e+02,2.052542349290746415e+02,3.000000000000000000e+01,1.413966000000000050e-06,0.000000000000000000e+00
3.241388191645793313e+02,2.052538361808354352e+02,3.000000000000000000e+01,1.427978999999999978e-06,0.000000000000000000e+00
3.245796004944483002e+02,2.052533953995055640e+02,3.000000000000000000e+01,1.436768999999999940e-06,0.000000000000000000e+00
3.249645893535164873e+02,2.052530104106464819e+02,3.000000000000000000e+01,1.365712000000000020e-06,0.000000000000000000e+00
3.254000461971532445e+02,2.052525749538028492e+02,3.000000000000000000e+01,1.402483999999999895e-06,0.000000000000000000e+00
3.258155937678585587e+02,2.052521594062321526e+02,3.000000000000000000e+01,1.371314000000000073e-06,0.000000000000000000e+00
3.262343428578864177e+02,2.052517406571421077e+02,3.000000000000000000e+01,1.336753000000000032e-06,0.000000000000000000e+00
3.266425179831276751e+02,2.052513324820168634e+02,3.000000000000000000e+01,1.389388000000000080e-06,0.000000000000000000e+00
3.270807631365252064e+02,2.052508942368634735e+02,3.000000000000000000e+01,1.445615999999999993e-06,0.000000000000000000e+00
3.275047501877430705e+02,2.052504702498122526e+02,3.000000000000000000e+01,1.450549000000000001e-06,0.000000000000000000e+00
3.279483261473215521e+02,2.052500266738526875e+02,3.000000000000000000e+01,1.415698000000000002e-06,0.000000000000000000e+00
3.283431723577376715e+02,2.052496318276422755e+02,3.000000000000000000e+01,1.398279000000000076e-06,0.000000000000000000e+00
3.287516493575063237e+02,2.052492233506424952e+02,3.000000000000000000e+01,1.471503999999999913e-06,0.000000000000000000e+00
3.291820195701676539e+02,2.052487929804298403e+02,3.000000000000000000e+01,1.466948999999999963e-06,0.000000000000000000e+00
3.296035120688626989e+02,2.052483714879311378e+02,3.000000000000000000e+01,1.514402999999999932e-06,0.000000000000000000e+00
3.300210926219909311e+02,2.052479539073780188e+02,3.000000000000000000e+01,1.432301000000000062e-06,0.000000000000000000e+00
3.304410556959206815e+02,2.052475339443040809e+02,3.000000000000000000e+01,1.406704999999999943e-06,0.000000000000000000e+00
3.308599481997787848e+02,2.052471150518002219e+02,3.000000000000000000e+01,1.555716000000000006e-06,0.000000000000000000e+00
3.312451681568389290e+02,2.052467298318431688e+02,3.000000000000000000e+01,1.482490999999999957e-06,0.000000000000000000e+00
3.316934238148854774e+02,2.052462815761851118e+02,3.000000000000000000e+01,1.451364000000000052e-06,0.000000000000000000e+00
3.320921669392624267e+02,2.052458828330607332e+02,3.000000000000000000e+01,1.480962999999999919e-06,0.000000000000000000e+00
3.325161633339694731e+02,2.052454588366660460e+02,3.000000000000000000e+01,1.569903999999999894e-06,0.000000000000000000e+00
3.329226365596061328e+02,2.052450523634404078e+02,3.000000000000000000e+01,1.493622999999999980e-06,0.000000000000000000e+00
3.333487703130384148e+02,2.052446262296869577e+02,3.000000000000000000e+01,1.405497000000000055e-06,0.000000000000000000e+00
3.337614869240111375e+02,2.052442135130760050e+02,3.000000000000000000e+01,1.476407999999999968e-06,0.000000000000000000e+00
3.341613645304262832e+02,2.052438136354695644e+02,3.000000000000000000e+01,1.491280000000000103e-06,0.000000000000000000e+00
3.346005651892173205e+02,2.052433744348107894e+02,3.000000000000000000e+01,1.445252999999999925e-06,0.000000000000000000e+00
3.350312406774955889e+02,2.052429437593225146e+02,3.000000000000000000e+01,1.517371999999999937e-06,0.000000000000000000e+00
3.354333528645038314e+02,2.052425416471355106e+02,3.000000000000000000e+01,1.494263000000000071e-06,0.000000000000000000e+00
3.358412152972671834e+02,2.052421337847027303e+02,3.000000000000000000e+01,1.480847000000000105e-06,0.000000000000000000e+00
3.362560925289248530e+02,2.052417189074710677e+02,3.000000000000000000e+01,1.548716999999999931e-06,0.000000000000000000e+00
3.366637137758886524e+02,2.052413112862241178e+02,3.000000000000000000e+01,1.521548000000000014e-06,0.000000000000000000e+00
3.371035758015267447e+02,2.052408714241984740e+02,3.000000000000000000e+01,1.531691000000000054e-06,0.000000000000000000e+00
3.375278154669720152e+02,2.052404471845330249e+02,3.000000000000000000e+01,1.508858999999999998e-06,0.000000000000000000e+00
3.379330070534145989e+02,2.052400419929466011e+02,3.000000000000000000e+01,1.486870999999999947e-06,0.000000000000000000e+00
3.383617167333739530e+02,2.052396132832666353e+02,3.000000000000000000e+01,1.428474000000000090e-06,0.000000000000000000e+00
3.387767150550004089e+02,2.052391982849449903e+02,3.000000000000000000e+01,1.526539999999999957e-06,0.000000000000000000e+00
3.392025331552123930e+02,2.052387724668447788e+02,3.000000000000000000e+01,1.525739000000000081e-06,0.000000000000000000e+00
3.396465298256160850e+02,2.052383284701743946e+02,3.000000000000000000e+01,1.486507000000000064e-06,0.000000000000000000e+00
3.400455211583969231e+02,2.052379294788416075e+02,3.000000000000000000e+01,1.370411999999999950e-06,0.000000000000000000e+00
3.404690090088026864e+02,2.052375059909911954e+02,3.000000000000000000e+01,1.386972000000000093e-06,0.000000000000000000e+00
3.409088981853844302e+02,2.052370661018146052e+02,3.000000000000000000e+01,1.520063999999999919e-06,0.000000000000000000e+00
3.413106210642457086e+02,2.052366643789357568e+02,3.000000000000000000e+01,1.526874000000000071e-06,0.000000000000000000e+00
3.417157373143443237e+02,2.052362592626856497e+02,3.000000000000000000e+01,1.498644000000000089e-06,0.000000000000000000e+00
3.421376921296940168e+02,2.052358373078702982e+02,3.000000000000000000e+01,1.531967000000000049e-06,0.000000000000000000e+00
3.425583849927349434e+02,2.052354166150072672e+02,3.000000000000000000e+01,1.504391999999999936e-06,0.000000000000000000e+00
3.429871852879900302e+02,2.052349878147120137e+02,3.000000000000000000e+01,1.569671000000000027e-06,0.000000000000000000e+00
3.433749543446338066e+02,2.052346000456553554e+02,3.000000000000000000e+01,1.607041000000000103e-06,0.000000000000000000e+00
3.437901888241524944e+02,2.052341848111758509e+02,3.000000000000000000e+01,1.622639999999999977e-06,0.000000000000000000e+00
3.441957471989815076e+02,2.052337792528010141e+02,3.000000000000000000e+01,1.566629999999999940e-06,0.000000000000000000e+00
3.446334370838998780e+02,2.052333415629161095e+02,3.000000000000000000e+01,1.517314000000000030e-06,0.000000000000000000e+00
3.450476497735721182e+02,2.052329273502264186e+02,3.000000000000000000e+01,1.571098000000000031e-06,0.000000000000000000e+00
3.454513025090783458e+02,2.052325236974909330e+02,3.000000000000000000e+01,1.523207000000000068e-06,0.000000000000000000e+00
3.458943440294748939e+02,2.052320806559705204e+02,3.000000000000000000e+01,1.532883999999999951e-06,0.000000000000000000e+00
3.462990030448926859e+02,2.052316759969551185e+02,3.000000000000000000e+01,1.509178999999999938e-06,0.000000000000000000e+00
3.467028958396946337e+02,2.052312721041602970e+02,3.000000000000000000e+01,1.528577000000000069e-06,0.000000000000000000e+00
3.471376251931209822e+02,2.052308373748068675e+02,3.000000000000000000e+01,1.490786000000000019e-06,0.000000000000000000e+00
3.475753810558458099e+02,2.052303996189441477e+02,3.000000000000000000e+01,1.479114999999999941e-06,0.000000000000000000e+00
3.479988737842028854e+02,2.052299761262158029e+02,3.000000000000000000e+01,1.362247999999999904e-06,0.000000000000000000e+00
3.483859552002545001e+02,2.052295890447997522e+02,3.000000000000000000e+01,1.406864999999999912e-06,0.000000000000000000e+00
3.488290099737588434e+02,2.052291459900262396e+02,3.000000000000000000e+01,1.445936999999999959e-06,0.000000000000000000e+00
3.492453197007221775e+02,2.052287296802992671e+02,3.000000000000000000e+01,1.494495999999999938e-06,0.000000000000000000e+00
3.496534914972241381e+02,2.052283215085027734e+02,3.000000000000000000e+01,1.386710000000000061e-06,0.000000000000000000e+00
3.500846232841776668e+02,2.052278903767158340e+02,3.000000000000000000e+01,1.449908999999999911e-06,0.000000000000000000e+00
3.505140208405232443e+02,2.052274609791594742e+02,3.000000000000000000e+01,1.559660000000000031e-06,0.000000000000000000e+00
3.509061878117047968e+02,2.052270688121882927e+02,3.000000000000000000e+01,1.381165999999999915e-06,0.000000000000000000e+00
3.513214549579876120e+02,2.052266535450420122e+02,3.000000000000000000e+01,1.435065999999999941e-06,0.000000000000000000e+00
3.517192097616444357e+02,2.052262557902383548e+02,3.000000000000000000e+01,1.136868000000000039e-06,0.000000000000000000e+00
3.521617911755725459e+02,2.052258132088244338e+02,3.000000000000000000e+01,7.419439000000000505e-07,0.000000000000000000e+00
3.525607829400257742e+02,2.052254142170599778e+02,3.000000000000000000e+01,1.030362999999999947e-06,0.000000000000000000e+00
3.529845303256279863e+02,2.052249904696743670e+02,3.000000000000000000e+01,1.381064000000000064e-06,0.000000000000000000e+00
3.534258568782634029e+02,2.052245491431217488e+02,3.000000000000000000e+01,1.274558999999999972e-06,0.000000000000000000e+00
3.538070095088146445e+02,2.052241679904911962e+02,3.000000000000000000e+01,1.207648999999999963e-06,0.000000000000000000e+00
3.542310025239151514e+02,2.052237439974760775e+02,3.000000000000000000e+01,1.320208000000000091e-06,0.000000000000000000e+00
3.546631812292344534e+02,2.052233118187707817e+02,3.000000000000000000e+01,1.331718999999999988e-06,0.000000000000000000e+00
3.550711254130250722e+02,2.052229038745869900e+02,3.000000000000000000e+01,1.513356000000000042e-06,0.000000000000000000e+00
3.555020283038754201e+02,2.052224729716961349e+02,3.000000000000000000e+01,1.380990999999999955e-06,0.000000000000000000e+00
3.559180266207225145e+02,2.052220569733792672e+02,3.000000000000000000e+01,1.418040000000000064e-06,0.000000000000000000e+00
3.563052383375742238e+02,2.052216697616624401e+02,3.000000000000000000e+01,1.463849999999999969e-06,0.000000000000000000e+00
3.567260983561049557e+02,2.052212489016438894e+02,3.000000000000000000e+01,1.375912999999999967e-06,0.000000000000000000e+00
3.571729524597437830e+02,2.052208020475402463e+02,3.000000000000000000e+01,1.315943999999999915e-06,0.000000000000000000e+00
3.575719448784560655e+02,2.052204030551215510e+02,3.000000000000000000e+01,1.299165999999999895e-06,0.000000000000000000e+00
3.579959320267175258e+02,2.052199790679732985e+02,3.000000000000000000e+01,1.349951999999999937e-06,0.000000000000000000e+00
3.584385280568292842e+02,2.052195364719431723e+02,3.000000000000000000e+01,1.361825999999999902e-06,0.000000000000000000e+00
3.588540756275346553e+02,2.052191209243724757e+02,3.000000000000000000e+01,1.378678000000000058e-06,0.000000000000000000e+00
3.592436751016838343e+02,2.052187313248983287e+02,3.000000000000000000e+01,1.420833999999999897e-06,0.000000000000000000e+00
3.596735481841643036e+02,2.052183014518158473e+02,3.000000000000000000e+01,1.378036999999999940e-06,0.000000000000000000e+00
3.601148964316897150e+02,2.052178601035683130e+02,3.000000000000000000e+01,1.161198999999999968e-06,0.000000000000000000e+00
3.605386333395358065e+02,2.052174363666604791e+02,3.000000000000000000e+01,9.846990000000000482e-07,0.000000000000000000e+00
3.609430688642623295e+02,2.052170319311357503e+02,3.000000000000000000e+01,1.233275000000000063e-06,0.000000000000000000e+00
3.613737498767461034e+02,2.052166012501232615e+02,3.000000000000000000e+01,1.230466000000000028e-06,0.000000000000000000e+00
3.617821523020537029e+02,2.052161928476979540e+02,3.000000000000000000e+01,1.200271000000000015e-06,0.000000000000000000e+00
3.621843556297709483e+02,2.052157906443702302e+02,3.000000000000000000e+01,9.284557999999999486e-07,0.000000000000000000e+00
3.626209974938735172e+02,2.052153540025061318e+02,3.000000000000000000e+01,1.041975000000000091e-06,0.000000000000000000e+00
3.630291732517891887e+02,2.052149458267482203e+02,3.000000000000000000e+01,1.321372000000000035e-06,0.000000000000000000e+00
3.634512044592875100e+02,2.052145237955407140e+02,3.000000000000000000e+01,1.393186000000000098e-06,0.000000000000000000e+00
3.638548252410601549e+02,2.052141201747589321e+02,3.000000000000000000e+01,1.411579000000000017e-06,0.000000000000000000e+00
3.642542418554351116e+02,2.052137207581445750e+02,3.000000000000000000e+01,1.358378000000000016e-06,0.000000000000000000e+00
3.646843694847328265e+02,2.052132906305152744e+02,3.000000000000000000e+01,1.388223999999999924e-06,0.000000000000000000e+00
3.650927760109301516e+02,2.052128822239890837e+02,3.000000000000000000e+01,1.448453999999999981e-06,0.000000000000000000e+00
3.655257967050740717e+02,2.052124492032949377e+02,3.000000000000000000e+01,1.513341000000000051e-06,0.000000000000000000e+00
3.659495348167939142e+02,2.052120254651832170e+02,3.000000000000000000e+01,1.448687000000000060e-06,0.000000000000000000e+00
3.663622966910281775e+02,2.052116127033089867e+02,3.000000000000000000e+01,1.475390000000000031e-06,0.000000000000000000e+00
3.667744653537254749e+02,2.052112005346462809e+02,3.000000000000000000e+01,1.515858000000000073e-06,0.000000000000000000e+00
3.672009242593797467e+02,2.052107740757406305e+02,3.000000000000000000e+01,1.568114000000000035e-06,0.000000000000000000e+00
3.676318227928259716e+02,2.052103431772071644e+02,3.000000000000000000e+01,1.580890999999999938e-06,0.000000000000000000e+00
3.680574984394568787e+02,2.052099175015605397e+02,3.000000000000000000e+01,1.598134999999999904e-06,0.000000000000000000e+00
3.684644341506083265e+02,2.052095105658493992e+02,3.000000000000000000e+01,1.683918999999999979e-06,0.000000000000000000e+00
3.688794226496315787e+02,2.052090955773503822e+02,3.000000000000000000e+01,1.585154999999999903e-06,0.000000000000000000e+00
3.693095198889611765e+02,2.052086654801110512e+02,3.000000000000000000e+01,1.562918999999999994e-06,0.000000000000000000e+00
3.697142188391898117e+02,2.052082607811608170e+02,3.000000000000000000e+01,1.593841999999999986e-06,0.000000000000000000e+00
3.701483714156835276e+02,2.052078266285843142e+02,3.000000000000000000e+01,1.605468999999999909e-06,0.000000000000000000e+00
3.705724575106852967e+02,2.052074025424893193e+02,3.000000000000000000e+01,1.534689000000000012e-06,0.000000000000000000e+00
3.709843797110822834e+02,2.052069906202889342e+02,3.000000000000000000e+01,1.637411000000000076e-06,0.000000000000000000e+00
3.713849401598320696e+02,2.052065900598401811e+02,3.000000000000000000e+01,1.621593000000000087e-06,0.000000000000000000e+00
3.717879742762477804e+02,2.052061870257237501e+02,3.000000000000000000e+01,1.659311000000000028e-06,0.000000000000000000e+00
3.722122000060722939e+02,2.052057627999939200e+02,3.000000000000000000e+01,1.644671999999999972e-06,0.000000000000000000e+00
3.726203751313136081e+02,2.052053546248686757e+02,3.000000000000000000e+01,1.648863000000000039e-06,0.000000000000000000e+00
3.730510463049230339e+02,2.052049239536950722e+02,3.000000000000000000e+01,1.522420999999999971e-06,0.000000000000000000e+00
3.734779430731305752e+02,2.052044970569268685e+02,3.000000000000000000e+01,1.428575999999999941e-06,0.000000000000000000e+00
3.738657121297744084e+02,2.052041092878702386e+02,3.000000000000000000e+01,1.562686999999999943e-06,0.000000000000000000e+00
3.743087536501709565e+02,2.052036662463498260e+02,3.000000000000000000e+01,1.611638999999999970e-06,0.000000000000000000e+00
3.747094753919249115e+02,2.052032655246080708e+02,3.000000000000000000e+01,1.576219999999999962e-06,0.000000000000000000e+00
3.751364697046194010e+02,2.052028385302953950e+02,3.000000000000000000e+01,1.487104000000000026e-06,0.000000000000000000e+00
3.755669188011797246e+02,2.052024080811988256e+02,3.000000000000000000e+01,1.324674999999999942e-06,0.000000000000000000e+00
3.759723487487773923e+02,2.052020026512512345e+02,3.000000000000000000e+01,1.035383000000000027e-06,0.000000000000000000e+00
3.763845459389826829e+02,2.052015904540610336e+02,3.000000000000000000e+01,9.043724000000000150e-07,0.000000000000000000e+00
3.767924124888233450e+02,2.052011825875111697e+02,3.000000000000000000e+01,5.871116000000000015e-07,0.000000000000000000e+00
3.772055281318733932e+02,2.052007694718681421e+02,3.000000000000000000e+01,2.445595000000000003e-07,0.000000000000000000e+00
3.776404685858038306e+02,2.052003345314141995e+02,3.000000000000000000e+01,1.393055000000000029e-07,0.000000000000000000e+00
3.780711456170027986e+02,2.051999038543829954e+02,3.000000000000000000e+01,1.457519999999999938e-07,0.000000000000000000e+00
3.784770068904315394e+02,2.051994979931095600e+02,3.000000000000000000e+01,3.402528999999999776e-07,0.000000000000000000e+00
3.788899929769131063e+02,2.051990850070230863e+02,3.000000000000000000e+01,1.275621000000000064e-06,0.000000000000000000e+00
3.793247350305343844e+02,2.051986502649694728e+02,3.000000000000000000e+01,1.433523999999999940e-06,0.000000000000000000e+00
3.797489799475166024e+02,2.051982260200524877e+02,3.000000000000000000e+01,1.516090999999999940e-06,0.000000000000000000e+00
3.801801990891741525e+02,2.051977948009108275e+02,3.000000000000000000e+01,1.582681000000000009e-06,0.000000000000000000e+00
3.805883746172196993e+02,2.051973866253827907e+02,3.000000000000000000e+01,1.612294000000000051e-06,0.000000000000000000e+00
3.810190536106351828e+02,2.051969559463893802e+02,3.000000000000000000e+01,1.622713000000000086e-06,0.000000000000000000e+00
3.814194471068702228e+02,2.051965555528931304e+02,3.000000000000000000e+01,1.694047000000000029e-06,0.000000000000000000e+00
3.818260419837251902e+02,2.051961489580162663e+02,3.000000000000000000e+01,1.696330999999999971e-06,0.000000000000000000e+00
3.822660742762957966e+02,2.051957089257236930e+02,3.000000000000000000e+01,1.737265999999999987e-06,0.000000000000000000e+00
3.826512993064561670e+02,2.051953237006935353e+02,3.000000000000000000e+01,1.724037999999999916e-06,0.000000000000000000e+00
3.830901665058804042e+02,2.051948848334941147e+02,3.000000000000000000e+01,1.689958000000000024e-06,0.000000000000000000e+00
3.834901444982759244e+02,2.051944848555017131e+02,3.000000000000000000e+01,1.709485999999999933e-06,0.000000000000000000e+00
3.839129017963214778e+02,2.051940620982036876e+02,3.000000000000000000e+01,1.747335999999999918e-06,0.000000000000000000e+00
3.843462695568279059e+02,2.051936287304431801e+02,3.000000000000000000e+01,1.823529999999999971e-06,0.000000000000000000e+00
3.847380307152797059e+02,2.051932369692847260e+02,3.000000000000000000e+01,1.732637999999999927e-06,0.000000000000000000e+00
3.851673909201708739e+02,2.051928076090798356e+02,3.000000000000000000e+01,1.715844999999999917e-06,0.000000000000000000e+00
3.855982938110212217e+02,2.051923767061889805e+02,3.000000000000000000e+01,1.693100999999999962e-06,0.000000000000000000e+00
3.860062361119905745e+02,2.051919687638880134e+02,3.000000000000000000e+01,1.700493000000000085e-06,0.000000000000000000e+00
3.864231695220929055e+02,2.051915518304779198e+02,3.000000000000000000e+01,1.639869999999999980e-06,0.000000000000000000e+00
3.868548517321501095e+02,2.051911201482678564e+02,3.000000000000000000e+01,1.635096999999999941e-06,0.000000000000000000e+00
3.872759896163605049e+02,2.051906990103836392e+02,3.000000000000000000e+01,1.588851000000000070e-06,0.000000000000000000e+00
3.876773309153367109e+02,2.051902976690846572e+02,3.000000000000000000e+01,1.639010999999999985e-06,0.000000000000000000e+00
3.881146128273080080e+02,2.051898603871727005e+02,3.000000000000000000e+01,1.632840999999999924e-06,0.000000000000000000e+00
3.885452883155862764e+02,2.051894297116844257e+02,3.000000000000000000e+01,1.588399999999999903e-06,0.000000000000000000e+00
3.889706222853658915e+02,2.051890043777146388e+02,3.000000000000000000e+01,1.584819999999999973e-06,0.000000000000000000e+00
3.893578354663768550e+02,2.051886171645336390e+02,3.000000000000000000e+01,1.599807999999999922e-06,0.000000000000000000e+00
3.897733830370822261e+02,2.051882016169629139e+02,3.000000000000000000e+01,1.625114000000000082e-06,0.000000000000000000e+00
3.901831524188931439e+02,2.051877918475811100e+02,3.000000000000000000e+01,1.620196000000000064e-06,0.000000000000000000e+00
3.906187774340378951e+02,2.051873562225659668e+02,3.000000000000000000e+01,1.559078000000000059e-06,0.000000000000000000e+00
3.910356487690839913e+02,2.051869393512309045e+02,3.000000000000000000e+01,1.468098999999999943e-06,0.000000000000000000e+00
3.914350125402884260e+02,2.051865399874597244e+02,3.000000000000000000e+01,1.574474000000000047e-06,0.000000000000000000e+00
3.918780589646672183e+02,2.051860969410353448e+02,3.000000000000000000e+01,1.487817000000000014e-06,0.000000000000000000e+00
3.922642451814213018e+02,2.051857107548185866e+02,3.000000000000000000e+01,1.416846999999999955e-06,0.000000000000000000e+00
3.926879880531501499e+02,2.051852870119468548e+02,3.000000000000000000e+01,1.477280999999999926e-06,0.000000000000000000e+00
3.931139424813629262e+02,2.051848610575186456e+02,3.000000000000000000e+01,1.452907000000000081e-06,0.000000000000000000e+00
3.935322481367106207e+02,2.051844427518632870e+02,3.000000000000000000e+01,1.459863000000000027e-06,0.000000000000000000e+00
3.939552397561363364e+02,2.051840197602438707e+02,3.000000000000000000e+01,1.474793000000000069e-06,0.000000000000000000e+00
3.943430033726508555e+02,2.051836319966273550e+02,3.000000000000000000e+01,1.484775999999999928e-06,0.000000000000000000e+00
3.947585575699101810e+02,2.051832164424300800e+02,3.000000000000000000e+01,1.458334999999999989e-06,0.000000000000000000e+00
3.951879045052156698e+02,2.051827870954947741e+02,3.000000000000000000e+01,1.448541000000000053e-06,0.000000000000000000e+00
3.956084875222646815e+02,2.051823665124777278e+02,3.000000000000000000e+01,1.481618000000000000e-06,0.000000000000000000e+00
3.960289244438083074e+02,2.051819460755561977e+02,3.000000000000000000e+01,1.426117000000000037e-06,0.000000000000000000e+00
3.964749085652185840e+02,2.051815000914347706e+02,3.000000000000000000e+01,1.276596000000000084e-06,0.000000000000000000e+00
3.968514131354961592e+02,2.051811235868645156e+02,3.000000000000000000e+01,1.498644000000000089e-06,0.000000000000000000e+00
3.972779472547512682e+02,2.051806970527452449e+02,3.000000000000000000e+01,1.313572000000000084e-06,0.000000000000000000e+00
3.977035413137862747e+02,2.051802714586862066e+02,3.000000000000000000e+01,1.395411999999999922e-06,0.000000000000000000e+00
3.980973851431298272e+02,2.051798776148568777e+02,3.000000000000000000e+01,1.340668000000000104e-06,0.000000000000000000e+00
3.985421600173497723e+02,2.051794328399826384e+02,3.000000000000000000e+01,1.327280000000000064e-06,0.000000000000000000e+00
3.989668043003684943e+02,2.051790081956996232e+02,3.000000000000000000e+01,1.342049999999999924e-06,0.000000000000000000e+00
3.993938633893129690e+02,2.051785811366106884e+02,3.000000000000000000e+01,1.322056000000000069e-06,0.000000000000000000e+00
3.998253980195079862e+02,2.051781496019804933e+02,3.000000000000000000e+01,1.321241000000000019e-06,0.000000000000000000e+00
4.002423606931100721e+02,2.051777326393068961e+02,3.000000000000000000e+01,1.290521999999999941e-06,0.000000000000000000e+00
4.006505358183513863e+02,2.051773244641816518e+02,3.000000000000000000e+01,1.275024000000000102e-06,0.000000000000000000e+00
4.010816624610713461e+02,2.051768933375389281e+02,3.000000000000000000e+01,1.257488999999999939e-06,0.000000000000000000e+00
4.014888253364823072e+02,2.051764861746635233e+02,3.000000000000000000e+01,1.336157000000000097e-06,0.000000000000000000e+00
4.019031312449969278e+02,2.051760718687550025e+02,3.000000000000000000e+01,1.286694999999999969e-06,0.000000000000000000e+00
4.022906223638244114e+02,2.051756843776361734e+02,3.000000000000000000e+01,1.365318999999999972e-06,0.000000000000000000e+00
4.027141345662734011e+02,2.051752608654337280e+02,3.000000000000000000e+01,1.333770000000000064e-06,0.000000000000000000e+00
4.031327442360145028e+02,2.051748422557639913e+02,3.000000000000000000e+01,1.327993000000000052e-06,0.000000000000000000e+00
4.035580374045801477e+02,2.051744169625954157e+02,3.000000000000000000e+01,1.411608999999999998e-06,0.000000000000000000e+00
4.040056468886547805e+02,2.051739693531113460e+02,3.000000000000000000e+01,1.436565000000000026e-06,0.000000000000000000e+00
4.043805179722799039e+02,2.051735944820277098e+02,3.000000000000000000e+01,1.592051999999999915e-06,0.000000000000000000e+00
4.048105679242983115e+02,2.051731644320757084e+02,3.000000000000000000e+01,1.512672000000000007e-06,0.000000000000000000e+00
4.052304632244632216e+02,2.051727445367755251e+02,3.000000000000000000e+01,1.491396999999999944e-06,0.000000000000000000e+00
4.056381785465507051e+02,2.051723368214534560e+02,3.000000000000000000e+01,1.467254999999999939e-06,0.000000000000000000e+00
4.060688540348289735e+02,2.051719061459651812e+02,3.000000000000000000e+01,1.488573999999999946e-06,0.000000000000000000e+00
4.064996962892281545e+02,2.051714753037107641e+02,3.000000000000000000e+01,1.527136000000000103e-06,0.000000000000000000e+00
4.069074718240767083e+02,2.051710675281759393e+02,3.000000000000000000e+01,1.506705000000000044e-06,0.000000000000000000e+00
4.073027415972645713e+02,2.051706722584027318e+02,3.000000000000000000e+01,1.539111999999999919e-06,0.000000000000000000e+00
4.077459606364656111e+02,2.051702290393635337e+02,3.000000000000000000e+01,1.511841999999999966e-06,0.000000000000000000e+00
4.081769979258745025e+02,2.051697980020741170e+02,3.000000000000000000e+01,1.556109000000000054e-06,0.000000000000000000e+00
4.085686899630239850e+02,2.051694063100369760e+02,3.000000000000000000e+01,1.571009999999999931e-06,0.000000000000000000e+00
4.090158485393940850e+02,2.051689591514605979e+02,3.000000000000000000e+01,1.547552999999999987e-06,0.000000000000000000e+00
4.094351960389112151e+02,2.051685398039610959e+02,3.000000000000000000e+01,1.614767999999999944e-06,0.000000000000000000e+00
4.098404188649537900e+02,2.051681345811350354e+02,3.000000000000000000e+01,1.712832999999999996e-06,0.000000000000000000e+00
4.102403739151178570e+02,2.051677346260848935e+02,3.000000000000000000e+01,1.628956000000000045e-06,0.000000000000000000e+00
4.106712730916030978e+02,2.051673037269083864e+02,3.000000000000000000e+01,1.670138000000000102e-06,0.000000000000000000e+00
4.110936645528100257e+02,2.051668813354471865e+02,3.000000000000000000e+01,1.625099999999999908e-06,0.000000000000000000e+00
4.115111401855961049e+02,2.051664638598143995e+02,3.000000000000000000e+01,1.743014000000000046e-06,0.000000000000000000e+00
4.119182988948646198e+02,2.051660567011051342e+02,3.000000000000000000e+01,1.707506999999999939e-06,0.000000000000000000e+00
4.123338695121544220e+02,2.051656411304878418e+02,3.000000000000000000e+01,1.670560000000000104e-06,0.000000000000000000e+00
4.127569204840598331e+02,2.051652180795159381e+02,3.000000000000000000e+01,1.681183000000000053e-06,0.000000000000000000e+00
4.131566107664781953e+02,2.051648183892335169e+02,3.000000000000000000e+01,1.650463999999999975e-06,0.000000000000000000e+00
4.135957709474963053e+02,2.051643792290525141e+02,3.000000000000000000e+01,1.586042000000000035e-06,0.000000000000000000e+00
4.139812183071284153e+02,2.051639937816928807e+02,3.000000000000000000e+01,1.748717999999999949e-06,0.000000000000000000e+00
4.144198146961063003e+02,2.051635551853038919e+02,3.000000000000000000e+01,1.719178000000000017e-06,0.000000000000000000e+00
4.148353556402576032e+02,2.051631396443597453e+02,3.000000000000000000e+01,1.619525999999999993e-06,0.000000000000000000e+00
4.152508188515947722e+02,2.051627241811484055e+02,3.000000000000000000e+01,1.662658000000000091e-06,0.000000000000000000e+00
4.156586921315953873e+02,2.051623163078683945e+02,3.000000000000000000e+01,1.747554000000000006e-06,0.000000000000000000e+00
4.160895930794587230e+02,2.051618854069205327e+02,3.000000000000000000e+01,1.761902000000000076e-06,0.000000000000000000e+00
4.165187847500149587e+02,2.051614562152499843e+02,3.000000000000000000e+01,1.724096000000000035e-06,0.000000000000000000e+00
4.169125376181514753e+02,2.051610624623818637e+02,3.000000000000000000e+01,1.667213000000000041e-06,0.000000000000000000e+00
4.173450329005941057e+02,2.051606299670993963e+02,3.000000000000000000e+01,1.800973999999999911e-06,0.000000000000000000e+00
4.177705774601744224e+02,2.051602044225398345e+02,3.000000000000000000e+01,1.769411000000000041e-06,0.000000000000000000e+00
4.181812603431206981e+02,2.051597937396568909e+02,3.000000000000000000e+01,1.730994000000000075e-06,0.000000000000000000e+00
4.186059140387325783e+02,2.051593690859612593e+02,3.000000000000000000e+01,1.744453999999999985e-06,0.000000000000000000e+00
4.190363613358778139e+02,2.051589386386641252e+02,3.000000000000000000e+01,1.740786999999999983e-06,0.000000000000000000e+00
4.194599837548705068e+02,2.051585150162451328e+02,3.000000000000000000e+01,1.802429000000000052e-06,0.000000000000000000e+00
4.198877343104559259e+02,2.051580872656895451e+02,3.000000000000000000e+01,1.694832000000000098e-06,0.000000000000000000e+00
4.202632953792372632e+02,2.051577117046207661e+02,3.000000000000000000e+01,1.726643000000000038e-06,0.000000000000000000e+00
4.207106837672786241e+02,2.051572643162327267e+02,3.000000000000000000e+01,1.802575000000000059e-06,0.000000000000000000e+00
4.211449608206285120e+02,2.051568300391793684e+02,3.000000000000000000e+01,1.845982999999999941e-06,0.000000000000000000e+00
4.215329547479663006e+02,2.051564420452520494e+02,3.000000000000000000e+01,1.899460999999999965e-06,0.000000000000000000e+00
4.219793806128074038e+02,2.051559956193871983e+02,3.000000000000000000e+01,1.885419000000000083e-06,0.000000000000000000e+00
4.223671491229093249e+02,2.051556078508770895e+02,3.000000000000000000e+01,1.844950000000000013e-06,0.000000000000000000e+00
4.227824187557981759e+02,2.051551925812441937e+02,3.000000000000000000e+01,1.877648000000000086e-06,0.000000000000000000e+00
4.231903459239821927e+02,2.051547846540760247e+02,3.000000000000000000e+01,1.901614999999999919e-06,0.000000000000000000e+00
4.236158268176100705e+02,2.051543591731823994e+02,3.000000000000000000e+01,1.927546999999999995e-06,0.000000000000000000e+00
4.240469600208193697e+02,2.051539280399791778e+02,3.000000000000000000e+01,1.898384999999999909e-06,0.000000000000000000e+00
4.244503936297709856e+02,2.051535246063702402e+02,3.000000000000000000e+01,1.876046999999999938e-06,0.000000000000000000e+00
4.248601499827710199e+02,2.051531148500172321e+02,3.000000000000000000e+01,1.917331000000000058e-06,0.000000000000000000e+00
4.252937538841899823e+02,2.051526812461158045e+02,3.000000000000000000e+01,1.896202000000000001e-06,0.000000000000000000e+00
4.256792057166402969e+02,2.051522957942833614e+02,3.000000000000000000e+01,1.950188999999999888e-06,0.000000000000000000e+00
4.261207649686060108e+02,2.051518542350314078e+02,3.000000000000000000e+01,1.898719000000000023e-06,0.000000000000000000e+00
4.265635064396781786e+02,2.051514114935603175e+02,3.000000000000000000e+01,1.883862000000000091e-06,0.000000000000000000e+00
4.269489537993104022e+02,2.051510260462006840e+02,3.000000000000000000e+01,1.982640000000000130e-06,0.000000000000000000e+00
4.273809325127226089e+02,2.051505940674872761e+02,3.000000000000000000e+01,1.973181000000000124e-06,0.000000000000000000e+00
4.277962056161370015e+02,2.051501787943838622e+02,3.000000000000000000e+01,1.989712000000000102e-06,0.000000000000000000e+00
4.282187073036802190e+02,2.051497562926963099e+02,3.000000000000000000e+01,1.996988000000000200e-06,0.000000000000000000e+00
4.286643214275150058e+02,2.051493106785724763e+02,3.000000000000000000e+01,2.069719000000000165e-06,0.000000000000000000e+00
4.290573250929278970e+02,2.051489176749070680e+02,3.000000000000000000e+01,2.021028000000000143e-06,0.000000000000000000e+00
4.294853339730166795e+02,2.051484896660269897e+02,3.000000000000000000e+01,2.070402999999999987e-06,0.000000000000000000e+00
4.299286647935110750e+02,2.051480463352064874e+02,3.000000000000000000e+01,1.993030000000000212e-06,0.000000000000000000e+00
4.303092857577709651e+02,2.051476657142422368e+02,3.000000000000000000e+01,1.996027999999999958e-06,0.000000000000000000e+00
4.307330286294996995e+02,2.051472419713705051e+02,3.000000000000000000e+01,1.962106999999999796e-06,0.000000000000000000e+00
4.311515941891005923e+02,2.051468234058108919e+02,3.000000000000000000e+01,1.999010999999999926e-06,0.000000000000000000e+00
4.315738769334865879e+02,2.051464011230665108e+02,3.000000000000000000e+01,1.912733000000000191e-06,0.000000000000000000e+00
4.320043814977237844e+02,2.051459706185022753e+02,3.000000000000000000e+01,1.948573999999999989e-06,0.000000000000000000e+00
4.323930552166884240e+02,2.051455819447833164e+02,3.000000000000000000e+01,1.915541000000000199e-06,0.000000000000000000e+00
4.328083233036471142e+02,2.051451666766963626e+02,3.000000000000000000e+01,1.863140000000000046e-06,0.000000000000000000e+00
4.332095657276902330e+02,2.051447654342723013e+02,3.000000000000000000e+01,1.973195999999999903e-06,0.000000000000000000e+00
4.336370230700499064e+02,2.051443379769299611e+02,3.000000000000000000e+01,1.919412000000000115e-06,0.000000000000000000e+00
4.340744712707841018e+02,2.051439005287292048e+02,3.000000000000000000e+01,1.929409000000000148e-06,0.000000000000000000e+00
4.344754164399722640e+02,2.051434995835600432e+02,3.000000000000000000e+01,1.933643999999999947e-06,0.000000000000000000e+00
4.348852222631006725e+02,2.051430897777368898e+02,3.000000000000000000e+01,1.965484000000000052e-06,0.000000000000000000e+00
4.353285483478676952e+02,2.051426464516521264e+02,3.000000000000000000e+01,1.910710000000000041e-06,0.000000000000000000e+00
4.357449366967384208e+02,2.051422300633032592e+02,3.000000000000000000e+01,1.945052999999999993e-06,0.000000000000000000e+00
4.361434286161406817e+02,2.051418315713838751e+02,3.000000000000000000e+01,1.914523000000000050e-06,0.000000000000000000e+00
4.365835652195788157e+02,2.051413914347804166e+02,3.000000000000000000e+01,1.942403999999999928e-06,0.000000000000000000e+00
4.369909143595983210e+02,2.051409840856404116e+02,3.000000000000000000e+01,1.971712000000000020e-06,0.000000000000000000e+00
4.373970832223113803e+02,2.051405779167776871e+02,3.000000000000000000e+01,1.894761000000000035e-06,0.000000000000000000e+00
4.378345578879847153e+02,2.051401404421120276e+02,3.000000000000000000e+01,1.814595000000000030e-06,0.000000000000000000e+00
4.382500808657745779e+02,2.051397249191342382e+02,3.000000000000000000e+01,1.798558999999999952e-06,0.000000000000000000e+00
4.386490897385496055e+02,2.051393259102614479e+02,3.000000000000000000e+01,1.886902999999999966e-06,0.000000000000000000e+00
4.390893917026306212e+02,2.051388856082973575e+02,3.000000000000000000e+01,1.944892999999999812e-06,0.000000000000000000e+00
4.395220739578712141e+02,2.051384529260421345e+02,3.000000000000000000e+01,1.960914000000000111e-06,0.000000000000000000e+00
4.399458121583969614e+02,2.051380291878415960e+02,3.000000000000000000e+01,1.933615000000000205e-06,0.000000000000000000e+00
4.403586849801566245e+02,2.051376163150198408e+02,3.000000000000000000e+01,1.945227000000000138e-06,0.000000000000000000e+00
4.407703289569803928e+02,2.051372046710430084e+02,3.000000000000000000e+01,1.879089000000000052e-06,0.000000000000000000e+00
4.411973081911041277e+02,2.051367776918089021e+02,3.000000000000000000e+01,1.833177999999999900e-06,0.000000000000000000e+00
4.416173181607458673e+02,2.051363576818392573e+02,3.000000000000000000e+01,1.802923999999999952e-06,0.000000000000000000e+00
4.420359314020515740e+02,2.051359390685979633e+02,3.000000000000000000e+01,1.758191999999999945e-06,0.000000000000000000e+00
4.424382669033136040e+02,2.051355367330966999e+02,3.000000000000000000e+01,1.777720000000000066e-06,0.000000000000000000e+00
4.428466811853265881e+02,2.051351283188146795e+02,3.000000000000000000e+01,1.831270999999999987e-06,0.000000000000000000e+00
4.432610021937546207e+02,2.051347139978062444e+02,3.000000000000000000e+01,1.878884999999999926e-06,0.000000000000000000e+00
4.436679496953004787e+02,2.051343070503046988e+02,3.000000000000000000e+01,1.642082000000000053e-06,0.000000000000000000e+00
4.440983956471200145e+02,2.051338766043528778e+02,3.000000000000000000e+01,1.812165000000000081e-06,0.000000000000000000e+00
4.445268544646335727e+02,2.051334481455353682e+02,3.000000000000000000e+01,1.887704000000000053e-06,0.000000000000000000e+00
4.449233032236859344e+02,2.051330516967763060e+02,3.000000000000000000e+01,1.904568999999999933e-06,0.000000000000000000e+00
4.453549635954199175e+02,2.051326200364045746e+02,3.000000000000000000e+01,1.884706000000000095e-06,0.000000000000000000e+00
4.457324600345904173e+02,2.051322425399654037e+02,3.000000000000000000e+01,1.793348999999999921e-06,0.000000000000000000e+00
4.461779455693122145e+02,2.051317970544306775e+02,3.000000000000000000e+01,1.806373000000000078e-06,0.000000000000000000e+00
4.466154015076990049e+02,2.051313595984923097e+02,3.000000000000000000e+01,1.803753999999999993e-06,0.000000000000000000e+00
4.470420222893721984e+02,2.051309329777106427e+02,3.000000000000000000e+01,1.831852999999999959e-06,0.000000000000000000e+00
4.474435267219764114e+02,2.051305314732780118e+02,3.000000000000000000e+01,1.807740999999999935e-06,0.000000000000000000e+00
4.478585184170487992e+02,2.051301164815829452e+02,3.000000000000000000e+01,1.831926000000000068e-06,0.000000000000000000e+00
4.482964097845845686e+02,2.051296785902154056e+02,3.000000000000000000e+01,1.847744000000000058e-06,0.000000000000000000e+00
4.487203975419847097e+02,2.051292546024580190e+02,3.000000000000000000e+01,1.908948999999999924e-06,0.000000000000000000e+00
4.491191450750255854e+02,2.051288558549249785e+02,3.000000000000000000e+01,1.901294999999999980e-06,0.000000000000000000e+00
4.495617153851492276e+02,2.051284132846148509e+02,3.000000000000000000e+01,1.747219000000000076e-06,0.000000000000000000e+00
4.499666248546005818e+02,2.051280083751454129e+02,3.000000000000000000e+01,1.847248999999999947e-06,0.000000000000000000e+00
4.503781860397062928e+02,2.051275968139603094e+02,3.000000000000000000e+01,1.888474999999999948e-06,0.000000000000000000e+00
4.507893610840212091e+02,2.051271856389159893e+02,3.000000000000000000e+01,1.844674000000000018e-06,0.000000000000000000e+00
4.511939582130465283e+02,2.051267810417869555e+02,3.000000000000000000e+01,1.741486000000000007e-06,0.000000000000000000e+00
4.516244077813923354e+02,2.051263505922186141e+02,3.000000000000000000e+01,1.797830999999999974e-06,0.000000000000000000e+00
4.520323528060549165e+02,2.051259426471939378e+02,3.000000000000000000e+01,1.685038999999999979e-06,0.000000000000000000e+00
4.524553625742154281e+02,2.051255196374257821e+02,3.000000000000000000e+01,1.644730000000000091e-06,0.000000000000000000e+00
4.528714252453967788e+02,2.051251035747546041e+02,3.000000000000000000e+01,1.626481999999999939e-06,0.000000000000000000e+00
4.532828167561248733e+02,2.051246921832438659e+02,3.000000000000000000e+01,1.784269000000000001e-06,0.000000000000000000e+00
4.537068097712254371e+02,2.051242681902287757e+02,3.000000000000000000e+01,1.653752000000000103e-06,0.000000000000000000e+00
4.541298306661631159e+02,2.051238451693338334e+02,3.000000000000000000e+01,1.663050999999999928e-06,0.000000000000000000e+00
4.545498088352019863e+02,2.051234251911648130e+02,3.000000000000000000e+01,1.610737000000000059e-06,0.000000000000000000e+00
4.549758694537068777e+02,2.051229991305463045e+02,3.000000000000000000e+01,1.597917000000000027e-06,0.000000000000000000e+00
4.553770248412415071e+02,2.051225979751587545e+02,3.000000000000000000e+01,1.624488999999999982e-06,0.000000000000000000e+00
4.557786302054232124e+02,2.051221963697945796e+02,3.000000000000000000e+01,1.553970000000000090e-06,0.000000000000000000e+00
4.562247607280708053e+02,2.051217502392719325e+02,3.000000000000000000e+01,1.352673000000000085e-06,0.000000000000000000e+00
4.566120423898852891e+02,2.051213629576101312e+02,3.000000000000000000e+01,1.383420999999999904e-06,0.000000000000000000e+00
4.570472410382175212e+02,2.051209277589617841e+02,3.000000000000000000e+01,1.475010999999999946e-06,0.000000000000000000e+00
4.574955437029183258e+02,2.051204794562970903e+02,3.000000000000000000e+01,1.443885000000000068e-06,0.000000000000000000e+00
4.579108133358071768e+02,2.051200641866641945e+02,3.000000000000000000e+01,1.476335000000000071e-06,0.000000000000000000e+00
4.582982978280807060e+02,2.051196767021719154e+02,3.000000000000000000e+01,1.461260000000000050e-06,0.000000000000000000e+00
4.587204191052026090e+02,2.051192545808947898e+02,3.000000000000000000e+01,1.444743000000000035e-06,0.000000000000000000e+00
4.591510978703100818e+02,2.051188239021296909e+02,3.000000000000000000e+01,1.460458999999999962e-06,0.000000000000000000e+00
4.595899472850020970e+02,2.051183850527150128e+02,3.000000000000000000e+01,1.535926000000000065e-06,0.000000000000000000e+00
4.600129003751815731e+02,2.051179620996248332e+02,3.000000000000000000e+01,1.485982999999999999e-06,0.000000000000000000e+00
4.604131828621866021e+02,2.051175618171378119e+02,3.000000000000000000e+01,1.685184999999999985e-06,0.000000000000000000e+00
4.608465818447836568e+02,2.051171284181552323e+02,3.000000000000000000e+01,1.569395000000000032e-06,0.000000000000000000e+00
4.612380517519829937e+02,2.051167369482480183e+02,3.000000000000000000e+01,1.583015999999999939e-06,0.000000000000000000e+00
4.616678185868055948e+02,2.051163071814131911e+02,3.000000000000000000e+01,1.532084000000000102e-06,0.000000000000000000e+00
4.620903349220737937e+02,2.051158846650779424e+02,3.000000000000000000e+01,1.570296999999999943e-06,0.000000000000000000e+00
4.625064916258593826e+02,2.051154685083741356e+02,3.000000000000000000e+01,1.522785000000000066e-06,0.000000000000000000e+00
4.629058830792719164e+02,2.051150691169207221e+02,3.000000000000000000e+01,1.566891999999999973e-06,0.000000000000000000e+00
4.633104236880748203e+02,2.051146645763119238e+02,3.000000000000000000e+01,1.547756000000000085e-06,0.000000000000000000e+00
4.637305676181388208e+02,2.051142444323818665e+02,3.000000000000000000e+01,1.546388000000000016e-06,0.000000000000000000e+00
4.641475924918991041e+02,2.051138274075080972e+02,3.000000000000000000e+01,1.629523000000000026e-06,0.000000000000000000e+00
4.645761041131705724e+02,2.051133988958868315e+02,3.000000000000000000e+01,1.507404000000000069e-06,0.000000000000000000e+00
4.649995908874046222e+02,2.051129754091126074e+02,3.000000000000000000e+01,1.540888000000000027e-06,0.000000000000000000e+00
4.653873211015983316e+02,2.051125876788983931e+02,3.000000000000000000e+01,1.511522000000000027e-06,0.000000000000000000e+00
4.658303737446988748e+02,2.051121446262553150e+02,3.000000000000000000e+01,1.568070999999999907e-06,0.000000000000000000e+00
4.662466592318535277e+02,2.051117283407681384e+02,3.000000000000000000e+01,1.401887999999999960e-06,0.000000000000000000e+00
4.666450639618320793e+02,2.051113299360381745e+02,3.000000000000000000e+01,1.381501000000000057e-06,0.000000000000000000e+00
4.670851573209479852e+02,2.051108898426790574e+02,3.000000000000000000e+01,1.486958000000000020e-06,0.000000000000000000e+00
4.675175537622557727e+02,2.051104574462377457e+02,3.000000000000000000e+01,1.508756999999999936e-06,0.000000000000000000e+00
4.679417923454199126e+02,2.051100332076545953e+02,3.000000000000000000e+01,1.571490000000000051e-06,0.000000000000000000e+00
4.683233747900762864e+02,2.051096516252099207e+02,3.000000000000000000e+01,1.496576999999999995e-06,0.000000000000000000e+00
4.687664182553609180e+02,2.051092085817446389e+02,3.000000000000000000e+01,1.475272999999999978e-06,0.000000000000000000e+00
4.691941043320609879e+02,2.051087808956679339e+02,3.000000000000000000e+01,1.471155000000000020e-06,0.000000000000000000e+00
4.695874386747390190e+02,2.051083875613252587e+02,3.000000000000000000e+01,1.401859000000000006e-06,0.000000000000000000e+00
4.700329591550823238e+02,2.051079420408449323e+02,3.000000000000000000e+01,1.437802000000000079e-06,0.000000000000000000e+00
4.704561091144273064e+02,2.051075188908855864e+02,3.000000000000000000e+01,1.374894000000000003e-06,0.000000000000000000e+00
4.708438715445171852e+02,2.051071311284554781e+02,3.000000000000000000e+01,1.441148999999999930e-06,0.000000000000000000e+00
4.712591411774060930e+02,2.051067158588225823e+02,3.000000000000000000e+01,1.421648999999999947e-06,0.000000000000000000e+00
4.717069754434849074e+02,2.051062680245565275e+02,3.000000000000000000e+01,1.426248000000000054e-06,0.000000000000000000e+00
4.721059629246880718e+02,2.051058690370753084e+02,3.000000000000000000e+01,1.398336999999999983e-06,0.000000000000000000e+00
4.725241215916431088e+02,2.051054508784083623e+02,3.000000000000000000e+01,1.352789999999999926e-06,0.000000000000000000e+00
4.729204976467782444e+02,2.051050545023532266e+02,3.000000000000000000e+01,1.397114999999999921e-06,0.000000000000000000e+00
4.733638207145885985e+02,2.051046111792854276e+02,3.000000000000000000e+01,1.355511000000000073e-06,0.000000000000000000e+00
4.737740309496649616e+02,2.051042009690503392e+02,3.000000000000000000e+01,1.402309999999999962e-06,0.000000000000000000e+00
4.741751763772991239e+02,2.051037998236226940e+02,3.000000000000000000e+01,1.279550000000000099e-06,0.000000000000000000e+00
4.746126517175572985e+02,2.051033623482824453e+02,3.000000000000000000e+01,1.371896000000000044e-06,0.000000000000000000e+00
4.750210512667259763e+02,2.051029539487332727e+02,3.000000000000000000e+01,1.326887000000000015e-06,0.000000000000000000e+00
4.754412770207013637e+02,2.051025337229793024e+02,3.000000000000000000e+01,1.374107999999999906e-06,0.000000000000000000e+00
4.758568312179606323e+02,2.051021181687820558e+02,3.000000000000000000e+01,1.336403999999999928e-06,0.000000000000000000e+00
4.762457368956743267e+02,2.051017292631043176e+02,3.000000000000000000e+01,1.310196000000000068e-06,0.000000000000000000e+00
4.766938777642596961e+02,2.051012811222357470e+02,3.000000000000000000e+01,1.266219999999999966e-06,0.000000000000000000e+00
4.771176206359883736e+02,2.051008573793640153e+02,3.000000000000000000e+01,1.230757000000000014e-06,0.000000000000000000e+00
4.775166074869984527e+02,2.051004583925129907e+02,3.000000000000000000e+01,1.239240999999999999e-06,0.000000000000000000e+00
4.779617850833620878e+02,2.051000132149166291e+02,3.000000000000000000e+01,1.193707999999999905e-06,0.000000000000000000e+00
4.783770547162508819e+02,2.050995979452837616e+02,3.000000000000000000e+01,1.268869000000000031e-06,0.000000000000000000e+00
4.787878407671756236e+02,2.050991871592328266e+02,3.000000000000000000e+01,1.242151000000000069e-06,0.000000000000000000e+00
4.791925711470148030e+02,2.050987824288529850e+02,3.000000000000000000e+01,1.223278000000000030e-06,0.000000000000000000e+00
4.796237041231836997e+02,2.050983512958768245e+02,3.000000000000000000e+01,1.255262999999999903e-06,0.000000000000000000e+00
4.800595705718170620e+02,2.050979154294281841e+02,3.000000000000000000e+01,1.253196000000000020e-06,0.000000000000000000e+00
4.805073253774588125e+02,2.050974676746225498e+02,3.000000000000000000e+01,1.201609999999999918e-06,0.000000000000000000e+00
4.808925484259380028e+02,2.050970824515740674e+02,3.000000000000000000e+01,1.235166999999999985e-06,0.000000000000000000e+00
4.813117123982189014e+02,2.050966632876017854e+02,3.000000000000000000e+01,1.200881999999999940e-06,0.000000000000000000e+00
4.817313905263386005e+02,2.050962436094736745e+02,3.000000000000000000e+01,1.121778000000000028e-06,0.000000000000000000e+00
4.821395710732796829e+02,2.050958354289267334e+02,3.000000000000000000e+01,1.189895999999999924e-06,0.000000000000000000e+00
4.825643925650557549e+02,2.050954106074349568e+02,3.000000000000000000e+01,1.161649999999999923e-06,0.000000000000000000e+00
4.829739043168023045e+02,2.050950010956831875e+02,3.000000000000000000e+01,1.164749999999999944e-06,0.000000000000000000e+00
4.833897231987701275e+02,2.050945852768012401e+02,3.000000000000000000e+01,1.114370999999999914e-06,0.000000000000000000e+00
4.838179505599653112e+02,2.050941570494400423e+02,3.000000000000000000e+01,1.060703999999999967e-06,0.000000000000000000e+00
4.842029470625230374e+02,2.050937720529374815e+02,3.000000000000000000e+01,1.135428000000000100e-06,0.000000000000000000e+00
4.846472293041342141e+02,2.050933277706958791e+02,3.000000000000000000e+01,1.043080999999999915e-06,0.000000000000000000e+00
4.850462217228463828e+02,2.050929287782771553e+02,3.000000000000000000e+01,1.121618000000000058e-06,0.000000000000000000e+00
4.854702147379470034e+02,2.050925047852620651e+02,3.000000000000000000e+01,1.048537999999999989e-06,0.000000000000000000e+00
4.858808702704344000e+02,2.050920941297295599e+02,3.000000000000000000e+01,1.077846000000000082e-06,0.000000000000000000e+00
4.862974444424417584e+02,2.050916775555575668e+02,3.000000000000000000e+01,1.082954000000000050e-06,0.000000000000000000e+00
4.867194934813818463e+02,2.050912555065186211e+02,3.000000000000000000e+01,1.006089999999999925e-06,0.000000000000000000e+00
4.871499383154060183e+02,2.050908250616845976e+02,3.000000000000000000e+01,1.003296000000000092e-06,0.000000000000000000e+00
4.875889231327082598e+02,2.050903860768673042e+02,3.000000000000000000e+01,1.046967000000000034e-06,0.000000000000000000e+00
4.879887919375407250e+02,2.050899862080624700e+02,3.000000000000000000e+01,1.009554000000000041e-06,0.000000000000000000e+00
4.884114103931297564e+02,2.050895635896068825e+02,3.000000000000000000e+01,9.867798999999999540e-07,0.000000000000000000e+00
4.888448905791607899e+02,2.050891301094208359e+02,3.000000000000000000e+01,1.035833999999999983e-06,0.000000000000000000e+00
4.892365826122221506e+02,2.050887384173877876e+02,3.000000000000000000e+01,1.040665999999999956e-06,0.000000000000000000e+00
4.896662569777931822e+02,2.050883087430221963e+02,3.000000000000000000e+01,1.077816999999999916e-06,0.000000000000000000e+00
4.900973875671220981e+02,2.050878776124328908e+02,3.000000000000000000e+01,1.080523000000000073e-06,0.000000000000000000e+00
4.905057934046105856e+02,2.050874692065953866e+02,3.000000000000000000e+01,1.048465000000000091e-06,0.000000000000000000e+00
4.909229063705038811e+02,2.050870520936294952e+02,3.000000000000000000e+01,1.025313000000000097e-06,0.000000000000000000e+00
4.913450934015745020e+02,2.050866299065984322e+02,3.000000000000000000e+01,1.019754999999999988e-06,0.000000000000000000e+00
4.917303133586345893e+02,2.050862446866413791e+02,3.000000000000000000e+01,1.002496000000000032e-06,0.000000000000000000e+00
4.921473673205836690e+02,2.050858276326794112e+02,3.000000000000000000e+01,1.021093000000000076e-06,0.000000000000000000e+00
4.925760864982465819e+02,2.050853989135017628e+02,3.000000000000000000e+01,1.017848000000000076e-06,0.000000000000000000e+00
4.930227946286136103e+02,2.050849522053713940e+02,3.000000000000000000e+01,1.005406000000000103e-06,0.000000000000000000e+00
4.934080145856737545e+02,2.050845669854143409e+02,3.000000000000000000e+01,1.040185000000000020e-06,0.000000000000000000e+00
4.938306209876216144e+02,2.050841443790123719e+02,3.000000000000000000e+01,9.721115999999999153e-07,0.000000000000000000e+00
4.942466377966212008e+02,2.050837283622033738e+02,3.000000000000000000e+01,6.561894999999999877e-07,0.000000000000000000e+00
4.946550403244344807e+02,2.050833199596755776e+02,3.000000000000000000e+01,7.677299000000000142e-07,0.000000000000000000e+00
4.950857158127128059e+02,2.050828892841873028e+02,3.000000000000000000e+01,1.020627999999999946e-06,0.000000000000000000e+00
4.955180245063097573e+02,2.050824569754936988e+02,3.000000000000000000e+01,9.163341000000000499e-07,0.000000000000000000e+00
4.959245610045325634e+02,2.050820504389954806e+02,3.000000000000000000e+01,8.741334999999999969e-07,0.000000000000000000e+00
4.963230725984043943e+02,2.050816519274015945e+02,3.000000000000000000e+01,9.492650999999999893e-07,0.000000000000000000e+00
4.967629616724134394e+02,2.050812120383275783e+02,3.000000000000000000e+01,9.136857000000000432e-07,0.000000000000000000e+00
4.971632428741829699e+02,2.050808117571258151e+02,3.000000000000000000e+01,9.575451000000000608e-07,0.000000000000000000e+00
4.975874881022924683e+02,2.050803875118976976e+02,3.000000000000000000e+01,9.931537000000000505e-07,0.000000000000000000e+00
4.980304019116535983e+02,2.050799445980883604e+02,3.000000000000000000e+01,8.990318999999999812e-07,0.000000000000000000e+00
4.984283063019508973e+02,2.050795466936980631e+02,3.000000000000000000e+01,1.050400999999999957e-06,0.000000000000000000e+00
4.988435740345111071e+02,2.050791314259654996e+02,3.000000000000000000e+01,1.020787999999999916e-06,0.000000000000000000e+00
4.992591216052164782e+02,2.050787158783947746e+02,3.000000000000000000e+01,1.041612000000000023e-06,0.000000000000000000e+00
4.997069479541984833e+02,2.050782680520458143e+02,3.000000000000000000e+01,1.052510999999999967e-06,0.000000000000000000e+00
5.001477930484485910e+02,2.050778272069515538e+02,3.000000000000000000e+01,1.035339999999999899e-06,0.000000000000000000e+00
5.005377198681413802e+02,2.050774372801318748e+02,3.000000000000000000e+01,1.013090000000000028e-06,0.000000000000000000e+00
5.009610996050574272e+02,2.050770139003949453e+02,3.000000000000000000e+01,1.064122999999999900e-06,0.000000000000000000e+00
5.013761202801935042e+02,2.050765988797197963e+02,3.000000000000000000e+01,1.036459999999999899e-06,0.000000000000000000e+00
5.017877190639089804e+02,2.050761872809360966e+02,3.000000000000000000e+01,1.041523999999999923e-06,0.000000000000000000e+00
5.022114619356377716e+02,2.050757635380643649e+02,3.000000000000000000e+01,1.011256000000000013e-06,0.000000000000000000e+00
5.026104576832061070e+02,2.050753645423168052e+02,3.000000000000000000e+01,1.007007000000000039e-06,0.000000000000000000e+00
5.030542751353227118e+02,2.050749207248646826e+02,3.000000000000000000e+01,1.001783000000000044e-06,0.000000000000000000e+00
5.034581902411794090e+02,2.050745168097588191e+02,3.000000000000000000e+01,1.119172999999999906e-06,0.000000000000000000e+00
5.038690921599916237e+02,2.050741059078400212e+02,3.000000000000000000e+01,1.088018000000000075e-06,0.000000000000000000e+00
5.042809247938931207e+02,2.050736940752061059e+02,3.000000000000000000e+01,1.017061999999999979e-06,0.000000000000000000e+00
5.046862878022121208e+02,2.050732887121977797e+02,3.000000000000000000e+01,1.062625000000000054e-06,0.000000000000000000e+00
5.051171920747760282e+02,2.050728578079252316e+02,3.000000000000000000e+01,1.043473999999999964e-06,0.000000000000000000e+00
5.055251392522553715e+02,2.050724498607477528e+02,3.000000000000000000e+01,1.008767999999999944e-06,0.000000000000000000e+00
5.059462675113313708e+02,2.050720287324886613e+02,3.000000000000000000e+01,1.033288000000000008e-06,0.000000000000000000e+00
5.063756339034804910e+02,2.050715993660965353e+02,3.000000000000000000e+01,1.098582000000000089e-06,0.000000000000000000e+00
5.068045919177247924e+02,2.050711704080822813e+02,3.000000000000000000e+01,1.162071999999999925e-06,0.000000000000000000e+00
5.072067669068065925e+02,2.050707682330931902e+02,3.000000000000000000e+01,1.102249000000000092e-06,0.000000000000000000e+00
5.076337384936349508e+02,2.050703412615063712e+02,3.000000000000000000e+01,1.218140999999999896e-06,0.000000000000000000e+00
5.080641865793411398e+02,2.050699108134206483e+02,3.000000000000000000e+01,1.160181000000000031e-06,0.000000000000000000e+00
5.084937138146735265e+02,2.050694812861853222e+02,3.000000000000000000e+01,1.101449000000000032e-06,0.000000000000000000e+00
5.089028076824984055e+02,2.050690721923174920e+02,3.000000000000000000e+01,1.093838000000000004e-06,0.000000000000000000e+00
5.093168334091939755e+02,2.050686581665908079e+02,3.000000000000000000e+01,1.015636000000000003e-06,0.000000000000000000e+00
5.097408264242944256e+02,2.050682341735757177e+02,3.000000000000000000e+01,1.108971999999999959e-06,0.000000000000000000e+00
5.101395653702289792e+02,2.050678354346297851e+02,3.000000000000000000e+01,9.721407000000000197e-07,0.000000000000000000e+00
5.105802762532259749e+02,2.050673947237467871e+02,3.000000000000000000e+01,9.849026999999999324e-07,0.000000000000000000e+00
5.110100458262926963e+02,2.050669649541736987e+02,3.000000000000000000e+01,1.070657000000000056e-06,0.000000000000000000e+00
5.114008856426431748e+02,2.050665741143573655e+02,3.000000000000000000e+01,1.012930000000000058e-06,0.000000000000000000e+00
5.118095336262792898e+02,2.050661654663737181e+02,3.000000000000000000e+01,1.074221999999999996e-06,0.000000000000000000e+00
5.122122964863046946e+02,2.050657627035136841e+02,3.000000000000000000e+01,1.100779999999999988e-06,0.000000000000000000e+00
5.126432024827586247e+02,2.050653317975172456e+02,3.000000000000000000e+01,1.060325000000000093e-06,0.000000000000000000e+00
5.130681354082261123e+02,2.050649068645917623e+02,3.000000000000000000e+01,1.103719000000000012e-06,0.000000000000000000e+00
5.134783389317994988e+02,2.050644966610682047e+02,3.000000000000000000e+01,1.109642000000000031e-06,0.000000000000000000e+00
5.138933296551724652e+02,2.050640816703448195e+02,3.000000000000000000e+01,1.044420000000000031e-06,0.000000000000000000e+00
5.142810930569618222e+02,2.050636939069430298e+02,3.000000000000000000e+01,1.007269000000000071e-06,0.000000000000000000e+00
5.147267325540341290e+02,2.050632482674459709e+02,3.000000000000000000e+01,1.029752000000000022e-06,0.000000000000000000e+00
5.151597512177138469e+02,2.050628152487823002e+02,3.000000000000000000e+01,1.034320999999999935e-06,0.000000000000000000e+00
5.155494672194656687e+02,2.050624255327805372e+02,3.000000000000000000e+01,9.828654999999999412e-07,0.000000000000000000e+00
5.159980065544571062e+02,2.050619769934455405e+02,3.000000000000000000e+01,1.043895999999999966e-06,0.000000000000000000e+00
5.163969481791073122e+02,2.050615780518209021e+02,3.000000000000000000e+01,1.018561000000000064e-06,0.000000000000000000e+00
5.168010518705436880e+02,2.050611739481294649e+02,3.000000000000000000e+01,1.082808000000000044e-06,0.000000000000000000e+00
5.172224401752255289e+02,2.050607525598247776e+02,3.000000000000000000e+01,1.136883000000000030e-06,0.000000000000000000e+00
5.176684269376655720e+02,2.050603065730623484e+02,3.000000000000000000e+01,1.036416999999999982e-06,0.000000000000000000e+00
5.180610627884885844e+02,2.050599139372115189e+02,3.000000000000000000e+01,1.072693999999999957e-06,0.000000000000000000e+00
5.184898959308736721e+02,2.050594851040691253e+02,3.000000000000000000e+01,1.057632999999999899e-06,0.000000000000000000e+00
5.189329438100033940e+02,2.050590420561900089e+02,3.000000000000000000e+01,1.065781999999999954e-06,0.000000000000000000e+00
5.193482200694462563e+02,2.050586267799305631e+02,3.000000000000000000e+01,9.850482000000000313e-07,0.000000000000000000e+00
5.197621404103052782e+02,2.050582128595897018e+02,3.000000000000000000e+01,1.156978999999999947e-06,0.000000000000000000e+00
5.201692066795342271e+02,2.050578057933204548e+02,3.000000000000000000e+01,1.099717000000000079e-06,0.000000000000000000e+00
5.206001095703844612e+02,2.050573748904296281e+02,3.000000000000000000e+01,1.143023999999999926e-06,0.000000000000000000e+00
5.210280067210051129e+02,2.050569469932789843e+02,3.000000000000000000e+01,1.170876000000000062e-06,0.000000000000000000e+00
5.214251174829697675e+02,2.050565498825170323e+02,3.000000000000000000e+01,1.093153999999999970e-06,0.000000000000000000e+00
5.218678876921037499e+02,2.050561071123078989e+02,3.000000000000000000e+01,1.031919999999999939e-06,0.000000000000000000e+00
5.222550910603783905e+02,2.050557199089396363e+02,3.000000000000000000e+01,1.025895000000000069e-06,0.000000000000000000e+00
5.226790798034351155e+02,2.050552959201965564e+02,3.000000000000000000e+01,1.023057999999999896e-06,0.000000000000000000e+00
5.231067281332750554e+02,2.050548682718667237e+02,3.000000000000000000e+01,1.132560999999999946e-06,0.000000000000000000e+00
5.235246085999306160e+02,2.050544503914000813e+02,3.000000000000000000e+01,1.207285000000000080e-06,0.000000000000000000e+00
5.239456241043312730e+02,2.050540293758956807e+02,3.000000000000000000e+01,1.169610000000000055e-06,0.000000000000000000e+00
5.243331100379039071e+02,2.050536418899621083e+02,3.000000000000000000e+01,1.226027999999999919e-06,0.000000000000000000e+00
5.247484468799201522e+02,2.050532265531200835e+02,3.000000000000000000e+01,1.156716999999999915e-06,0.000000000000000000e+00
5.251644036594238969e+02,2.050528105963405778e+02,3.000000000000000000e+01,1.034219000000000084e-06,0.000000000000000000e+00
5.255872974934397917e+02,2.050523877025065644e+02,3.000000000000000000e+01,1.065680000000000103e-06,0.000000000000000000e+00
5.260197703227653392e+02,2.050519552296772474e+02,3.000000000000000000e+01,9.846844000000000264e-07,0.000000000000000000e+00
5.264437633378659029e+02,2.050515312366621288e+02,3.000000000000000000e+01,1.110777000000000021e-06,0.000000000000000000e+00
5.268429999360671445e+02,2.050511320000639444e+02,3.000000000000000000e+01,1.055829000000000077e-06,0.000000000000000000e+00
5.272688938592027625e+02,2.050507061061408081e+02,3.000000000000000000e+01,1.286301999999999920e-06,0.000000000000000000e+00
5.276963564164732361e+02,2.050502786435835390e+02,3.000000000000000000e+01,1.200970000000000040e-06,0.000000000000000000e+00
5.281267990804797137e+02,2.050498482009195129e+02,3.000000000000000000e+01,1.192631000000000034e-06,0.000000000000000000e+00
5.285349742057209141e+02,2.050494400257942686e+02,3.000000000000000000e+01,1.032312999999999987e-06,0.000000000000000000e+00
5.289582940281495667e+02,2.050490167059718658e+02,3.000000000000000000e+01,9.753129999999999402e-07,0.000000000000000000e+00
5.293732890818489523e+02,2.050486017109181489e+02,3.000000000000000000e+01,1.045903999999999914e-06,0.000000000000000000e+00
5.298045003075188788e+02,2.050481704996924748e+02,3.000000000000000000e+01,1.009248000000000065e-06,0.000000000000000000e+00
5.302086927436246242e+02,2.050477663072563814e+02,3.000000000000000000e+01,1.079316000000000001e-06,0.000000000000000000e+00
5.306326825935115039e+02,2.050473423174065033e+02,3.000000000000000000e+01,1.118518000000000037e-06,0.000000000000000000e+00
5.310314228197910325e+02,2.050469435771802011e+02,3.000000000000000000e+01,1.209730000000000020e-06,0.000000000000000000e+00
5.314782462151774780e+02,2.050464967537848224e+02,3.000000000000000000e+01,1.253938999999999989e-06,0.000000000000000000e+00
5.318674214916180745e+02,2.050461075785083835e+02,3.000000000000000000e+01,1.292981000000000055e-06,0.000000000000000000e+00
5.322812840754876333e+02,2.050456937159245285e+02,3.000000000000000000e+01,1.262655000000000026e-06,0.000000000000000000e+00
5.327064940860099114e+02,2.050452685059139810e+02,3.000000000000000000e+01,1.101783999999999961e-06,0.000000000000000000e+00
5.331148991056170416e+02,2.050448601008943967e+02,3.000000000000000000e+01,1.208928999999999933e-06,0.000000000000000000e+00
5.335455721021014597e+02,2.050444294278979100e+02,3.000000000000000000e+01,1.214547000000000003e-06,0.000000000000000000e+00
5.339488716963668367e+02,2.050440261283036421e+02,3.000000000000000000e+01,1.101390999999999913e-06,0.000000000000000000e+00
5.343590161316828926e+02,2.050436159838683068e+02,3.000000000000000000e+01,1.157386999999999986e-06,0.000000000000000000e+00
5.347971067461832035e+02,2.050431778932538123e+02,3.000000000000000000e+01,1.190317999999999926e-06,0.000000000000000000e+00
5.352210949211574871e+02,2.050427539050788539e+02,3.000000000000000000e+01,9.501963999999999891e-07,0.000000000000000000e+00
5.356200933037524692e+02,2.050423549066962607e+02,3.000000000000000000e+01,1.272724999999999957e-06,0.000000000000000000e+00
5.360623513452321731e+02,2.050419126486547725e+02,3.000000000000000000e+01,1.181949999999999966e-06,0.000000000000000000e+00
5.364477944153366025e+02,2.050415272055846572e+02,3.000000000000000000e+01,1.188106000000000064e-06,0.000000000000000000e+00
5.368795175677896623e+02,2.050410954824322118e+02,3.000000000000000000e+01,1.255378999999999928e-06,0.000000000000000000e+00
5.372947938272324109e+02,2.050406802061727660e+02,3.000000000000000000e+01,1.328968000000000072e-06,0.000000000000000000e+00
5.377175474913254902e+02,2.050402574525086834e+02,3.000000000000000000e+01,1.241729000000000067e-06,0.000000000000000000e+00
5.381254945102035663e+02,2.050398495054897978e+02,3.000000000000000000e+01,1.182736000000000063e-06,0.000000000000000000e+00
5.385617871323266854e+02,2.050394132128676858e+02,3.000000000000000000e+01,1.275591999999999899e-06,0.000000000000000000e+00
5.389855300040554766e+02,2.050389894699959541e+02,3.000000000000000000e+01,1.284963000000000016e-06,0.000000000000000000e+00
5.394272416423251570e+02,2.050385477583576801e+02,3.000000000000000000e+01,1.198873999999999992e-06,0.000000000000000000e+00
5.398332658908848316e+02,2.050381417341091037e+02,3.000000000000000000e+01,1.191539999999999988e-06,0.000000000000000000e+00
5.402340986280930792e+02,2.050377409013719046e+02,3.000000000000000000e+01,1.251625000000000066e-06,0.000000000000000000e+00
5.406645412920995568e+02,2.050373104587079069e+02,3.000000000000000000e+01,1.190347000000000091e-06,0.000000000000000000e+00
5.410727164173407573e+02,2.050369022835826627e+02,3.000000000000000000e+01,1.166671000000000032e-06,0.000000000000000000e+00
5.415034810439429975e+02,2.050364715189560627e+02,3.000000000000000000e+01,1.060369000000000037e-06,0.000000000000000000e+00
5.419115689486468455e+02,2.050360634310513603e+02,3.000000000000000000e+01,1.091437000000000008e-06,0.000000000000000000e+00
5.423074623097515996e+02,2.050356675376902444e+02,3.000000000000000000e+01,1.107589999999999928e-06,0.000000000000000000e+00
5.427506450469519450e+02,2.050352243549530442e+02,3.000000000000000000e+01,1.160209999999999984e-06,0.000000000000000000e+00
5.431496984007633273e+02,2.050348253015992270e+02,3.000000000000000000e+01,1.241307000000000065e-06,0.000000000000000000e+00
5.435734406317095591e+02,2.050344015593682911e+02,3.000000000000000000e+01,1.281179999999999988e-06,0.000000000000000000e+00
5.439749430201037512e+02,2.050340000569798917e+02,3.000000000000000000e+01,1.311171000000000088e-06,0.000000000000000000e+00
5.444124228017069527e+02,2.050335625771982961e+02,3.000000000000000000e+01,1.257634999999999945e-06,0.000000000000000000e+00
5.448279637458584830e+02,2.050331470362541495e+02,3.000000000000000000e+01,1.276653999999999991e-06,0.000000000000000000e+00
5.452242997721805295e+02,2.050327507002278082e+02,3.000000000000000000e+01,1.309017999999999950e-06,0.000000000000000000e+00
5.456530969507698501e+02,2.050323219030492226e+02,3.000000000000000000e+01,1.267675999999999923e-06,0.000000000000000000e+00
5.460840001214435233e+02,2.050318909998785557e+02,3.000000000000000000e+01,1.257212999999999943e-06,0.000000000000000000e+00
5.464913887926716143e+02,2.050314836112073351e+02,3.000000000000000000e+01,1.221852000000000054e-06,0.000000000000000000e+00
5.469057015993851110e+02,2.050310692984006096e+02,3.000000000000000000e+01,1.346706999999999937e-06,0.000000000000000000e+00
5.473493029898218083e+02,2.050306256970101799e+02,3.000000000000000000e+01,1.335648000000000023e-06,0.000000000000000000e+00
5.477642973170408141e+02,2.050302107026829503e+02,3.000000000000000000e+01,1.379986999999999981e-06,0.000000000000000000e+00
5.481765502669820762e+02,2.050297984497330219e+02,3.000000000000000000e+01,1.301799999999999971e-06,0.000000000000000000e+00
5.486005483619960614e+02,2.050293744516380059e+02,3.000000000000000000e+01,1.351334999999999997e-06,0.000000000000000000e+00
5.490312184285745616e+02,2.050289437815714280e+02,3.000000000000000000e+01,1.400535000000000093e-06,0.000000000000000000e+00
5.494534256739204920e+02,2.050285215743260778e+02,3.000000000000000000e+01,1.413529000000000057e-06,0.000000000000000000e+00
5.498411989397794741e+02,2.050281338010602212e+02,3.000000000000000000e+01,1.554187999999999967e-06,0.000000000000000000e+00
5.502570202390860459e+02,2.050277179797609222e+02,3.000000000000000000e+01,1.357576999999999928e-06,0.000000000000000000e+00
5.507053118099191806e+02,2.050272696881900742e+02,3.000000000000000000e+01,1.380990999999999955e-06,0.000000000000000000e+00
5.511040540852595768e+02,2.050268709459147374e+02,3.000000000000000000e+01,1.359746000000000085e-06,0.000000000000000000e+00
5.515280464312977529e+02,2.050264469535686942e+02,3.000000000000000000e+01,1.497086000000000069e-06,0.000000000000000000e+00
5.519332161804380803e+02,2.050260417838195508e+02,3.000000000000000000e+01,1.496082000000000095e-06,0.000000000000000000e+00
5.523614248554085862e+02,2.050256135751446038e+02,3.000000000000000000e+01,1.551117999999999927e-06,0.000000000000000000e+00
5.527716080154409610e+02,2.050252033919845474e+02,3.000000000000000000e+01,1.540611000000000004e-06,0.000000000000000000e+00
5.531725111438727254e+02,2.050248024888561247e+02,3.000000000000000000e+01,1.332984999999999995e-06,0.000000000000000000e+00
5.536104610245066624e+02,2.050243645389755045e+02,3.000000000000000000e+01,1.314910999999999988e-06,0.000000000000000000e+00
5.540184117733296034e+02,2.050239565882266675e+02,3.000000000000000000e+01,1.400520000000000103e-06,0.000000000000000000e+00
5.544377680428329995e+02,2.050235372319571638e+02,3.000000000000000000e+01,1.520369999999999895e-06,0.000000000000000000e+00
5.548533139640045420e+02,2.050231216860360064e+02,3.000000000000000000e+01,1.423336999999999956e-06,0.000000000000000000e+00
5.552433123098026044e+02,2.050227316876901966e+02,3.000000000000000000e+01,1.377600999999999975e-06,0.000000000000000000e+00
5.556731507438732933e+02,2.050223018492561380e+02,3.000000000000000000e+01,1.342297999999999993e-06,0.000000000000000000e+00
5.561144610797013002e+02,2.050218605389202935e+02,3.000000000000000000e+01,1.393491000000000047e-06,0.000000000000000000e+00
5.565132033550418100e+02,2.050214617966449566e+02,3.000000000000000000e+01,1.329593999999999988e-06,0.000000000000000000e+00
5.569369462267707149e+02,2.050210380537732249e+02,3.000000000000000000e+01,1.261985999999999982e-06,0.000000000000000000e+00
5.573735374622949621e+02,2.050206014625377122e+02,3.000000000000000000e+01,1.150416000000000049e-06,0.000000000000000000e+00
5.577613131454926361e+02,2.050202136868545040e+02,3.000000000000000000e+01,1.216787000000000002e-06,0.000000000000000000e+00
5.581899275346981995e+02,2.050197850724653108e+02,3.000000000000000000e+01,1.284949000000000053e-06,0.000000000000000000e+00
5.586203771287300697e+02,2.050193546228712762e+02,3.000000000000000000e+01,1.367617999999999905e-06,0.000000000000000000e+00
5.590559047649037439e+02,2.050189190952351055e+02,3.000000000000000000e+01,1.223044999999999951e-06,0.000000000000000000e+00
5.594796476366325351e+02,2.050184953523633737e+02,3.000000000000000000e+01,1.438224000000000081e-06,0.000000000000000000e+00
5.598896699878556547e+02,2.050180853300121555e+02,3.000000000000000000e+01,1.513064000000000028e-06,0.000000000000000000e+00
5.603026330704453812e+02,2.050176723669295598e+02,3.000000000000000000e+01,1.467895000000000029e-06,0.000000000000000000e+00
5.607263759421741725e+02,2.050172486240578280e+02,3.000000000000000000e+01,1.469976000000000086e-06,0.000000000000000000e+00
5.611594230638445424e+02,2.050168155769361533e+02,3.000000000000000000e+01,1.427280999999999981e-06,0.000000000000000000e+00
5.615675962247619282e+02,2.050164074037752471e+02,3.000000000000000000e+01,1.359207000000000029e-06,0.000000000000000000e+00
5.619978876390914593e+02,2.050159771123609005e+02,3.000000000000000000e+01,1.338616000000000001e-06,0.000000000000000000e+00
5.623856633222890196e+02,2.050155893366777207e+02,3.000000000000000000e+01,1.378678000000000058e-06,0.000000000000000000e+00
5.627958384446565105e+02,2.050151791615553520e+02,3.000000000000000000e+01,1.402368000000000081e-06,0.000000000000000000e+00
5.631996145180108897e+02,2.050147753854819825e+02,3.000000000000000000e+01,1.470674999999999899e-06,0.000000000000000000e+00
5.636302900062892149e+02,2.050143447099937077e+02,3.000000000000000000e+01,1.477922000000000044e-06,0.000000000000000000e+00
5.640558810766967781e+02,2.050139191189232974e+02,3.000000000000000000e+01,1.420411999999999895e-06,0.000000000000000000e+00
5.644622827979961812e+02,2.050135127172020191e+02,3.000000000000000000e+01,1.292254000000000105e-06,0.000000000000000000e+00
5.648775431476220774e+02,2.050130974568523925e+02,3.000000000000000000e+01,1.325286999999999895e-06,0.000000000000000000e+00
5.652892851586429970e+02,2.050126857148413535e+02,3.000000000000000000e+01,1.412801999999999895e-06,0.000000000000000000e+00
5.657132781125953898e+02,2.050122617218873984e+02,3.000000000000000000e+01,1.311228999999999995e-06,0.000000000000000000e+00
5.661350194012165957e+02,2.050118399805987792e+02,3.000000000000000000e+01,1.247390000000000054e-06,0.000000000000000000e+00
5.665550169720891063e+02,2.050114199830279063e+02,3.000000000000000000e+01,1.487117999999999989e-06,0.000000000000000000e+00
5.669825067599660997e+02,2.050109924932400247e+02,3.000000000000000000e+01,1.481268999999999895e-06,0.000000000000000000e+00
5.673980538669918587e+02,2.050105769461329999e+02,3.000000000000000000e+01,1.427077000000000067e-06,0.000000000000000000e+00
5.678322417385910512e+02,2.050101427582614235e+02,3.000000000000000000e+01,1.352164000000000010e-06,0.000000000000000000e+00
5.682327178243331218e+02,2.050097422821756652e+02,3.000000000000000000e+01,1.157982999999999921e-06,0.000000000000000000e+00
5.686547268856604660e+02,2.050093202731143549e+02,3.000000000000000000e+01,1.113280000000000080e-06,0.000000000000000000e+00
5.690938363514128469e+02,2.050088811636485957e+02,3.000000000000000000e+01,1.365725999999999983e-06,0.000000000000000000e+00
5.695020114330326351e+02,2.050084729885669788e+02,3.000000000000000000e+01,1.359119999999999957e-06,0.000000000000000000e+00
5.699179994274657020e+02,2.050080570005725349e+02,3.000000000000000000e+01,1.314707000000000074e-06,0.000000000000000000e+00
5.703329977490922147e+02,2.050076420022509183e+02,3.000000000000000000e+01,1.337175000000000034e-06,0.000000000000000000e+00
5.707280752495875049e+02,2.050072469247504046e+02,3.000000000000000000e+01,1.330335999999999929e-06,0.000000000000000000e+00
5.711567555133376572e+02,2.050068182444866522e+02,3.000000000000000000e+01,1.276537999999999966e-06,0.000000000000000000e+00
5.715803502757290744e+02,2.050063946497242853e+02,3.000000000000000000e+01,1.292108000000000098e-06,0.000000000000000000e+00
5.719949034675431676e+02,2.050059800965324541e+02,3.000000000000000000e+01,1.502471000000000061e-06,0.000000000000000000e+00
5.724191579332060655e+02,2.050055558420667978e+02,3.000000000000000000e+01,1.310399999999999981e-06,0.000000000000000000e+00
5.727979421570757950e+02,2.050051770578429284e+02,3.000000000000000000e+01,1.273511000000000054e-06,0.000000000000000000e+00
5.732421472150389263e+02,2.050047328527849686e+02,3.000000000000000000e+01,1.337364999999999985e-06,0.000000000000000000e+00
5.736735259352432195e+02,2.050043014740647607e+02,3.000000000000000000e+01,1.302993000000000079e-06,0.000000000000000000e+00
5.740814754248535792e+02,2.050038935245751475e+02,3.000000000000000000e+01,1.318635999999999897e-06,0.000000000000000000e+00
5.745121545678905477e+02,2.050034628454321251e+02,3.000000000000000000e+01,1.347493000000000034e-06,0.000000000000000000e+00
5.749118621856438267e+02,2.050030631378143653e+02,3.000000000000000000e+01,1.265740000000000057e-06,0.000000000000000000e+00
5.753176097797332886e+02,2.050026573902202642e+02,3.000000000000000000e+01,1.420106999999999946e-06,0.000000000000000000e+00
5.757362197167703926e+02,2.050022387802832213e+02,3.000000000000000000e+01,1.369582999999999936e-06,0.000000000000000000e+00
5.761529900361814498e+02,2.050018220099638313e+02,3.000000000000000000e+01,1.396124999999999910e-06,0.000000000000000000e+00
5.765825775424032145e+02,2.050013924224575987e+02,3.000000000000000000e+01,1.353561000000000033e-06,0.000000000000000000e+00
5.770261007383257947e+02,2.050009488992616866e+02,3.000000000000000000e+01,1.335182000000000077e-06,0.000000000000000000e+00
5.774050626894725156e+02,2.050005699373105301e+02,3.000000000000000000e+01,1.298496000000000036e-06,0.000000000000000000e+00
5.778381155067854706e+02,2.050001368844932301e+02,3.000000000000000000e+01,1.317836000000000049e-06,0.000000000000000000e+00
5.782533808487289662e+02,2.049997216191512734e+02,3.000000000000000000e+01,1.305888999999999975e-06,0.000000000000000000e+00
5.787020411870795442e+02,2.049992729588129237e+02,3.000000000000000000e+01,1.161213999999999958e-06,0.000000000000000000e+00
5.790920749791811204e+02,2.049988829250208084e+02,3.000000000000000000e+01,1.185645999999999922e-06,0.000000000000000000e+00
5.795255220878360660e+02,2.049984494779121746e+02,3.000000000000000000e+01,1.191001999999999960e-06,0.000000000000000000e+00
5.799716840353063390e+02,2.049980033159646950e+02,3.000000000000000000e+01,1.131382000000000012e-06,0.000000000000000000e+00
5.803869500381679245e+02,2.049975880499618484e+02,3.000000000000000000e+01,1.144494000000000057e-06,0.000000000000000000e+00
5.807747227248389663e+02,2.049972002772751694e+02,3.000000000000000000e+01,1.235879999999999973e-06,0.000000000000000000e+00
5.812006756721823422e+02,2.049967743243278164e+02,3.000000000000000000e+01,1.129882999999999927e-06,0.000000000000000000e+00
5.816088507974235426e+02,2.049963661492025722e+02,3.000000000000000000e+01,1.134364999999999980e-06,0.000000000000000000e+00
5.820434779713740454e+02,2.049959315220286271e+02,3.000000000000000000e+01,9.637296999999999320e-07,0.000000000000000000e+00
5.824476959892433570e+02,2.049955273040107500e+02,3.000000000000000000e+01,1.035863999999999964e-06,0.000000000000000000e+00
5.828510708892836192e+02,2.049951239291107186e+02,3.000000000000000000e+01,1.121151999999999900e-06,0.000000000000000000e+00
5.832858690388618470e+02,2.049946891309611487e+02,3.000000000000000000e+01,1.051375999999999978e-06,0.000000000000000000e+00
5.836884433388200932e+02,2.049942865566611943e+02,3.000000000000000000e+01,1.268170000000000006e-06,0.000000000000000000e+00
5.841121862105488844e+02,2.049938628137894625e+02,3.000000000000000000e+01,9.741925000000000329e-07,0.000000000000000000e+00
5.845506368233632202e+02,2.049934243631766435e+02,3.000000000000000000e+01,1.185194999999999966e-06,0.000000000000000000e+00
5.849549141984732614e+02,2.049930200858015326e+02,3.000000000000000000e+01,1.244377999999999921e-06,0.000000000000000000e+00
5.853701826363083001e+02,2.049926048173636843e+02,3.000000000000000000e+01,1.290245999999999945e-06,0.000000000000000000e+00
5.857819069577041091e+02,2.049921930930422889e+02,3.000000000000000000e+01,1.231629999999999972e-06,0.000000000000000000e+00
5.861874047258847895e+02,2.049917875952741042e+02,3.000000000000000000e+01,1.210631999999999931e-06,0.000000000000000000e+00
5.866183088249837283e+02,2.049913566911750138e+02,3.000000000000000000e+01,1.248816000000000030e-06,0.000000000000000000e+00
5.870543486907599799e+02,2.049909206513092386e+02,3.000000000000000000e+01,1.041029000000000024e-06,0.000000000000000000e+00
5.874575904274988716e+02,2.049905174095725044e+02,3.000000000000000000e+01,1.190462999999999905e-06,0.000000000000000000e+00
5.878768654729358332e+02,2.049900981345270736e+02,3.000000000000000000e+01,1.228428999999999915e-06,0.000000000000000000e+00
5.883059537053039776e+02,2.049896690462946935e+02,3.000000000000000000e+01,1.158419999999999914e-06,0.000000000000000000e+00
5.887264555719892769e+02,2.049892485444280226e+02,3.000000000000000000e+01,1.140841000000000018e-06,0.000000000000000000e+00
5.891341784038862670e+02,2.049888408215961135e+02,3.000000000000000000e+01,1.265521999999999968e-06,0.000000000000000000e+00
5.895653033530674065e+02,2.049884096966469258e+02,3.000000000000000000e+01,1.173102999999999913e-06,0.000000000000000000e+00
5.899948039866405907e+02,2.049879801960133534e+02,3.000000000000000000e+01,1.067659000000000098e-06,0.000000000000000000e+00
5.903825696670907064e+02,2.049875924303329100e+02,3.000000000000000000e+01,1.001914000000000060e-06,0.000000000000000000e+00
5.907981166759443568e+02,2.049871768833240537e+02,3.000000000000000000e+01,9.592767999999999835e-07,0.000000000000000000e+00
5.912423081371216540e+02,2.049867326918628692e+02,3.000000000000000000e+01,8.963688999999999527e-07,0.000000000000000000e+00
5.916410444485793505e+02,2.049863339555514301e+02,3.000000000000000000e+01,1.054052999999999969e-06,0.000000000000000000e+00
5.920591206991975923e+02,2.049859158793007907e+02,3.000000000000000000e+01,1.028908000000000017e-06,0.000000000000000000e+00
5.924640247767175651e+02,2.049855109752232920e+02,3.000000000000000000e+01,1.342793000000000105e-06,0.000000000000000000e+00
5.929031806117897077e+02,2.049850718193882244e+02,3.000000000000000000e+01,1.252439999999999904e-06,0.000000000000000000e+00
5.933061451558196495e+02,2.049846688548441875e+02,3.000000000000000000e+01,1.004634999999999996e-06,0.000000000000000000e+00
5.937105071024381004e+02,2.049842644928975517e+02,3.000000000000000000e+01,1.154737999999999921e-06,0.000000000000000000e+00
5.941447683667671527e+02,2.049838302316332488e+02,3.000000000000000000e+01,1.006904999999999976e-06,0.000000000000000000e+00
5.945531763162803145e+02,2.049834218236837273e+02,3.000000000000000000e+01,1.001826999999999988e-06,0.000000000000000000e+00
5.949802632215654512e+02,2.049829947367784371e+02,3.000000000000000000e+01,1.070714999999999963e-06,0.000000000000000000e+00
5.953955251398128894e+02,2.049825794748601879e+02,3.000000000000000000e+01,9.905779999999999118e-07,0.000000000000000000e+00
5.958226969963783404e+02,2.049821523030036303e+02,3.000000000000000000e+01,9.768701000000000832e-07,0.000000000000000000e+00
5.962081398421235008e+02,2.049817668601578760e+02,3.000000000000000000e+01,1.097083000000000004e-06,0.000000000000000000e+00
5.966524520165080503e+02,2.049813225479834955e+02,3.000000000000000000e+01,9.282520999999999585e-07,0.000000000000000000e+00
5.970511942918485602e+02,2.049809238057081586e+02,3.000000000000000000e+01,1.020555000000000048e-06,0.000000000000000000e+00
5.974749317977099281e+02,2.049805000682023035e+02,3.000000000000000000e+01,9.758369000000000658e-07,0.000000000000000000e+00
5.979154651618204070e+02,2.049800595348381762e+02,3.000000000000000000e+01,9.790091999999999862e-07,0.000000000000000000e+00
5.983310193590797326e+02,2.049796439806409296e+02,3.000000000000000000e+01,9.647046999999999524e-07,0.000000000000000000e+00
5.987469637353343614e+02,2.049792280362646579e+02,3.000000000000000000e+01,1.031220999999999914e-06,0.000000000000000000e+00
5.991549093957926289e+02,2.049788200906042164e+02,3.000000000000000000e+01,1.018838000000000087e-06,0.000000000000000000e+00
5.995855869462818646e+02,2.049783894130537192e+02,3.000000000000000000e+01,9.556969999999999319e-07,0.000000000000000000e+00
6.000183890035544891e+02,2.049779566109964435e+02,3.000000000000000000e+01,1.039341000000000016e-06,0.000000000000000000e+00
6.004246611745315931e+02,2.049775503388254663e+02,3.000000000000000000e+01,7.752242000000000180e-07,0.000000000000000000e+00
6.008408703545015896e+02,2.049771341296454921e+02,3.000000000000000000e+01,8.015048999999999576e-07,0.000000000000000000e+00
6.012664996744950940e+02,2.049767085003255147e+02,3.000000000000000000e+01,7.293565000000000234e-07,0.000000000000000000e+00
6.016782137516153171e+02,2.049762967862483833e+02,3.000000000000000000e+01,1.068300000000000004e-06,0.000000000000000000e+00
6.021030397883322394e+02,2.049758719602116628e+02,3.000000000000000000e+01,8.338102000000000107e-07,0.000000000000000000e+00
6.025309073070271779e+02,2.049754440926929817e+02,3.000000000000000000e+01,7.849449000000000264e-07,0.000000000000000000e+00
6.029289769457919874e+02,2.049750460230542046e+02,3.000000000000000000e+01,8.989736999999999840e-07,0.000000000000000000e+00
6.033500708844068185e+02,2.049746249291156062e+02,3.000000000000000000e+01,8.858187000000000227e-07,0.000000000000000000e+00
6.037355163879250313e+02,2.049742394836120809e+02,3.000000000000000000e+01,7.999769999999999642e-07,0.000000000000000000e+00
6.041830612581406967e+02,2.049737919387418685e+02,3.000000000000000000e+01,6.820773999999999690e-07,0.000000000000000000e+00
6.045817975695985069e+02,2.049733932024304011e+02,3.000000000000000000e+01,7.637573000000000042e-07,0.000000000000000000e+00
6.050055405735006389e+02,2.049729694594265084e+02,3.000000000000000000e+01,8.523348000000000044e-07,0.000000000000000000e+00
6.054129863636363780e+02,2.049725620136363773e+02,3.000000000000000000e+01,6.849149999999999891e-07,0.000000000000000000e+00
6.058369798923847611e+02,2.049721380201076215e+02,3.000000000000000000e+01,9.072391999999999729e-07,0.000000000000000000e+00
6.062527987743525273e+02,2.049717222012256457e+02,3.000000000000000000e+01,8.161005000000000225e-07,0.000000000000000000e+00
6.066831967590544537e+02,2.049712918032409448e+02,3.000000000000000000e+01,7.448398000000000070e-07,0.000000000000000000e+00
6.071043811379269073e+02,2.049708706188620795e+02,3.000000000000000000e+01,1.063338000000000042e-06,0.000000000000000000e+00
6.075218214187503918e+02,2.049704531785812378e+02,3.000000000000000000e+01,7.849449000000000264e-07,0.000000000000000000e+00
6.079422081327361411e+02,2.049700327918672542e+02,3.000000000000000000e+01,6.983173000000000217e-07,0.000000000000000000e+00
6.083849819047366054e+02,2.049695900180952606e+02,3.000000000000000000e+01,7.637573000000000042e-07,0.000000000000000000e+00
6.087952251851145320e+02,2.049691797748148758e+02,3.000000000000000000e+01,5.759210999999999517e-07,0.000000000000000000e+00
6.091995118023899067e+02,2.049687754881976218e+02,3.000000000000000000e+01,8.180504999999999572e-07,0.000000000000000000e+00
6.096301901140750488e+02,2.049683448098859344e+02,3.000000000000000000e+01,8.641509000000000013e-07,0.000000000000000000e+00
6.100385906553892710e+02,2.049679364093446168e+02,3.000000000000000000e+01,8.485512999999999626e-07,0.000000000000000000e+00
6.104624418204468839e+02,2.049675125581795498e+02,3.000000000000000000e+01,6.061163999999999945e-07,0.000000000000000000e+00
6.108777048267819509e+02,2.049670972951732324e+02,3.000000000000000000e+01,8.759380000000000446e-07,0.000000000000000000e+00
6.112652025721631617e+02,2.049667097974278249e+02,3.000000000000000000e+01,7.528578999999999853e-07,0.000000000000000000e+00
6.116933371061762728e+02,2.049662816628938344e+02,3.000000000000000000e+01,8.184142999999999621e-07,0.000000000000000000e+00
6.121138853316899713e+02,2.049658611146683143e+02,3.000000000000000000e+01,1.066189999999999994e-06,0.000000000000000000e+00
6.125356545095420415e+02,2.049654393454904664e+02,3.000000000000000000e+01,8.697533999999999616e-07,0.000000000000000000e+00
6.129596474125673922e+02,2.049650153525874430e+02,3.000000000000000000e+01,8.003989999999999662e-07,0.000000000000000000e+00
6.133712671368466545e+02,2.049646037328631678e+02,3.000000000000000000e+01,8.101923999999999486e-07,0.000000000000000000e+00
6.137818826183205374e+02,2.049641931173816829e+02,3.000000000000000000e+01,8.462812000000000434e-07,0.000000000000000000e+00
6.142056251920415662e+02,2.049637693748079528e+02,3.000000000000000000e+01,7.170893000000000259e-07,0.000000000000000000e+00
6.146043685259667200e+02,2.049633706314740493e+02,3.000000000000000000e+01,9.280774999999999670e-07,0.000000000000000000e+00
6.150485088248433385e+02,2.049629264911751534e+02,3.000000000000000000e+01,9.072682999999999715e-07,0.000000000000000000e+00
6.154742758076657765e+02,2.049625007241923242e+02,3.000000000000000000e+01,8.349742999999999992e-07,0.000000000000000000e+00
6.158620462328713074e+02,2.049621129537671322e+02,3.000000000000000000e+01,9.128415999999999940e-07,0.000000000000000000e+00
6.162773269834875691e+02,2.049616976730165163e+02,3.000000000000000000e+01,9.436480000000000071e-07,0.000000000000000000e+00
6.167238273508432940e+02,2.049612511726491562e+02,3.000000000000000000e+01,7.092749000000000377e-07,0.000000000000000000e+00
6.171114261024962389e+02,2.049608635738975124e+02,3.000000000000000000e+01,6.228656000000000449e-07,0.000000000000000000e+00
6.175470580867407762e+02,2.049604279419132524e+02,3.000000000000000000e+01,9.391660999999999992e-07,0.000000000000000000e+00
6.179705609179827661e+02,2.049600044390820131e+02,3.000000000000000000e+01,8.335628000000000001e-07,0.000000000000000000e+00
6.183550530325761656e+02,2.049596199469674218e+02,3.000000000000000000e+01,8.107308999999999901e-07,0.000000000000000000e+00
6.187980999045801127e+02,2.049591769000954287e+02,3.000000000000000000e+01,7.209164000000000430e-07,0.000000000000000000e+00
6.192202527900067253e+02,2.049587547472100084e+02,3.000000000000000000e+01,7.608032000000000505e-07,0.000000000000000000e+00
6.196511589590110134e+02,2.049583238410409933e+02,3.000000000000000000e+01,8.806818999999999790e-07,0.000000000000000000e+00
6.200900144812615054e+02,2.049578849855187457e+02,3.000000000000000000e+01,9.333889000000000022e-07,0.000000000000000000e+00
6.204897632927093127e+02,2.049574852367072992e+02,3.000000000000000000e+01,9.039213000000000144e-07,0.000000000000000000e+00
6.209305489946192438e+02,2.049570444510053733e+02,3.000000000000000000e+01,9.240903000000000410e-07,0.000000000000000000e+00
6.213364905801527129e+02,2.049566385094198608e+02,3.000000000000000000e+01,1.023450999999999944e-06,0.000000000000000000e+00
6.217365820677091506e+02,2.049562384179322976e+02,3.000000000000000000e+01,1.058346000000000099e-06,0.000000000000000000e+00
6.221533166348600616e+02,2.049558216833651443e+02,3.000000000000000000e+01,8.685746999999999512e-07,0.000000000000000000e+00
6.225754224198130942e+02,2.049553995775801809e+02,3.000000000000000000e+01,1.018211999999999959e-06,0.000000000000000000e+00
6.230055898501053662e+02,2.049549694101498858e+02,3.000000000000000000e+01,7.850176000000000003e-07,0.000000000000000000e+00
6.233873779264347377e+02,2.049545876220735749e+02,3.000000000000000000e+01,9.380164999999999874e-07,0.000000000000000000e+00
6.238242348196251896e+02,2.049541507651803727e+02,3.000000000000000000e+01,7.683120000000000310e-07,0.000000000000000000e+00
0.000000000000000000e+00,2.055779750000000092e+02,3.500000000000000000e+01,2.258568999999999890e-05,0.000000000000000000e+00
0.000000000000000000e+00,2.055779750000000092e+02,3.500000000000000000e+01,-1.955093000000000155e-06,0.000000000000000000e+00
0.000000000000000000e+00,2.055779750000000092e+02,3.500000000000000000e+01,-9.840150999999999530e-07,0.000000000000000000e+00
4.800801355269099929e-02,2.055779269919864589e+02,3.500000000000000000e+01,-3.743334999999999817e-07,0.000000000000000000e+00
1.994011150094142926e-01,2.055777755988849833e+02,3.500000000000000000e+01,8.085043999999999403e-08,0.000000000000000000e+00
3.911384954801463976e-01,2.055775838615045359e+02,3.500000000000000000e+01,4.306785000000000008e-07,0.000000000000000000e+00
6.210700106311920488e-01,2.055773539299893571e+02,3.500000000000000000e+01,7.016060000000000424e-07,0.000000000000000000e+00
8.960713328562177615e-01,2.055770789286671345e+02,3.500000000000000000e+01,6.815098000000000348e-07,0.000000000000000000e+00
1.185548038664736792e+00,2.055767894519613321e+02,3.500000000000000000e+01,5.382316999999999954e-07,0.000000000000000000e+00
1.543388215828081833e+00,2.055764316117841872e+02,3.500000000000000000e+01,7.330817999999999622e-07,0.000000000000000000e+00
1.945473087390993561e+00,2.055760295269126061e+02,3.500000000000000000e+01,9.255454999999999547e-07,0.000000000000000000e+00
2.333268297768117616e+00,2.055756417317022340e+02,3.500000000000000000e+01,1.025066000000000055e-06,0.000000000000000000e+00
2.748927906451823056e+00,2.055752260720935567e+02,3.500000000000000000e+01,1.032603999999999973e-06,0.000000000000000000e+00
3.164646570232391820e+00,2.055748103534297684e+02,3.500000000000000000e+01,1.175853000000000014e-06,0.000000000000000000e+00
3.587792164125696459e+00,2.055743872078358834e+02,3.500000000000000000e+01,1.255466000000000000e-06,0.000000000000000000e+00
4.018669635808466367e+00,2.055739563303641830e+02,3.500000000000000000e+01,1.248365000000000075e-06,0.000000000000000000e+00
4.419480059926523374e+00,2.055735555199400721e+02,3.500000000000000000e+01,1.232386999999999903e-06,0.000000000000000000e+00
4.826035618331697918e+00,2.055731489643816587e+02,3.500000000000000000e+01,1.170671999999999936e-06,0.000000000000000000e+00
5.242933903459044309e+00,2.055727320660965347e+02,3.500000000000000000e+01,1.276596000000000084e-06,0.000000000000000000e+00
5.650946699225780634e+00,2.055723240533007754e+02,3.500000000000000000e+01,1.244305000000000024e-06,0.000000000000000000e+00
6.081494335389286299e+00,2.055718935056646046e+02,3.500000000000000000e+01,1.183565000000000077e-06,0.000000000000000000e+00
6.513639726965191556e+00,2.055714613602730481e+02,3.500000000000000000e+01,1.196429000000000052e-06,0.000000000000000000e+00
6.958377208736217234e+00,2.055710166227912623e+02,3.500000000000000000e+01,1.225402000000000003e-06,0.000000000000000000e+00
7.336515407943891454e+00,2.055706384845920525e+02,3.500000000000000000e+01,1.150111000000000100e-06,0.000000000000000000e+00
7.761672967769296605e+00,2.055702133270322349e+02,3.500000000000000000e+01,1.228633000000000041e-06,0.000000000000000000e+00
8.190070797996138907e+00,2.055697849292020010e+02,3.500000000000000000e+01,1.256906999999999967e-06,0.000000000000000000e+00
8.620710245656040271e+00,2.055693542897543580e+02,3.500000000000000000e+01,1.283172999999999945e-06,0.000000000000000000e+00
9.029947338066273588e+00,2.055689450526619453e+02,3.500000000000000000e+01,1.249281999999999976e-06,0.000000000000000000e+00
9.463837888324011516e+00,2.055685111621116903e+02,3.500000000000000000e+01,1.152672000000000066e-06,0.000000000000000000e+00
9.865000890990536675e+00,2.055681099991089980e+02,3.500000000000000000e+01,1.179170999999999912e-06,0.000000000000000000e+00
1.029767636057339963e+01,2.055676773236394297e+02,3.500000000000000000e+01,8.557399000000000194e-07,0.000000000000000000e+00
1.070149156061928863e+01,2.055672735084393707e+02,3.500000000000000000e+01,1.249908000000000104e-06,0.000000000000000000e+00
1.112536588244274860e+01,2.055668496341175455e+02,3.500000000000000000e+01,1.218155000000000071e-06,0.000000000000000000e+00
1.154491595818694449e+01,2.055664300840418264e+02,3.500000000000000000e+01,1.071676000000000020e-06,0.000000000000000000e+00
1.197052281733506618e+01,2.055660044771826733e+02,3.500000000000000000e+01,1.085572999999999923e-06,0.000000000000000000e+00
1.235821298359265263e+01,2.055656167870164097e+02,3.500000000000000000e+01,9.921641000000000083e-07,0.000000000000000000e+00
1.277399124268560726e+01,2.055652010087573274e+02,3.500000000000000000e+01,1.146618000000000031e-06,0.000000000000000000e+00
1.318401869241993651e+01,2.055647909813075955e+02,3.500000000000000000e+01,1.212538000000000028e-06,0.000000000000000000e+00
1.360911644468347959e+01,2.055643658835553254e+02,3.500000000000000000e+01,1.246546000000000050e-06,0.000000000000000000e+00
1.404369117530475286e+01,2.055639313088246922e+02,3.500000000000000000e+01,1.283261000000000045e-06,0.000000000000000000e+00
1.444776466991390329e+01,2.055635272353300991e+02,3.500000000000000000e+01,1.273859999999999947e-06,0.000000000000000000e+00
1.485154287787526073e+01,2.055631234571221171e+02,3.500000000000000000e+01,1.313091999999999963e-06,0.000000000000000000e+00
1.528639610331591214e+01,2.055626886038966745e+02,3.500000000000000000e+01,1.365566000000000014e-06,0.000000000000000000e+00
1.568856995238322405e+01,2.055622864300476067e+02,3.500000000000000000e+01,1.360516999999999979e-06,0.000000000000000000e+00
1.612468135807941749e+01,2.055618503186419161e+02,3.500000000000000000e+01,1.374777999999999977e-06,0.000000000000000000e+00
1.655085544734906478e+01,2.055614241445526602e+02,3.500000000000000000e+01,1.418332000000000077e-06,0.000000000000000000e+00
1.695518209740503934e+01,2.055610198179026042e+02,3.500000000000000000e+01,1.365552000000000051e-06,0.000000000000000000e+00
1.737038224583984913e+01,2.055606046177541657e+02,3.500000000000000000e+01,1.269042999999999964e-06,0.000000000000000000e+00
1.778600775250211896e+01,2.055601889922475038e+02,3.500000000000000000e+01,1.387379999999999920e-06,0.000000000000000000e+00
1.819249312392501139e+01,2.055597825068760756e+02,3.500000000000000000e+01,1.351464999999999985e-06,0.000000000000000000e+00
1.861789284646179965e+01,2.055593571071535450e+02,3.500000000000000000e+01,1.354783000000000095e-06,0.000000000000000000e+00
1.905354285146115245e+01,2.055589214571485286e+02,3.500000000000000000e+01,1.401248000000000081e-06,0.000000000000000000e+00
1.950208441626509881e+01,2.055584729155837351e+02,3.500000000000000000e+01,1.399049999999999971e-06,0.000000000000000000e+00
1.991830365622498533e+01,2.055580566963437832e+02,3.500000000000000000e+01,1.339562000000000067e-06,0.000000000000000000e+00
2.030598613596268009e+01,2.055576690138640288e+02,3.500000000000000000e+01,1.038643000000000018e-06,0.000000000000000000e+00
2.072683946858667170e+01,2.055572481605314294e+02,3.500000000000000000e+01,1.345077000000000048e-06,0.000000000000000000e+00
2.115762183607382241e+01,2.055568173781639416e+02,3.500000000000000000e+01,1.361273000000000096e-06,0.000000000000000000e+00
2.156544221330268130e+01,2.055564095577867079e+02,3.500000000000000000e+01,1.265711000000000103e-06,0.000000000000000000e+00
2.199541059090836725e+01,2.055559795894091053e+02,3.500000000000000000e+01,1.170047000000000048e-06,0.000000000000000000e+00
2.240407679437878130e+01,2.055555709232056358e+02,3.500000000000000000e+01,1.333551999999999976e-06,0.000000000000000000e+00
2.281837470130490075e+01,2.055551566252987072e+02,3.500000000000000000e+01,1.407607000000000066e-06,0.000000000000000000e+00
2.320178468719559461e+01,2.055547732153128209e+02,3.500000000000000000e+01,1.320425999999999968e-06,0.000000000000000000e+00
2.364090391316586803e+01,2.055543340960868477e+02,3.500000000000000000e+01,1.220512999999999939e-06,0.000000000000000000e+00
2.408154469156365352e+01,2.055538934553084403e+02,3.500000000000000000e+01,1.304374999999999899e-06,0.000000000000000000e+00
2.446679104213745148e+01,2.055535082089578509e+02,3.500000000000000000e+01,1.315188000000000011e-06,0.000000000000000000e+00
2.490245518405428271e+01,2.055530725448159615e+02,3.500000000000000000e+01,1.250998999999999938e-06,0.000000000000000000e+00
2.531104990405305344e+01,2.055526639500959618e+02,3.500000000000000000e+01,1.323801999999999985e-06,0.000000000000000000e+00
2.571342940342658778e+01,2.055522615705965848e+02,3.500000000000000000e+01,1.281398000000000077e-06,0.000000000000000000e+00
2.614442091637751631e+01,2.055518305790836280e+02,3.500000000000000000e+01,1.333770000000000064e-06,0.000000000000000000e+00
2.658285384899448900e+01,2.055513921461510165e+02,3.500000000000000000e+01,1.276872000000000080e-06,0.000000000000000000e+00
2.698338294151070116e+01,2.055509916170584859e+02,3.500000000000000000e+01,1.303022000000000033e-06,0.000000000000000000e+00
2.740551409642405645e+01,2.055505694859035657e+02,3.500000000000000000e+01,1.408639999999999993e-06,0.000000000000000000e+00
2.783833484263260161e+01,2.055501366651573676e+02,3.500000000000000000e+01,1.234918999999999916e-06,0.000000000000000000e+00
2.825337505493928703e+01,2.055497216249450503e+02,3.500000000000000000e+01,1.252338000000000053e-06,0.000000000000000000e+00
2.866124335035024018e+01,2.055493137566496387e+02,3.500000000000000000e+01,1.392938000000000029e-06,0.000000000000000000e+00
2.909175766689799048e+01,2.055488832423330905e+02,3.500000000000000000e+01,1.306863999999999995e-06,0.000000000000000000e+00
2.952474779226604085e+01,2.055484502522077435e+02,3.500000000000000000e+01,1.284628999999999902e-06,0.000000000000000000e+00
2.993071854993385728e+01,2.055480442814500748e+02,3.500000000000000000e+01,1.442764000000000041e-06,0.000000000000000000e+00
3.034762720484744136e+01,2.055476273727951479e+02,3.500000000000000000e+01,1.414926000000000080e-06,0.000000000000000000e+00
3.076966012448222543e+01,2.055472053398755179e+02,3.500000000000000000e+01,1.401815000000000062e-06,0.000000000000000000e+00
3.117021837314821298e+01,2.055468047816268609e+02,3.500000000000000000e+01,1.353299000000000000e-06,0.000000000000000000e+00
3.160835155620134174e+01,2.055463666484438079e+02,3.500000000000000000e+01,1.353749999999999956e-06,0.000000000000000000e+00
3.201627146978964333e+01,2.055459587285302234e+02,3.500000000000000000e+01,1.377760999999999945e-06,0.000000000000000000e+00
3.243538562620934584e+01,2.055455396143737801e+02,3.500000000000000000e+01,1.382476000000000077e-06,0.000000000000000000e+00
3.284063735954198648e+01,2.055451343626404537e+02,3.500000000000000000e+01,1.466760000000000039e-06,0.000000000000000000e+00
3.324054634980807066e+01,2.055447344536501930e+02,3.500000000000000000e+01,1.543026999999999990e-06,0.000000000000000000e+00
3.367126360444135713e+01,2.055443037363955625e+02,3.500000000000000000e+01,1.484703000000000030e-06,0.000000000000000000e+00
3.407937422307041686e+01,2.055438956257769405e+02,3.500000000000000000e+01,1.516396999999999917e-06,0.000000000000000000e+00
3.451116046145038041e+01,2.055434638395385605e+02,3.500000000000000000e+01,1.515523999999999959e-06,0.000000000000000000e+00
3.491820209633276306e+01,2.055430567979036596e+02,3.500000000000000000e+01,1.497711999999999985e-06,0.000000000000000000e+00
3.533394008292182065e+01,2.055426410599170879e+02,3.500000000000000000e+01,1.402905999999999897e-06,0.000000000000000000e+00
3.575872456882338923e+01,2.055422162754311728e+02,3.500000000000000000e+01,1.457490999999999985e-06,0.000000000000000000e+00
3.617224908655720128e+01,2.055418027509134333e+02,3.500000000000000000e+01,1.473774000000000105e-06,0.000000000000000000e+00
3.659599428440068181e+01,2.055413790057156120e+02,3.500000000000000000e+01,1.443403999999999920e-06,0.000000000000000000e+00
3.702685169473660665e+01,2.055409481483052616e+02,3.500000000000000000e+01,1.477078000000000040e-06,0.000000000000000000e+00
3.742837500572518650e+01,2.055405466249942776e+02,3.500000000000000000e+01,1.479217000000000003e-06,0.000000000000000000e+00
3.783568419646407222e+01,2.055401393158035432e+02,3.500000000000000000e+01,1.447318999999999991e-06,0.000000000000000000e+00
3.825126618750497443e+01,2.055397237338125080e+02,3.500000000000000000e+01,1.453504000000000043e-06,0.000000000000000000e+00
3.869987826564885580e+01,2.055392751217343630e+02,3.500000000000000000e+01,1.449064999999999906e-06,0.000000000000000000e+00
3.913538217015462806e+01,2.055388396178298365e+02,3.500000000000000000e+01,1.441017999999999914e-06,0.000000000000000000e+00
3.954353455513868454e+01,2.055384314654448588e+02,3.500000000000000000e+01,1.355612999999999924e-06,0.000000000000000000e+00
3.996863975742154906e+01,2.055380063602425764e+02,3.500000000000000000e+01,1.289722000000000092e-06,0.000000000000000000e+00
4.038413090932223781e+01,2.055375908690906783e+02,3.500000000000000000e+01,1.353880999999999972e-06,0.000000000000000000e+00
4.081333354002298819e+01,2.055371616664599799e+02,3.500000000000000000e+01,1.409178000000000021e-06,0.000000000000000000e+00
4.119871267888356670e+01,2.055367762873211177e+02,3.500000000000000000e+01,1.407490000000000012e-06,0.000000000000000000e+00
4.164222127130894791e+01,2.055363327787287062e+02,3.500000000000000000e+01,1.356558999999999991e-06,0.000000000000000000e+00
4.204148884773014316e+01,2.055359335111522796e+02,3.500000000000000000e+01,1.253473000000000043e-06,0.000000000000000000e+00
4.246551201832148337e+01,2.055355094879816704e+02,3.500000000000000000e+01,1.220381999999999923e-06,0.000000000000000000e+00
4.284941946055979400e+01,2.055351255805394430e+02,3.500000000000000000e+01,1.326043000000000011e-06,0.000000000000000000e+00
4.329304728560447302e+01,2.055346819527144078e+02,3.500000000000000000e+01,1.326727000000000045e-06,0.000000000000000000e+00
4.369786245814365344e+01,2.055342771375418636e+02,3.500000000000000000e+01,1.335065000000000024e-06,0.000000000000000000e+00
4.411135001679389234e+01,2.055338636499832035e+02,3.500000000000000000e+01,1.309352000000000064e-06,0.000000000000000000e+00
4.455474220394707885e+01,2.055334202577960525e+02,3.500000000000000000e+01,1.320032999999999919e-06,0.000000000000000000e+00
4.495931368897159075e+01,2.055330156863110176e+02,3.500000000000000000e+01,1.292777999999999958e-06,0.000000000000000000e+00
4.537025705727993596e+01,2.055326047429427092e+02,3.500000000000000000e+01,1.266409999999999916e-06,0.000000000000000000e+00
4.578535330092506683e+01,2.055321896466990665e+02,3.500000000000000000e+01,1.378270000000000019e-06,0.000000000000000000e+00
4.619203328980955092e+01,2.055317829667101819e+02,3.500000000000000000e+01,1.301406999999999922e-06,0.000000000000000000e+00
4.662928457949855954e+01,2.055313457154205139e+02,3.500000000000000000e+01,1.246968000000000052e-06,0.000000000000000000e+00
4.705314655903052312e+01,2.055309218534409581e+02,3.500000000000000000e+01,1.416570999999999960e-06,0.000000000000000000e+00
4.750174094302877847e+01,2.055304732590569756e+02,3.500000000000000000e+01,1.379433999999999963e-06,0.000000000000000000e+00
4.790080740284835059e+01,2.055300741925971408e+02,3.500000000000000000e+01,1.284293999999999972e-06,0.000000000000000000e+00
4.830510430492750373e+01,2.055296698956950650e+02,3.500000000000000000e+01,1.399021000000000018e-06,0.000000000000000000e+00
4.872567454452396873e+01,2.055292493254554813e+02,3.500000000000000000e+01,1.333363000000000053e-06,0.000000000000000000e+00
4.917188593201173319e+01,2.055288031140679834e+02,3.500000000000000000e+01,1.315521999999999913e-06,0.000000000000000000e+00
4.956420592956280302e+01,2.055284107940704530e+02,3.500000000000000000e+01,1.349835999999999912e-06,0.000000000000000000e+00
4.999401693810798264e+01,2.055279809830618944e+02,3.500000000000000000e+01,1.302672999999999928e-06,0.000000000000000000e+00
5.043712067262173804e+01,2.055275378793273831e+02,3.500000000000000000e+01,1.281849000000000032e-06,0.000000000000000000e+00
5.079709004797625482e+01,2.055271779099520302e+02,3.500000000000000000e+01,1.262727999999999923e-06,0.000000000000000000e+00
5.124124371564884939e+01,2.055267337562843579e+02,3.500000000000000000e+01,1.268432000000000039e-06,0.000000000000000000e+00
5.165821762360097580e+01,2.055263167823763979e+02,3.500000000000000000e+01,1.292443000000000028e-06,0.000000000000000000e+00
5.208079922135716089e+01,2.055258942007786516e+02,3.500000000000000000e+01,1.353706000000000012e-06,0.000000000000000000e+00
5.251062269081366907e+01,2.055254643773091914e+02,3.500000000000000000e+01,1.382533999999999984e-06,0.000000000000000000e+00
5.290193273825111930e+01,2.055250730672617578e+02,3.500000000000000000e+01,1.337553999999999908e-06,0.000000000000000000e+00
5.331706033177965764e+01,2.055246579396682307e+02,3.500000000000000000e+01,1.374384999999999929e-06,0.000000000000000000e+00
5.371597717764074531e+01,2.055242590228223492e+02,3.500000000000000000e+01,1.398890000000000001e-06,0.000000000000000000e+00
5.414380594478541298e+01,2.055238311940552194e+02,3.500000000000000000e+01,1.376916999999999941e-06,0.000000000000000000e+00
5.458182969670077966e+01,2.055233931703033079e+02,3.500000000000000000e+01,1.287029999999999898e-06,0.000000000000000000e+00
5.498234323348514607e+01,2.055229926567665188e+02,3.500000000000000000e+01,1.447392000000000101e-06,0.000000000000000000e+00
5.540418977208425844e+01,2.055225708102279043e+02,3.500000000000000000e+01,1.454930000000000019e-06,0.000000000000000000e+00
5.582075674333673021e+01,2.055221542432566650e+02,3.500000000000000000e+01,1.281689000000000063e-06,0.000000000000000000e+00
5.622661948435114709e+01,2.055217483805156462e+02,3.500000000000000000e+01,1.398890000000000001e-06,0.000000000000000000e+00
5.665086444999999316e+01,2.055213241355500031e+02,3.500000000000000000e+01,1.501684999999999963e-06,0.000000000000000000e+00
5.708311349350933739e+01,2.055208918865064902e+02,3.500000000000000000e+01,1.420921999999999997e-06,0.000000000000000000e+00
5.749883792636573077e+01,2.055204761620736349e+02,3.500000000000000000e+01,1.342923000000000093e-06,0.000000000000000000e+00
5.791458005354255789e+01,2.055200604199464465e+02,3.500000000000000000e+01,1.362860000000000069e-06,0.000000000000000000e+00
5.832992644122246872e+01,2.055196450735587916e+02,3.500000000000000000e+01,1.272055999999999913e-06,0.000000000000000000e+00
5.876887311675478998e+01,2.055192061268832617e+02,3.500000000000000000e+01,1.223845000000000011e-06,0.000000000000000000e+00
5.916927709462525087e+01,2.055188057229053697e+02,3.500000000000000000e+01,1.356952000000000040e-06,0.000000000000000000e+00
5.959314094923664840e+01,2.055183818590507769e+02,3.500000000000000000e+01,1.345324999999999905e-06,0.000000000000000000e+00
6.003800503793021903e+01,2.055179369949620707e+02,3.500000000000000000e+01,1.315449000000000016e-06,0.000000000000000000e+00
6.046205398404325848e+01,2.055175129460159553e+02,3.500000000000000000e+01,1.235690000000000022e-06,0.000000000000000000e+00
6.084976480873623217e+01,2.055171252351912585e+02,3.500000000000000000e+01,1.243170000000000034e-06,0.000000000000000000e+00
6.126492591088610595e+01,2.055167100740891044e+02,3.500000000000000000e+01,1.242312000000000067e-06,0.000000000000000000e+00
6.171222678098236969e+01,2.055162627732190117e+02,3.500000000000000000e+01,1.168475000000000065e-06,0.000000000000000000e+00
6.210085581401804689e+01,2.055158741441859718e+02,3.500000000000000000e+01,1.259978000000000035e-06,0.000000000000000000e+00
6.253483103585486447e+01,2.055154401689641475e+02,3.500000000000000000e+01,1.327324000000000008e-06,0.000000000000000000e+00
6.293970730722185891e+01,2.055150352926927724e+02,3.500000000000000000e+01,1.286286999999999929e-06,0.000000000000000000e+00
6.335751969656488569e+01,2.055146174803034285e+02,3.500000000000000000e+01,1.223757999999999939e-06,0.000000000000000000e+00
6.377875846891196687e+01,2.055141962415310957e+02,3.500000000000000000e+01,1.225037999999999908e-06,0.000000000000000000e+00
6.418032663107422309e+01,2.055137946733689205e+02,3.500000000000000000e+01,1.210034999999999969e-06,0.000000000000000000e+00
6.461781374474637119e+01,2.055133571862552628e+02,3.500000000000000000e+01,1.232051999999999974e-06,0.000000000000000000e+00
6.500368727994465701e+01,2.055129713127200546e+02,3.500000000000000000e+01,1.198742999999999976e-06,0.000000000000000000e+00
6.544775659872239260e+01,2.055125272434012800e+02,3.500000000000000000e+01,1.280248000000000096e-06,0.000000000000000000e+00
6.586285946892145660e+01,2.055121121405310873e+02,3.500000000000000000e+01,1.326392999999999931e-06,0.000000000000000000e+00
6.625040616454623432e+01,2.055117245938354529e+02,3.500000000000000000e+01,1.261446999999999927e-06,0.000000000000000000e+00
6.668086594868903205e+01,2.055112941340513260e+02,3.500000000000000000e+01,1.308595999999999947e-06,0.000000000000000000e+00
6.711149837449576694e+01,2.055108635016254937e+02,3.500000000000000000e+01,1.302877000000000054e-06,0.000000000000000000e+00
6.754651861564884996e+01,2.055104284813843663e+02,3.500000000000000000e+01,1.323801999999999985e-06,0.000000000000000000e+00
6.795036931022966087e+01,2.055100246306897702e+02,3.500000000000000000e+01,1.293228999999999913e-06,0.000000000000000000e+00
6.838258267914225996e+01,2.055095924173208459e+02,3.500000000000000000e+01,1.321765000000000083e-06,0.000000000000000000e+00
6.879793569337608972e+01,2.055091770643066127e+02,3.500000000000000000e+01,1.336361000000000011e-06,0.000000000000000000e+00
6.921990018095857522e+01,2.055087550998190409e+02,3.500000000000000000e+01,1.374196000000000005e-06,0.000000000000000000e+00
6.962804779701154700e+01,2.055083469522029986e+02,3.500000000000000000e+01,1.310880000000000102e-06,0.000000000000000000e+00
7.005863232426102627e+01,2.055079163676757332e+02,3.500000000000000000e+01,1.372740000000000049e-06,0.000000000000000000e+00
7.048689763486004267e+01,2.055074881023651301e+02,3.500000000000000000e+01,1.326043000000000011e-06,0.000000000000000000e+00
7.087419384992180937e+01,2.055071008061500777e+02,3.500000000000000000e+01,1.355161999999999969e-06,0.000000000000000000e+00
7.130515355176751768e+01,2.055066698464482329e+02,3.500000000000000000e+01,1.273787000000000049e-06,0.000000000000000000e+00
7.170966610539373676e+01,2.055062653338946177e+02,3.500000000000000000e+01,1.382998999999999902e-06,0.000000000000000000e+00
7.213358089083969560e+01,2.055058414191091742e+02,3.500000000000000000e+01,1.328022000000000005e-06,0.000000000000000000e+00
7.256866358093951419e+01,2.055054063364190711e+02,3.500000000000000000e+01,1.237174999999999933e-06,0.000000000000000000e+00
7.297907096053225473e+01,2.055049959290394668e+02,3.500000000000000000e+01,1.209918999999999943e-06,0.000000000000000000e+00
7.339431382351226318e+01,2.055045806861764959e+02,3.500000000000000000e+01,1.288571999999999900e-06,0.000000000000000000e+00
7.378163715577703385e+01,2.055041933628442337e+02,3.500000000000000000e+01,1.313892000000000023e-06,0.000000000000000000e+00
7.420640112736657557e+01,2.055037685988726253e+02,3.500000000000000000e+01,1.337218999999999978e-06,0.000000000000000000e+00
7.462569252894402894e+01,2.055033493074710691e+02,3.500000000000000000e+01,1.241830999999999918e-06,0.000000000000000000e+00
7.504508811520278755e+01,2.055029299118847916e+02,3.500000000000000000e+01,1.304360999999999936e-06,0.000000000000000000e+00
7.547046640761259084e+01,2.055025045335924005e+02,3.500000000000000000e+01,1.322071000000000060e-06,0.000000000000000000e+00
7.588405396668980529e+01,2.055020909460333201e+02,3.500000000000000000e+01,1.276741000000000064e-06,0.000000000000000000e+00
7.629649936458407922e+01,2.055016785006354212e+02,3.500000000000000000e+01,1.226799000000000026e-06,0.000000000000000000e+00
7.672049237968462876e+01,2.055012545076203310e+02,3.500000000000000000e+01,1.250213000000000053e-06,0.000000000000000000e+00
7.714111269323896636e+01,2.055008338873067544e+02,3.500000000000000000e+01,1.143460000000000102e-06,0.000000000000000000e+00
7.756204830257422600e+01,2.055004129516974274e+02,3.500000000000000000e+01,1.039734000000000064e-06,0.000000000000000000e+00
7.799119019397248564e+01,2.054999838098060252e+02,3.500000000000000000e+01,1.225576999999999964e-06,0.000000000000000000e+00
7.840648762064303412e+01,2.054995685123793692e+02,3.500000000000000000e+01,1.272724999999999957e-06,0.000000000000000000e+00
7.879425122366538403e+01,2.054991807487763253e+02,3.500000000000000000e+01,1.285748999999999902e-06,0.000000000000000000e+00
7.923891887328244366e+01,2.054987360811267081e+02,3.500000000000000000e+01,1.161242999999999912e-06,0.000000000000000000e+00
7.966299263093108607e+01,2.054983120073690657e+02,3.500000000000000000e+01,1.291686000000000096e-06,0.000000000000000000e+00
8.010193968494101568e+01,2.054978730603150723e+02,3.500000000000000000e+01,1.246692000000000057e-06,0.000000000000000000e+00
8.050992967717030524e+01,2.054974650703228178e+02,3.500000000000000000e+01,1.138251000000000099e-06,0.000000000000000000e+00
8.092776728263577013e+01,2.054970472327173638e+02,3.500000000000000000e+01,1.330249000000000069e-06,0.000000000000000000e+00
8.133390810238793733e+01,2.054966410918976010e+02,3.500000000000000000e+01,1.314576000000000058e-06,0.000000000000000000e+00
8.173448287833441839e+01,2.054962405171216631e+02,3.500000000000000000e+01,1.253633000000000013e-06,0.000000000000000000e+00
8.218161897488012357e+01,2.054957933810251234e+02,3.500000000000000000e+01,1.245788999999999907e-06,0.000000000000000000e+00
8.258018614986045236e+01,2.054953948138501403e+02,3.500000000000000000e+01,1.305058999999999934e-06,0.000000000000000000e+00
8.301466740567265390e+01,2.054949603325943315e+02,3.500000000000000000e+01,1.281398000000000077e-06,0.000000000000000000e+00
8.341479442671756317e+01,2.054945602055732934e+02,3.500000000000000000e+01,1.306485999999999937e-06,0.000000000000000000e+00
8.382082136386769378e+01,2.054941541786361370e+02,3.500000000000000000e+01,1.189503000000000087e-06,0.000000000000000000e+00
8.423891169881373742e+01,2.054937360883011763e+02,3.500000000000000000e+01,1.269451000000000003e-06,0.000000000000000000e+00
8.465562449588485094e+01,2.054933193755041145e+02,3.500000000000000000e+01,1.218155000000000071e-06,0.000000000000000000e+00
8.508576982199002714e+01,2.054928892301780081e+02,3.500000000000000000e+01,1.201740999999999935e-06,0.000000000000000000e+00
8.550958177284763906e+01,2.054924654182271411e+02,3.500000000000000000e+01,1.302484000000000005e-06,0.000000000000000000e+00
8.591656744533841561e+01,2.054920584325546713e+02,3.500000000000000000e+01,1.245979000000000069e-06,0.000000000000000000e+00
8.634121350205423084e+01,2.054916337864979425e+02,3.500000000000000000e+01,1.238048000000000102e-06,0.000000000000000000e+00
8.675656651628807481e+01,2.054912184334837093e+02,3.500000000000000000e+01,1.172739000000000030e-06,0.000000000000000000e+00
8.718638917047992720e+01,2.054907886108295259e+02,3.500000000000000000e+01,1.196837000000000091e-06,0.000000000000000000e+00
8.759447333469238117e+01,2.054903805266653194e+02,3.500000000000000000e+01,1.201143999999999972e-06,0.000000000000000000e+00
8.802542115475364426e+01,2.054899495788452555e+02,3.500000000000000000e+01,1.144639000000000036e-06,0.000000000000000000e+00
8.844652868661701461e+01,2.054895284713133776e+02,3.500000000000000000e+01,1.307489999999999911e-06,0.000000000000000000e+00
8.886427231957667061e+01,2.054891107276804121e+02,3.500000000000000000e+01,1.311388999999999965e-06,0.000000000000000000e+00
8.927699119760383439e+01,2.054886980088024018e+02,3.500000000000000000e+01,1.299748000000000079e-06,0.000000000000000000e+00
8.970275469188064221e+01,2.054882722453081101e+02,3.500000000000000000e+01,1.279534999999999897e-06,0.000000000000000000e+00
9.012214307663559509e+01,2.054878528569233538e+02,3.500000000000000000e+01,1.351625999999999983e-06,0.000000000000000000e+00
9.054101392357405587e+01,2.054874339860764394e+02,3.500000000000000000e+01,1.326508999999999957e-06,0.000000000000000000e+00
9.096575914291771880e+01,2.054870092408570770e+02,3.500000000000000000e+01,1.255218999999999959e-06,0.000000000000000000e+00
9.135330494171283533e+01,2.054866216950582896e+02,3.500000000000000000e+01,1.298919000000000065e-06,0.000000000000000000e+00
9.176840781191189933e+01,2.054862065921880969e+02,3.500000000000000000e+01,1.349631999999999998e-06,0.000000000000000000e+00
9.217960870197200052e+01,2.054857953912980406e+02,3.500000000000000000e+01,1.335880000000000075e-06,0.000000000000000000e+00
9.261439969616871792e+01,2.054853606003038351e+02,3.500000000000000000e+01,1.298758000000000068e-06,0.000000000000000000e+00
9.303162128095739547e+01,2.054849433787190378e+02,3.500000000000000000e+01,1.326508999999999957e-06,0.000000000000000000e+00
9.342970869372068421e+01,2.054845452913062900e+02,3.500000000000000000e+01,1.382868999999999914e-06,0.000000000000000000e+00
9.387333388353168573e+01,2.054841016661164588e+02,3.500000000000000000e+01,1.298191000000000087e-06,0.000000000000000000e+00
9.428169893177185656e+01,2.054836933010682287e+02,3.500000000000000000e+01,1.290580000000000059e-06,0.000000000000000000e+00
9.468364139793412448e+01,2.054832913586020595e+02,3.500000000000000000e+01,1.305160999999999996e-06,0.000000000000000000e+00
9.512064262421928618e+01,2.054828543573757713e+02,3.500000000000000000e+01,1.456996000000000085e-06,0.000000000000000000e+00
9.554687218495914180e+01,2.054824281278150409e+02,3.500000000000000000e+01,1.360501999999999989e-06,0.000000000000000000e+00
9.595023792360908033e+01,2.054820247620764064e+02,3.500000000000000000e+01,1.282286000000000025e-06,0.000000000000000000e+00
9.636542111577608694e+01,2.054816095788842176e+02,3.500000000000000000e+01,1.292224999999999939e-06,0.000000000000000000e+00
9.679785911672088616e+01,2.054811771408832897e+02,3.500000000000000000e+01,1.345455999999999922e-06,0.000000000000000000e+00
9.718317441859858263e+01,2.054807918255814059e+02,3.500000000000000000e+01,1.255976000000000102e-06,0.000000000000000000e+00
9.762523516915958055e+01,2.054803497648308337e+02,3.500000000000000000e+01,1.295659000000000075e-06,0.000000000000000000e+00
9.806156026861219743e+01,2.054799134397313765e+02,3.500000000000000000e+01,1.312087999999999990e-06,0.000000000000000000e+00
9.844756426632315538e+01,2.054795274357336723e+02,3.500000000000000000e+01,1.331485999999999910e-06,0.000000000000000000e+00
9.888457034251331379e+01,2.054790904296574752e+02,3.500000000000000000e+01,1.280147000000000061e-06,0.000000000000000000e+00
9.929983334884832402e+01,2.054786751666511577e+02,3.500000000000000000e+01,1.267063999999999970e-06,0.000000000000000000e+00
9.972158447329272235e+01,2.054782534155267228e+02,3.500000000000000000e+01,1.271880999999999953e-06,0.000000000000000000e+00
1.001674863209523068e+02,2.054778075136790392e+02,3.500000000000000000e+01,1.356253000000000015e-06,0.000000000000000000e+00
1.005664521400763363e+02,2.054774085478599375e+02,3.500000000000000000e+01,1.446693000000000076e-06,0.000000000000000000e+00
1.009907409485913234e+02,2.054769842590514202e+02,3.500000000000000000e+01,1.455263999999999921e-06,0.000000000000000000e+00
1.013996950249615026e+02,2.054765753049750288e+02,3.500000000000000000e+01,1.424269000000000060e-06,0.000000000000000000e+00
1.018205293414265640e+02,2.054761544706585710e+02,3.500000000000000000e+01,1.387161000000000016e-06,0.000000000000000000e+00
1.022382218531803630e+02,2.054757367781468247e+02,3.500000000000000000e+01,1.442574999999999906e-06,0.000000000000000000e+00
1.026463060173928170e+02,2.054753286939826182e+02,3.500000000000000000e+01,1.436289000000000031e-06,0.000000000000000000e+00
1.030772105826935530e+02,2.054748977894172981e+02,3.500000000000000000e+01,1.542838000000000067e-06,0.000000000000000000e+00
1.034837476893129775e+02,2.054744912523106848e+02,3.500000000000000000e+01,1.377454999999999969e-06,0.000000000000000000e+00
1.038974055877223179e+02,2.054740775944122788e+02,3.500000000000000000e+01,1.332533000000000012e-06,0.000000000000000000e+00
1.043067063683206044e+02,2.054736682936316754e+02,3.500000000000000000e+01,1.307052999999999918e-06,0.000000000000000000e+00
1.047096311044219163e+02,2.054732653688955679e+02,3.500000000000000000e+01,1.364765999999999953e-06,0.000000000000000000e+00
1.051546164328450743e+02,2.054728203835671536e+02,3.500000000000000000e+01,1.369641000000000055e-06,0.000000000000000000e+00
1.055486918019561386e+02,2.054724263081980382e+02,3.500000000000000000e+01,1.373468000000000027e-06,0.000000000000000000e+00
1.059750322661223976e+02,2.054719999677338933e+02,3.500000000000000000e+01,1.355496000000000083e-06,0.000000000000000000e+00
1.064180737865189172e+02,2.054715569262134807e+02,3.500000000000000000e+01,1.404493000000000082e-06,0.000000000000000000e+00
1.068248337782866741e+02,2.054711501662217188e+02,3.500000000000000000e+01,1.405161999999999914e-06,0.000000000000000000e+00
1.072260286650184469e+02,2.054707489713349844e+02,3.500000000000000000e+01,1.381019999999999908e-06,0.000000000000000000e+00
1.076568356930016819e+02,2.054703181643070025e+02,3.500000000000000000e+01,1.375403000000000077e-06,0.000000000000000000e+00
1.080966854454198369e+02,2.054698783145545917e+02,3.500000000000000000e+01,1.357285999999999942e-06,0.000000000000000000e+00
1.085169212260103535e+02,2.054694580787739824e+02,3.500000000000000000e+01,1.420979999999999903e-06,0.000000000000000000e+00
1.089103586346118249e+02,2.054690646413653781e+02,3.500000000000000000e+01,1.488267999999999970e-06,0.000000000000000000e+00
1.093536291318153957e+02,2.054686213708681919e+02,3.500000000000000000e+01,1.470602000000000002e-06,0.000000000000000000e+00
1.097655989926915652e+02,2.054682094010073001e+02,3.500000000000000000e+01,1.460154000000000013e-06,0.000000000000000000e+00
1.101661223706106796e+02,2.054678088776293805e+02,3.500000000000000000e+01,1.412757999999999951e-06,0.000000000000000000e+00
1.106044214442540863e+02,2.054673705785557445e+02,3.500000000000000000e+01,1.443709999999999896e-06,0.000000000000000000e+00
1.110123239536760025e+02,2.054669626760463359e+02,3.500000000000000000e+01,1.497478999999999906e-06,0.000000000000000000e+00
1.114302830278580387e+02,2.054665447169721517e+02,3.500000000000000000e+01,1.299311000000000086e-06,0.000000000000000000e+00
1.118361451977099250e+02,2.054661388548022956e+02,3.500000000000000000e+01,1.487830999999999977e-06,0.000000000000000000e+00
1.122363487764741592e+02,2.054657386512235178e+02,3.500000000000000000e+01,1.418534999999999963e-06,0.000000000000000000e+00
1.126840022473818408e+02,2.054652909977526178e+02,3.500000000000000000e+01,1.521474999999999904e-06,0.000000000000000000e+00
1.130752865620472818e+02,2.054648997134379442e+02,3.500000000000000000e+01,1.522013999999999960e-06,0.000000000000000000e+00
1.135065124087883817e+02,2.054644684875912048e+02,3.500000000000000000e+01,1.520747999999999954e-06,0.000000000000000000e+00
1.139303803522030591e+02,2.054640446196478081e+02,3.500000000000000000e+01,1.479013000000000090e-06,0.000000000000000000e+00
1.143105248625122812e+02,2.054636644751374774e+02,3.500000000000000000e+01,1.462292999999999977e-06,0.000000000000000000e+00
1.147538165269435808e+02,2.054632211834730526e+02,3.500000000000000000e+01,1.394829999999999951e-06,0.000000000000000000e+00
1.151836201462589599e+02,2.054627913798537406e+02,3.500000000000000000e+01,1.421241999999999936e-06,0.000000000000000000e+00
1.155756740274809147e+02,2.054623993259725125e+02,3.500000000000000000e+01,1.422566000000000061e-06,0.000000000000000000e+00
1.160225804789312747e+02,2.054619524195210829e+02,3.500000000000000000e+01,1.318112000000000044e-06,0.000000000000000000e+00
1.164434795922283570e+02,2.054615315204077604e+02,3.500000000000000000e+01,1.301697999999999908e-06,0.000000000000000000e+00
1.168315265866885824e+02,2.054611434734133013e+02,3.500000000000000000e+01,1.442939000000000001e-06,0.000000000000000000e+00
1.172474068434612775e+02,2.054607275931565482e+02,3.500000000000000000e+01,1.505119000000000099e-06,0.000000000000000000e+00
1.176959851450654782e+02,2.054602790148549332e+02,3.500000000000000000e+01,1.405919000000000057e-06,0.000000000000000000e+00
1.180948524920919027e+02,2.054598801475079028e+02,3.500000000000000000e+01,1.432578000000000085e-06,0.000000000000000000e+00
1.185186894572866834e+02,2.054594563105427198e+02,3.500000000000000000e+01,1.393491000000000047e-06,0.000000000000000000e+00
1.189639532345535002e+02,2.054590110467654540e+02,3.500000000000000000e+01,1.441615000000000088e-06,0.000000000000000000e+00
1.193790561047525642e+02,2.054585959438952614e+02,3.500000000000000000e+01,1.447814000000000103e-06,0.000000000000000000e+00
1.197945202941129565e+02,2.054581804797059021e+02,3.500000000000000000e+01,1.498584999999999942e-06,0.000000000000000000e+00
1.201989463620062395e+02,2.054577760536379856e+02,3.500000000000000000e+01,1.449400000000000048e-06,0.000000000000000000e+00
1.206373037585820214e+02,2.054573376962414102e+02,3.500000000000000000e+01,1.517561000000000072e-06,0.000000000000000000e+00
1.210610216159736581e+02,2.054569139783840228e+02,3.500000000000000000e+01,1.597392999999999963e-06,0.000000000000000000e+00
1.214635081294239995e+02,2.054565114918705717e+02,3.500000000000000000e+01,1.622044000000000042e-06,0.000000000000000000e+00
1.218983412410210008e+02,2.054560766587589740e+02,3.500000000000000000e+01,1.569060000000000102e-06,0.000000000000000000e+00
1.222824991817552984e+02,2.054556925008182588e+02,3.500000000000000000e+01,1.498265000000000003e-06,0.000000000000000000e+00
1.227060870511450332e+02,2.054552689129488670e+02,3.500000000000000000e+01,1.417530999999999990e-06,0.000000000000000000e+00
1.231291074275490445e+02,2.054548458925724503e+02,3.500000000000000000e+01,1.539869000000000062e-06,0.000000000000000000e+00
1.235491118723053603e+02,2.054544258881277017e+02,3.500000000000000000e+01,1.534469999999999896e-06,0.000000000000000000e+00
1.239755788064781257e+02,2.054539994211935152e+02,3.500000000000000000e+01,1.536449000000000102e-06,0.000000000000000000e+00
1.243634560309584458e+02,2.054536115439690320e+02,3.500000000000000000e+01,1.487933000000000040e-06,0.000000000000000000e+00
1.247786664570201793e+02,2.054531963335429907e+02,3.500000000000000000e+01,1.517255000000000096e-06,0.000000000000000000e+00
1.252042207101992943e+02,2.054527707792898070e+02,3.500000000000000000e+01,1.611347999999999984e-06,0.000000000000000000e+00
1.256123958354405801e+02,2.054523626041645628e+02,3.500000000000000000e+01,1.601875000000000016e-06,0.000000000000000000e+00
1.260473785588396822e+02,2.054519276214411718e+02,3.500000000000000000e+01,1.665277999999999991e-06,0.000000000000000000e+00
1.264955799545153212e+02,2.054514794200454730e+02,3.500000000000000000e+01,1.619177000000000100e-06,0.000000000000000000e+00
1.268698608465648761e+02,2.054511051391534409e+02,3.500000000000000000e+01,1.647059000000000005e-06,0.000000000000000000e+00
1.272986120174941220e+02,2.054506763879824973e+02,3.500000000000000000e+01,1.641398000000000018e-06,0.000000000000000000e+00
1.277203853241379221e+02,2.054502546146758561e+02,3.500000000000000000e+01,1.706576000000000074e-06,0.000000000000000000e+00
1.281509407844430939e+02,2.054498240592155582e+02,3.500000000000000000e+01,1.581386000000000050e-06,0.000000000000000000e+00
1.285588673140898948e+02,2.054494161326859114e+02,3.500000000000000000e+01,1.613792999999999924e-06,0.000000000000000000e+00
1.289874412693296506e+02,2.054489875587306642e+02,3.500000000000000000e+01,1.694919999999999986e-06,0.000000000000000000e+00
1.294124611828244156e+02,2.054485625388171854e+02,3.500000000000000000e+01,1.666877999999999900e-06,0.000000000000000000e+00
1.298282987312079797e+02,2.054481467012687972e+02,3.500000000000000000e+01,1.579755999999999948e-06,0.000000000000000000e+00
1.302349001768172059e+02,2.054477400998231928e+02,3.500000000000000000e+01,1.659674999999999911e-06,0.000000000000000000e+00
1.306669927097011907e+02,2.054473080072903031e+02,3.500000000000000000e+01,1.759952000000000035e-06,0.000000000000000000e+00
1.310753947793199075e+02,2.054468996052206933e+02,3.500000000000000000e+01,1.595239000000000008e-06,0.000000000000000000e+00
1.315062257977878915e+02,2.054464687742022022e+02,3.500000000000000000e+01,1.560110999999999986e-06,0.000000000000000000e+00
1.319058966551683056e+02,2.054460691033448256e+02,3.500000000000000000e+01,1.389155000000000001e-06,0.000000000000000000e+00
1.323109864050042574e+02,2.054456640135950067e+02,3.500000000000000000e+01,1.166190000000000095e-06,0.000000000000000000e+00
1.327308419995228803e+02,2.054452441580004916e+02,3.500000000000000000e+01,9.142677000000000150e-07,0.000000000000000000e+00
1.331387897221921151e+02,2.054448362102777992e+02,3.500000000000000000e+01,5.206093000000000030e-07,0.000000000000000000e+00
1.335694700446219372e+02,2.054444055299553895e+02,3.500000000000000000e+01,2.559973000000000155e-07,0.000000000000000000e+00
1.339754549301526936e+02,2.054439995450698575e+02,3.500000000000000000e+01,1.309380999999999964e-07,0.000000000000000000e+00
1.343880799915180262e+02,2.054435869200084710e+02,3.500000000000000000e+01,1.080042999999999952e-07,0.000000000000000000e+00
1.348228633068702322e+02,2.054431521366931293e+02,3.500000000000000000e+01,1.158331999999999999e-07,0.000000000000000000e+00
1.352240239255709184e+02,2.054427509760744215e+02,3.500000000000000000e+01,1.373554999999999887e-07,0.000000000000000000e+00
1.356452726507943964e+02,2.054423297273492039e+02,3.500000000000000000e+01,7.989438000000000526e-07,0.000000000000000000e+00
1.360853842544304371e+02,2.054418896157455663e+02,3.500000000000000000e+01,1.711566999999999990e-06,0.000000000000000000e+00
1.364930532758884283e+02,2.054414819467241102e+02,3.500000000000000000e+01,1.574953999999999956e-06,0.000000000000000000e+00
1.369076642328305979e+02,2.054410673357671726e+02,3.500000000000000000e+01,1.779203999999999949e-06,0.000000000000000000e+00
1.373154902191369047e+02,2.054406595097808577e+02,3.500000000000000000e+01,1.665641000000000059e-06,0.000000000000000000e+00
1.377177617620472745e+02,2.054402572382379617e+02,3.500000000000000000e+01,1.683801999999999926e-06,0.000000000000000000e+00
1.381486848678001422e+02,2.054398263151321942e+02,3.500000000000000000e+01,1.684645999999999930e-06,0.000000000000000000e+00
1.385875192931129050e+02,2.054393874807068983e+02,3.500000000000000000e+01,1.743770999999999978e-06,0.000000000000000000e+00
1.390333064566273436e+02,2.054389416935433701e+02,3.500000000000000000e+01,1.718231999999999950e-06,0.000000000000000000e+00
1.394559496419445566e+02,2.054385190503580532e+02,3.500000000000000000e+01,1.683219999999999954e-06,0.000000000000000000e+00
1.398589170447768311e+02,2.054381160829552186e+02,3.500000000000000000e+01,1.651526000000000068e-06,0.000000000000000000e+00
1.402588783239589532e+02,2.054377161216760328e+02,3.500000000000000000e+01,1.494466999999999984e-06,0.000000000000000000e+00
1.407066289519084137e+02,2.054372683710481056e+02,3.500000000000000000e+01,1.569001999999999983e-06,0.000000000000000000e+00
1.410956771751642975e+02,2.054368793228248364e+02,3.500000000000000000e+01,1.547800000000000029e-06,0.000000000000000000e+00
1.415288879353037998e+02,2.054364461120646865e+02,3.500000000000000000e+01,1.594016999999999946e-06,0.000000000000000000e+00
1.419340462519083985e+02,2.054360409537480905e+02,3.500000000000000000e+01,1.530075999999999943e-06,0.000000000000000000e+00
1.423514481253846782e+02,2.054356235518746132e+02,3.500000000000000000e+01,1.591207999999999911e-06,0.000000000000000000e+00
1.427730372983452867e+02,2.054352019627016546e+02,3.500000000000000000e+01,1.618333000000000096e-06,0.000000000000000000e+00
1.431740583441398940e+02,2.054348009416558511e+02,3.500000000000000000e+01,1.492065999999999988e-06,0.000000000000000000e+00
1.436119052304222237e+02,2.054343630947695942e+02,3.500000000000000000e+01,1.480323000000000040e-06,0.000000000000000000e+00
1.440196941983951433e+02,2.054339553058016179e+02,3.500000000000000000e+01,1.414082000000000076e-06,0.000000000000000000e+00
1.444392631590107783e+02,2.054335357368409802e+02,3.500000000000000000e+01,1.422478999999999989e-06,0.000000000000000000e+00
1.448443734715045537e+02,2.054331306265285093e+02,3.500000000000000000e+01,1.419524999999999974e-06,0.000000000000000000e+00
1.452439235236711284e+02,2.054327310764763297e+02,3.500000000000000000e+01,1.475985999999999966e-06,0.000000000000000000e+00
1.456925095877287220e+02,2.054322824904122626e+02,3.500000000000000000e+01,1.448425000000000028e-06,0.000000000000000000e+00
1.460917330993582937e+02,2.054318832669006554e+02,3.500000000000000000e+01,1.405408999999999956e-06,0.000000000000000000e+00
1.465158452222619871e+02,2.054314591547777411e+02,3.500000000000000000e+01,1.262843999999999949e-06,0.000000000000000000e+00
1.469606539961300768e+02,2.054310143460038773e+02,3.500000000000000000e+01,1.408101999999999965e-06,0.000000000000000000e+00
1.473762015668354479e+02,2.054305987984331807e+02,3.500000000000000000e+01,1.425011000000000001e-06,0.000000000000000000e+00
1.477874981866412440e+02,2.054301875018133501e+02,3.500000000000000000e+01,1.341467999999999952e-06,0.000000000000000000e+00
1.481920592062459150e+02,2.054297829407937570e+02,3.500000000000000000e+01,1.290245999999999945e-06,0.000000000000000000e+00
1.486352599823469234e+02,2.054293397400176673e+02,3.500000000000000000e+01,1.251901000000000061e-06,0.000000000000000000e+00
1.490589778397385317e+02,2.054289160221602515e+02,3.500000000000000000e+01,1.384993000000000099e-06,0.000000000000000000e+00
1.494614910170020892e+02,2.054285135089830021e+02,3.500000000000000000e+01,1.436899999999999956e-06,0.000000000000000000e+00
1.498960359521828138e+02,2.054280789640478133e+02,3.500000000000000000e+01,1.427571999999999967e-06,0.000000000000000000e+00
1.503001188145128140e+02,2.054276748811854816e+02,3.500000000000000000e+01,1.334992999999999942e-06,0.000000000000000000e+00
1.507040683374045784e+02,2.054272709316626049e+02,3.500000000000000000e+01,1.305640999999999905e-06,0.000000000000000000e+00
1.511391231881329702e+02,2.054268358768118787e+02,3.500000000000000000e+01,1.425155999999999980e-06,0.000000000000000000e+00
1.515470244104788264e+02,2.054264279755895188e+02,3.500000000000000000e+01,1.449326999999999939e-06,0.000000000000000000e+00
1.519730226585378716e+02,2.054260019773414569e+02,3.500000000000000000e+01,1.387670999999999906e-06,0.000000000000000000e+00
1.523746634906367206e+02,2.054256003365093761e+02,3.500000000000000000e+01,1.344815000000000015e-06,0.000000000000000000e+00
1.527759786817928784e+02,2.054251990213182069e+02,3.500000000000000000e+01,1.379593999999999932e-06,0.000000000000000000e+00
1.532223940721374049e+02,2.054247526059278641e+02,3.500000000000000000e+01,1.436506999999999907e-06,0.000000000000000000e+00
1.536103505173169026e+02,2.054243646494826976e+02,3.500000000000000000e+01,1.379492000000000081e-06,0.000000000000000000e+00
1.540453549150245465e+02,2.054239296450849679e+02,3.500000000000000000e+01,1.266918999999999991e-06,0.000000000000000000e+00
1.544933090860126583e+02,2.054234816909140022e+02,3.500000000000000000e+01,1.222767999999999928e-06,0.000000000000000000e+00
1.548678639944655231e+02,2.054231071360055410e+02,3.500000000000000000e+01,1.346911000000000063e-06,0.000000000000000000e+00
1.552962577676464946e+02,2.054226787422323639e+02,3.500000000000000000e+01,1.241991000000000100e-06,0.000000000000000000e+00
1.557183406482618011e+02,2.054222566593517456e+02,3.500000000000000000e+01,1.340783999999999918e-06,0.000000000000000000e+00
1.561263311694643221e+02,2.054218486688305347e+02,3.500000000000000000e+01,1.254418999999999899e-06,0.000000000000000000e+00
1.565572367422957711e+02,2.054214177632576934e+02,3.500000000000000000e+01,1.278750000000000039e-06,0.000000000000000000e+00
1.569853927510801270e+02,2.054209896072489130e+02,3.500000000000000000e+01,1.320178999999999926e-06,0.000000000000000000e+00
1.573729360894873537e+02,2.054206020639105077e+02,3.500000000000000000e+01,1.322259999999999983e-06,0.000000000000000000e+00
1.577882302575874292e+02,2.054201867697424291e+02,3.500000000000000000e+01,1.263325000000000097e-06,0.000000000000000000e+00
1.582332006374197704e+02,2.054197417993625834e+02,3.500000000000000000e+01,1.213323999999999913e-06,0.000000000000000000e+00
1.586655398151417273e+02,2.054193094601848486e+02,3.500000000000000000e+01,1.291453000000000017e-06,0.000000000000000000e+00
1.590558358705121691e+02,2.054189191641294769e+02,3.500000000000000000e+01,1.193838999999999921e-06,0.000000000000000000e+00
1.595041402858320225e+02,2.054184708597141764e+02,3.500000000000000000e+01,1.070701000000000000e-06,0.000000000000000000e+00
1.599203578004081976e+02,2.054180546421995928e+02,3.500000000000000000e+01,1.308012999999999948e-06,0.000000000000000000e+00
1.603360099196861484e+02,2.054176389900803201e+02,3.500000000000000000e+01,1.320208000000000091e-06,0.000000000000000000e+00
1.607740253310778940e+02,2.054172009746689298e+02,3.500000000000000000e+01,1.297332000000000092e-06,0.000000000000000000e+00
1.611596367731777661e+02,2.054168153632268172e+02,3.500000000000000000e+01,1.209321999999999981e-06,0.000000000000000000e+00
1.615996164843511735e+02,2.054163753835156569e+02,3.500000000000000000e+01,1.191015999999999923e-06,0.000000000000000000e+00
1.619986638870551303e+02,2.054159763361129478e+02,3.500000000000000000e+01,1.323599000000000098e-06,0.000000000000000000e+00
1.624221230582790554e+02,2.054155528769417174e+02,3.500000000000000000e+01,1.276465000000000068e-06,0.000000000000000000e+00
1.628371087085357374e+02,2.054151378912914652e+02,3.500000000000000000e+01,1.313673999999999935e-06,0.000000000000000000e+00
1.632446332196855678e+02,2.054147303667803044e+02,3.500000000000000000e+01,1.289968999999999922e-06,0.000000000000000000e+00
1.636760467504933843e+02,2.054142989532494994e+02,3.500000000000000000e+01,1.287567999999999926e-06,0.000000000000000000e+00
1.640675169854961837e+02,2.054139074830144978e+02,3.500000000000000000e+01,1.338034000000000029e-06,0.000000000000000000e+00
1.645148013022771636e+02,2.054134601986977202e+02,3.500000000000000000e+01,1.315114999999999901e-06,0.000000000000000000e+00
1.649152544829790941e+02,2.054130597455170175e+02,3.500000000000000000e+01,1.307257000000000044e-06,0.000000000000000000e+00
1.653213856355395421e+02,2.054126536143644728e+02,3.500000000000000000e+01,1.339372999999999932e-06,0.000000000000000000e+00
1.657391901498959044e+02,2.054122358098501024e+02,3.500000000000000000e+01,1.389795000000000091e-06,0.000000000000000000e+00
1.661556471364332310e+02,2.054118193528635743e+02,3.500000000000000000e+01,1.379710999999999986e-06,0.000000000000000000e+00
1.665779967399696488e+02,2.054113970032600207e+02,3.500000000000000000e+01,1.289343000000000007e-06,0.000000000000000000e+00
1.670094435176411878e+02,2.054109655564823527e+02,3.500000000000000000e+01,1.335137999999999921e-06,0.000000000000000000e+00
1.674538968867684616e+02,2.054105211031132399e+02,3.500000000000000000e+01,1.324834999999999912e-06,0.000000000000000000e+00
1.678477030723254586e+02,2.054101272969276692e+02,3.500000000000000000e+01,1.263485000000000067e-06,0.000000000000000000e+00
1.682571567045352197e+02,2.054097178432954536e+02,3.500000000000000000e+01,1.056425000000000012e-06,0.000000000000000000e+00
1.686868493091887160e+02,2.054092881506908270e+02,3.500000000000000000e+01,1.286200000000000069e-06,0.000000000000000000e+00
1.691296027439585998e+02,2.054088453972560444e+02,3.500000000000000000e+01,1.382693999999999954e-06,0.000000000000000000e+00
1.695260182863091245e+02,2.054084489817136898e+02,3.500000000000000000e+01,1.275024000000000102e-06,0.000000000000000000e+00
1.699472592417302792e+02,2.054080277407582855e+02,3.500000000000000000e+01,1.314503999999999976e-06,0.000000000000000000e+00
1.703649544391576853e+02,2.054076100455608582e+02,3.500000000000000000e+01,1.380758000000000088e-06,0.000000000000000000e+00
1.707750477129771127e+02,2.054071999522870158e+02,3.500000000000000000e+01,1.399602999999999989e-06,0.000000000000000000e+00
1.711987101753381353e+02,2.054067762898246770e+02,3.500000000000000000e+01,1.427993999999999969e-06,0.000000000000000000e+00
1.715972773503184783e+02,2.054063777226496939e+02,3.500000000000000000e+01,1.337262999999999922e-06,0.000000000000000000e+00
1.720420189389950281e+02,2.054059329810609995e+02,3.500000000000000000e+01,1.343084000000000091e-06,0.000000000000000000e+00
1.724449381941363129e+02,2.054055300618058766e+02,3.500000000000000000e+01,1.331384000000000059e-06,0.000000000000000000e+00
1.728539507175232472e+02,2.054051210492824850e+02,3.500000000000000000e+01,1.365552000000000051e-06,0.000000000000000000e+00
1.732695260820102305e+02,2.054047054739179998e+02,3.500000000000000000e+01,1.353589999999999986e-06,0.000000000000000000e+00
1.736801382915531917e+02,2.054042948617084505e+02,3.500000000000000000e+01,1.405046000000000100e-06,0.000000000000000000e+00
1.741042783941707057e+02,2.054038707216058413e+02,3.500000000000000000e+01,1.444438000000000086e-06,0.000000000000000000e+00
1.745322471971691130e+02,2.054034427528028459e+02,3.500000000000000000e+01,1.287538999999999973e-06,0.000000000000000000e+00
1.749305212322209400e+02,2.054030444787677823e+02,3.500000000000000000e+01,1.332955000000000014e-06,0.000000000000000000e+00
1.753613095484732867e+02,2.054026136904515170e+02,3.500000000000000000e+01,1.278197000000000020e-06,0.000000000000000000e+00
1.757820674220034505e+02,2.054021929325780036e+02,3.500000000000000000e+01,1.365172999999999965e-06,0.000000000000000000e+00
1.761842916737517726e+02,2.054017907083262457e+02,3.500000000000000000e+01,1.320294999999999952e-06,0.000000000000000000e+00
1.766208751764042404e+02,2.054013541248235981e+02,3.500000000000000000e+01,1.329593999999999988e-06,0.000000000000000000e+00
1.770472691026201630e+02,2.054009277308973935e+02,3.500000000000000000e+01,1.299136999999999942e-06,0.000000000000000000e+00
1.774502722362234124e+02,2.054005247277637807e+02,3.500000000000000000e+01,1.364096999999999910e-06,0.000000000000000000e+00
1.778653442553010962e+02,2.054001096557446999e+02,3.500000000000000000e+01,1.478300000000000102e-06,0.000000000000000000e+00
1.782808874380831128e+02,2.053996941125619173e+02,3.500000000000000000e+01,1.446518999999999931e-06,0.000000000000000000e+00
1.787263671614103657e+02,2.053992486328385780e+02,3.500000000000000000e+01,1.460487999999999916e-06,0.000000000000000000e+00
1.791254131446565054e+02,2.053988495868553343e+02,3.500000000000000000e+01,1.433916999999999988e-06,0.000000000000000000e+00
1.795494079729007524e+02,2.053984255920271096e+02,3.500000000000000000e+01,1.417910000000000075e-06,0.000000000000000000e+00
1.799980518983221600e+02,2.053979769481016717e+02,3.500000000000000000e+01,1.459586000000000004e-06,0.000000000000000000e+00
1.804133771187743491e+02,2.053975616228812271e+02,3.500000000000000000e+01,1.418680999999999970e-06,0.000000000000000000e+00
1.808007517811588798e+02,2.053971742482188461e+02,3.500000000000000000e+01,1.453052000000000060e-06,0.000000000000000000e+00
1.812223174950879638e+02,2.053967526825049106e+02,3.500000000000000000e+01,1.445180000000000028e-06,0.000000000000000000e+00
1.816402641598314460e+02,2.053963347358401847e+02,3.500000000000000000e+01,1.450811000000000033e-06,0.000000000000000000e+00
1.820670583366411961e+02,2.053959079416633529e+02,3.500000000000000000e+01,1.393738999999999905e-06,0.000000000000000000e+00
1.824689739680336515e+02,2.053955060260319669e+02,3.500000000000000000e+01,1.344334999999999894e-06,0.000000000000000000e+00
1.828778212386884832e+02,2.053950971787613184e+02,3.500000000000000000e+01,1.387831000000000088e-06,0.000000000000000000e+00
1.833138632849066028e+02,2.053946611367150865e+02,3.500000000000000000e+01,1.444161000000000063e-06,0.000000000000000000e+00
1.836979170279898028e+02,2.053942770829720246e+02,3.500000000000000000e+01,1.397681999999999902e-06,0.000000000000000000e+00
1.841360422960471510e+02,2.053938389577039629e+02,3.500000000000000000e+01,1.397872000000000065e-06,0.000000000000000000e+00
1.845706753677514484e+02,2.053934043246322574e+02,3.500000000000000000e+01,1.270528000000000086e-06,0.000000000000000000e+00
1.849588325969750429e+02,2.053930161674030330e+02,3.500000000000000000e+01,1.264299000000000090e-06,0.000000000000000000e+00
1.853971646882951916e+02,2.053925778353116982e+02,3.500000000000000000e+01,1.305058999999999934e-06,0.000000000000000000e+00
1.858061882869343719e+02,2.053921688117130770e+02,3.500000000000000000e+01,1.277657999999999965e-06,0.000000000000000000e+00
1.862088869011103611e+02,2.053917661130988961e+02,3.500000000000000000e+01,1.183624000000000011e-06,0.000000000000000000e+00
1.866398140301873525e+02,2.053913351859698082e+02,3.500000000000000000e+01,1.191089000000000032e-06,0.000000000000000000e+00
1.870773877700272010e+02,2.053908976122299634e+02,3.500000000000000000e+01,1.322855999999999918e-06,0.000000000000000000e+00
1.875010096637404899e+02,2.053904739903362611e+02,3.500000000000000000e+01,1.271021999999999958e-06,0.000000000000000000e+00
1.879087464957168265e+02,2.053900662535042727e+02,3.500000000000000000e+01,1.179942000000000018e-06,0.000000000000000000e+00
1.883233387849901135e+02,2.053896516612149981e+02,3.500000000000000000e+01,1.209903999999999953e-06,0.000000000000000000e+00
1.887473318000906488e+02,2.053892276681999078e+02,3.500000000000000000e+01,1.178733999999999919e-06,0.000000000000000000e+00
1.891781322928521547e+02,2.053887968677071569e+02,3.500000000000000000e+01,1.217326000000000057e-06,0.000000000000000000e+00
1.895862430604410918e+02,2.053883887569395483e+02,3.500000000000000000e+01,1.085064000000000061e-06,0.000000000000000000e+00
1.900171004707770521e+02,2.053879578995292263e+02,3.500000000000000000e+01,9.689246999999999729e-07,0.000000000000000000e+00
1.904361981027911099e+02,2.053875388018972217e+02,3.500000000000000000e+01,1.192035000000000099e-06,0.000000000000000000e+00
1.908415936927480914e+02,2.053871334063072425e+02,3.500000000000000000e+01,1.185660999999999912e-06,0.000000000000000000e+00
1.912413982573845033e+02,2.053867336017426055e+02,3.500000000000000000e+01,1.270047999999999965e-06,0.000000000000000000e+00
1.916494826081412270e+02,2.053863255173918674e+02,3.500000000000000000e+01,1.280845000000000059e-06,0.000000000000000000e+00
1.920882181620744689e+02,2.053858867818379395e+02,3.500000000000000000e+01,1.286520000000000008e-06,0.000000000000000000e+00
1.924879412155884779e+02,2.053854870587844061e+02,3.500000000000000000e+01,1.185559000000000061e-06,0.000000000000000000e+00
1.929104531657720827e+02,2.053850645468342293e+02,3.500000000000000000e+01,1.115360999999999925e-06,0.000000000000000000e+00
1.933432946301587947e+02,2.053846317053698556e+02,3.500000000000000000e+01,1.121282999999999917e-06,0.000000000000000000e+00
1.937355315538944751e+02,2.053842394684461112e+02,3.500000000000000000e+01,1.188701999999999999e-06,0.000000000000000000e+00
1.941651840551699877e+02,2.053838098159448293e+02,3.500000000000000000e+01,1.132095000000000000e-06,0.000000000000000000e+00
1.945959974854268069e+02,2.053833790025145731e+02,3.500000000000000000e+01,1.198539000000000063e-06,0.000000000000000000e+00
1.950039192130123524e+02,2.053829710807870015e+02,3.500000000000000000e+01,1.299341000000000067e-06,0.000000000000000000e+00
1.954203442656983611e+02,2.053825546557343102e+02,3.500000000000000000e+01,1.264386999999999978e-06,0.000000000000000000e+00
1.958269272328061561e+02,2.053821480727671940e+02,3.500000000000000000e+01,1.256703000000000053e-06,0.000000000000000000e+00
1.962278764770992439e+02,2.053817471235228993e+02,3.500000000000000000e+01,1.220556000000000067e-06,0.000000000000000000e+00
1.966746321414156000e+02,2.053813003678585858e+02,3.500000000000000000e+01,1.338528999999999928e-06,0.000000000000000000e+00
1.970823048912230320e+02,2.053808926951087699e+02,3.500000000000000000e+01,1.314183000000000009e-06,0.000000000000000000e+00
1.974974918897370344e+02,2.053804775081102605e+02,3.500000000000000000e+01,1.372769000000000002e-06,0.000000000000000000e+00
1.979408457018051024e+02,2.053800341542981869e+02,3.500000000000000000e+01,1.269785999999999933e-06,0.000000000000000000e+00
1.983559207782224973e+02,2.053796190792217828e+02,3.500000000000000000e+01,1.303385999999999916e-06,0.000000000000000000e+00
1.987691709194656369e+02,2.053792058290805471e+02,3.500000000000000000e+01,1.230931999999999974e-06,0.000000000000000000e+00
1.991756209303636922e+02,2.053787993790696476e+02,3.500000000000000000e+01,1.323248999999999966e-06,0.000000000000000000e+00
1.996172542976287616e+02,2.053783577457023739e+02,3.500000000000000000e+01,1.396344000000000026e-06,0.000000000000000000e+00
2.000408752643908770e+02,2.053779341247356172e+02,3.500000000000000000e+01,1.426393000000000033e-06,0.000000000000000000e+00
2.004884311140797308e+02,2.053774865688859279e+02,3.500000000000000000e+01,1.377863000000000008e-06,0.000000000000000000e+00
2.008762832454210354e+02,2.053770987167545741e+02,3.500000000000000000e+01,1.306980000000000021e-06,0.000000000000000000e+00
2.012914128117048449e+02,2.053766835871882961e+02,3.500000000000000000e+01,1.290681999999999910e-06,0.000000000000000000e+00
2.016969490574529686e+02,2.053762780509425454e+02,3.500000000000000000e+01,1.342691000000000042e-06,0.000000000000000000e+00
2.021226663371429879e+02,2.053758523336628627e+02,3.500000000000000000e+01,1.290726000000000066e-06,0.000000000000000000e+00
2.025490633465200858e+02,2.053754259366534711e+02,3.500000000000000000e+01,1.312698999999999915e-06,0.000000000000000000e+00
2.029526592036472437e+02,2.053750223407963631e+02,3.500000000000000000e+01,1.392675999999999996e-06,0.000000000000000000e+00
2.033565333595419986e+02,2.053746184666404702e+02,3.500000000000000000e+01,1.319524000000000057e-06,0.000000000000000000e+00
2.037560036247780033e+02,2.053742189963752196e+02,3.500000000000000000e+01,1.261286999999999957e-06,0.000000000000000000e+00
2.042044468881414048e+02,2.053737705531118536e+02,3.500000000000000000e+01,1.084642000000000058e-06,0.000000000000000000e+00
2.046071529284535870e+02,2.053733678470715347e+02,3.500000000000000000e+01,9.467766999999999522e-07,0.000000000000000000e+00
2.050276534124040779e+02,2.053729473465876083e+02,3.500000000000000000e+01,1.320062000000000085e-06,0.000000000000000000e+00
2.054740259441791466e+02,2.053725009740558107e+02,3.500000000000000000e+01,1.300214000000000025e-06,0.000000000000000000e+00
2.058638345144542541e+02,2.053721111654855349e+02,3.500000000000000000e+01,1.305029999999999980e-06,0.000000000000000000e+00
2.062754999410112475e+02,2.053716995000589804e+02,3.500000000000000000e+01,1.182052000000000029e-06,0.000000000000000000e+00
2.067101556319568658e+02,2.053712648443680564e+02,3.500000000000000000e+01,1.260006999999999988e-06,0.000000000000000000e+00
2.071442888105657971e+02,2.053708307111894271e+02,3.500000000000000000e+01,1.253268999999999918e-06,0.000000000000000000e+00
2.075326098008063695e+02,2.053704423901992016e+02,3.500000000000000000e+01,1.229026000000000089e-06,0.000000000000000000e+00
2.079790590047445562e+02,2.053699959409952669e+02,3.500000000000000000e+01,1.255175000000000015e-06,0.000000000000000000e+00
2.083943775986428761e+02,2.053695806224013722e+02,3.500000000000000000e+01,1.264968999999999950e-06,0.000000000000000000e+00
2.088039134590042352e+02,2.053691710865410016e+02,3.500000000000000000e+01,1.230568000000000091e-06,0.000000000000000000e+00
2.092069371115786112e+02,2.053687680628884209e+02,3.500000000000000000e+01,1.252745000000000065e-06,0.000000000000000000e+00
2.096514956458015604e+02,2.053683235043542084e+02,3.500000000000000000e+01,1.195192000000000000e-06,0.000000000000000000e+00
2.100628424734906332e+02,2.053679121575265185e+02,3.500000000000000000e+01,1.250184000000000099e-06,0.000000000000000000e+00
2.104712538449386443e+02,2.053675037461550517e+02,3.500000000000000000e+01,1.254621999999999996e-06,0.000000000000000000e+00
2.109146421438227037e+02,2.053670603578561895e+02,3.500000000000000000e+01,1.255292000000000068e-06,0.000000000000000000e+00
2.113156949895686409e+02,2.053666593050104439e+02,3.500000000000000000e+01,1.309468999999999905e-06,0.000000000000000000e+00
2.117211069779336299e+02,2.053662538930220762e+02,3.500000000000000000e+01,1.224586999999999953e-06,0.000000000000000000e+00
2.121545683433454030e+02,2.053658204316566582e+02,3.500000000000000000e+01,1.168897000000000067e-06,0.000000000000000000e+00
2.125627621482541940e+02,2.053654122378517570e+02,3.500000000000000000e+01,1.232954999999999912e-06,0.000000000000000000e+00
2.129919842578524936e+02,2.053649830157421547e+02,3.500000000000000000e+01,1.392021999999999943e-06,0.000000000000000000e+00
2.133914780978553551e+02,2.053645835219021478e+02,3.500000000000000000e+01,1.422507999999999942e-06,0.000000000000000000e+00
2.137948495581413226e+02,2.053641801504418538e+02,3.500000000000000000e+01,1.391527000000000043e-06,0.000000000000000000e+00
2.142173931447160271e+02,2.053637576068552733e+02,3.500000000000000000e+01,1.406210000000000043e-06,0.000000000000000000e+00
2.146359821805892523e+02,2.053633390178194134e+02,3.500000000000000000e+01,1.274849999999999958e-06,0.000000000000000000e+00
2.150563616589174103e+02,2.053629186383410854e+02,3.500000000000000000e+01,1.279273000000000076e-06,0.000000000000000000e+00
2.154842624793914467e+02,2.053624907375206021e+02,3.500000000000000000e+01,1.254112999999999922e-06,0.000000000000000000e+00
2.158950488912407195e+02,2.053620799511087682e+02,3.500000000000000000e+01,1.376028999999999993e-06,0.000000000000000000e+00
2.163082463730528104e+02,2.053616667536269631e+02,3.500000000000000000e+01,1.347550999999999941e-06,0.000000000000000000e+00
2.167322143738161913e+02,2.053612427856261888e+02,3.500000000000000000e+01,1.296488000000000088e-06,0.000000000000000000e+00
2.171311817781912907e+02,2.053608438182218094e+02,3.500000000000000000e+01,1.246663000000000104e-06,0.000000000000000000e+00
2.175726591572509676e+02,2.053604023408427395e+02,3.500000000000000000e+01,1.284759000000000103e-06,0.000000000000000000e+00
2.180036529299097481e+02,2.053599713470700863e+02,3.500000000000000000e+01,1.333799000000000018e-06,0.000000000000000000e+00
2.184029047162384529e+02,2.053595720952837667e+02,3.500000000000000000e+01,1.205785999999999995e-06,0.000000000000000000e+00
2.188428413182390102e+02,2.053591321586817742e+02,3.500000000000000000e+01,1.425127000000000027e-06,0.000000000000000000e+00
2.192511718400763243e+02,2.053587238281599241e+02,3.500000000000000000e+01,1.254273000000000104e-06,0.000000000000000000e+00
2.196750588619003679e+02,2.053582999411381138e+02,3.500000000000000000e+01,1.258406000000000052e-06,0.000000000000000000e+00
2.201130021338076119e+02,2.053578619978661948e+02,3.500000000000000000e+01,1.280408000000000066e-06,0.000000000000000000e+00
2.205210408175055932e+02,2.053574539591824930e+02,3.500000000000000000e+01,1.314794999999999962e-06,0.000000000000000000e+00
2.209407589050042304e+02,2.053570342410949934e+02,3.500000000000000000e+01,1.331979999999999993e-06,0.000000000000000000e+00
2.213562281506613090e+02,2.053566187718493552e+02,3.500000000000000000e+01,1.296794000000000065e-06,0.000000000000000000e+00
2.217453311737272088e+02,2.053562296688262734e+02,3.500000000000000000e+01,1.168591999999999907e-06,0.000000000000000000e+00
2.221758041949209144e+02,2.053557991958050764e+02,3.500000000000000000e+01,1.382242999999999998e-06,0.000000000000000000e+00
2.225974622209852782e+02,2.053553775377790203e+02,3.500000000000000000e+01,1.317646999999999914e-06,0.000000000000000000e+00
2.230158511304181559e+02,2.053549591488695967e+02,3.500000000000000000e+01,1.159424000000000099e-06,0.000000000000000000e+00
2.234224260307518364e+02,2.053545525739692437e+02,3.500000000000000000e+01,1.198902999999999946e-06,0.000000000000000000e+00
2.238205333016672682e+02,2.053541544666983327e+02,3.500000000000000000e+01,1.281122000000000081e-06,0.000000000000000000e+00
2.242634424797095107e+02,2.053537115575202847e+02,3.500000000000000000e+01,1.285356000000000065e-06,0.000000000000000000e+00
2.246756208017176277e+02,2.053532993791982904e+02,3.500000000000000000e+01,1.269072999999999945e-06,0.000000000000000000e+00
2.250845833467401178e+02,2.053528904166532527e+02,3.500000000000000000e+01,1.245236000000000100e-06,0.000000000000000000e+00
2.255304562205113541e+02,2.053524445437794839e+02,3.500000000000000000e+01,1.387831000000000088e-06,0.000000000000000000e+00
2.259324693195925136e+02,2.053520425306804214e+02,3.500000000000000000e+01,1.316293000000000020e-06,0.000000000000000000e+00
2.263403441251059860e+02,2.053516346558749035e+02,3.500000000000000000e+01,1.317414000000000047e-06,0.000000000000000000e+00
2.267559152577199484e+02,2.053512190847422687e+02,3.500000000000000000e+01,1.375795999999999914e-06,0.000000000000000000e+00
2.272043222035402437e+02,2.053507706777964756e+02,3.500000000000000000e+01,1.406195000000000053e-06,0.000000000000000000e+00
2.276032597193635070e+02,2.053503717402806501e+02,3.500000000000000000e+01,1.378838000000000028e-06,0.000000000000000000e+00
2.280270526197666925e+02,2.053499479473802296e+02,3.500000000000000000e+01,1.388253000000000090e-06,0.000000000000000000e+00
2.284730511054682438e+02,2.053495019488945275e+02,3.500000000000000000e+01,1.347579999999999895e-06,0.000000000000000000e+00
2.288744103236641081e+02,2.053491005896763397e+02,3.500000000000000000e+01,1.363718000000000036e-06,0.000000000000000000e+00
2.292758118571844932e+02,2.053486991881428310e+02,3.500000000000000000e+01,1.468434000000000085e-06,0.000000000000000000e+00
2.297020670618290694e+02,2.053482729329381868e+02,3.500000000000000000e+01,1.389314999999999970e-06,0.000000000000000000e+00
2.301461171791312097e+02,2.053478288828208633e+02,3.500000000000000000e+01,1.425549000000000029e-06,0.000000000000000000e+00
2.305407803494101131e+02,2.053474342196505802e+02,3.500000000000000000e+01,1.463558999999999983e-06,0.000000000000000000e+00
2.309653293270071970e+02,2.053470096706730033e+02,3.500000000000000000e+01,1.505556000000000091e-06,0.000000000000000000e+00
2.313797201998698938e+02,2.053465952798001410e+02,3.500000000000000000e+01,1.434396999999999897e-06,0.000000000000000000e+00
2.317958130052217314e+02,2.053461791869947888e+02,3.500000000000000000e+01,1.385501999999999961e-06,0.000000000000000000e+00
2.322000409601017736e+02,2.053457749590399146e+02,3.500000000000000000e+01,1.411434000000000038e-06,0.000000000000000000e+00
2.326138918428397631e+02,2.053453611081571637e+02,3.500000000000000000e+01,1.488079000000000047e-06,0.000000000000000000e+00
2.330567831179353675e+02,2.053449182168820641e+02,3.500000000000000000e+01,1.455132999999999905e-06,0.000000000000000000e+00
2.334421581124628915e+02,2.053445328418875420e+02,3.500000000000000000e+01,1.532404000000000041e-06,0.000000000000000000e+00
2.338729116017705962e+02,2.053441020883982446e+02,3.500000000000000000e+01,1.550012000000000102e-06,0.000000000000000000e+00
2.342845122828244371e+02,2.053436904877171685e+02,3.500000000000000000e+01,1.585110999999999959e-06,0.000000000000000000e+00
2.346898408098718392e+02,2.053432851591901169e+02,3.500000000000000000e+01,1.612279000000000060e-06,0.000000000000000000e+00
2.351206553563218336e+02,2.053428543446436834e+02,3.500000000000000000e+01,1.625391000000000105e-06,0.000000000000000000e+00
2.355566672517951474e+02,2.053424183327481956e+02,3.500000000000000000e+01,1.603854000000000010e-06,0.000000000000000000e+00
2.359597361774848139e+02,2.053420152638225034e+02,3.500000000000000000e+01,1.651657000000000084e-06,0.000000000000000000e+00
2.363658846678505938e+02,2.053416091153321474e+02,3.500000000000000000e+01,1.724635000000000090e-06,0.000000000000000000e+00
2.367984449277612669e+02,2.053411765550722521e+02,3.500000000000000000e+01,1.721579000000000013e-06,0.000000000000000000e+00
2.372021068544574121e+02,2.053407728931455551e+02,3.500000000000000000e+01,1.666703999999999967e-06,0.000000000000000000e+00
2.376370681387087984e+02,2.053403379318612849e+02,3.500000000000000000e+01,1.661915999999999938e-06,0.000000000000000000e+00
2.380678118477586906e+02,2.053399071881522389e+02,3.500000000000000000e+01,1.648834000000000085e-06,0.000000000000000000e+00
2.384734855556668265e+02,2.053395015144443221e+02,3.500000000000000000e+01,1.668405999999999938e-06,0.000000000000000000e+00
2.388858888405428900e+02,2.053390891111594669e+02,3.500000000000000000e+01,1.720195999999999954e-06,0.000000000000000000e+00
2.393014956007104104e+02,2.053386735043992815e+02,3.500000000000000000e+01,1.832072000000000075e-06,0.000000000000000000e+00
2.397453895579570542e+02,2.053382296104420561e+02,3.500000000000000000e+01,1.730338999999999994e-06,0.000000000000000000e+00
2.401765030988896399e+02,2.053377984969011152e+02,3.500000000000000000e+01,1.825872000000000033e-06,0.000000000000000000e+00
2.405678437268064442e+02,2.053374071562732013e+02,3.500000000000000000e+01,1.768873000000000013e-06,0.000000000000000000e+00
2.410152838977250269e+02,2.053369597161022853e+02,3.500000000000000000e+01,1.809050000000000069e-06,0.000000000000000000e+00
2.414158258011450471e+02,2.053365591741988680e+02,3.500000000000000000e+01,1.820400999999999996e-06,0.000000000000000000e+00
2.418220804181620451e+02,2.053361529195818491e+02,3.500000000000000000e+01,1.813240999999999924e-06,0.000000000000000000e+00
2.422397637929344398e+02,2.053357352362070571e+02,3.500000000000000000e+01,1.745938999999999895e-06,0.000000000000000000e+00
2.426477797363752416e+02,2.053353272202636219e+02,3.500000000000000000e+01,1.814871000000000026e-06,0.000000000000000000e+00
2.430718719277961100e+02,2.053349031280721988e+02,3.500000000000000000e+01,1.711901999999999919e-06,0.000000000000000000e+00
2.434834090937524991e+02,2.053344915909062536e+02,3.500000000000000000e+01,1.797089000000000032e-06,0.000000000000000000e+00
2.439091362820677489e+02,2.053340658637179388e+02,3.500000000000000000e+01,1.662411000000000049e-06,0.000000000000000000e+00
2.443254528014573737e+02,2.053336495471985472e+02,3.500000000000000000e+01,1.737935000000000031e-06,0.000000000000000000e+00
2.447314208712247989e+02,2.053332435791287764e+02,3.500000000000000000e+01,1.797975999999999953e-06,0.000000000000000000e+00
2.451640077916331961e+02,2.053328109922083797e+02,3.500000000000000000e+01,1.851993000000000032e-06,0.000000000000000000e+00
2.455541553129770875e+02,2.053324208446870216e+02,3.500000000000000000e+01,1.788998000000000096e-06,0.000000000000000000e+00
2.460026310025807561e+02,2.053319723689974126e+02,3.500000000000000000e+01,1.795401000000000024e-06,0.000000000000000000e+00
2.464187632560235954e+02,2.053315562367439782e+02,3.500000000000000000e+01,1.849839000000000078e-06,0.000000000000000000e+00
2.468256275954198316e+02,2.053311493724045818e+02,3.500000000000000000e+01,1.875901999999999959e-06,0.000000000000000000e+00
2.472267059845149504e+02,2.053307482940154785e+02,3.500000000000000000e+01,1.886467000000000001e-06,0.000000000000000000e+00
2.476733634581802335e+02,2.053303016365418330e+02,3.500000000000000000e+01,1.882420999999999913e-06,0.000000000000000000e+00
2.481110077178981328e+02,2.053298639922820996e+02,3.500000000000000000e+01,1.786421999999999928e-06,0.000000000000000000e+00
2.484962223351839157e+02,2.053294787776648320e+02,3.500000000000000000e+01,1.793960000000000058e-06,0.000000000000000000e+00
2.489389867543138735e+02,2.053290360132456840e+02,3.500000000000000000e+01,1.803360999999999944e-06,0.000000000000000000e+00
2.493545343250192445e+02,2.053286204656749874e+02,3.500000000000000000e+01,1.802909999999999989e-06,0.000000000000000000e+00
2.497680791908396998e+02,2.053282069208091514e+02,3.500000000000000000e+01,1.745415000000000042e-06,0.000000000000000000e+00
2.501741508828696112e+02,2.053278008491171249e+02,3.500000000000000000e+01,1.819266000000000006e-06,0.000000000000000000e+00
2.506158095450750523e+02,2.053273591904549278e+02,3.500000000000000000e+01,1.826600000000000011e-06,0.000000000000000000e+00
2.510145514732824381e+02,2.053269604485267337e+02,3.500000000000000000e+01,1.780674000000000080e-06,0.000000000000000000e+00
2.514385298766727885e+02,2.053265364701233295e+02,3.500000000000000000e+01,1.812470000000000030e-06,0.000000000000000000e+00
2.518523037119930734e+02,2.053261226962879960e+02,3.500000000000000000e+01,1.823617000000000043e-06,0.000000000000000000e+00
2.522625265479219934e+02,2.053257124734520858e+02,3.500000000000000000e+01,1.868843999999999949e-06,0.000000000000000000e+00
2.526906960156148045e+02,2.053252843039843754e+02,3.500000000000000000e+01,1.794120000000000027e-06,0.000000000000000000e+00
2.530840015325524348e+02,2.053248909984674526e+02,3.500000000000000000e+01,1.823020000000000081e-06,0.000000000000000000e+00
2.535077523242443931e+02,2.053244672476757557e+02,3.500000000000000000e+01,1.695138000000000074e-06,0.000000000000000000e+00
2.539519451540051875e+02,2.053240230548460090e+02,3.500000000000000000e+01,1.759020999999999959e-06,0.000000000000000000e+00
2.543394242934768101e+02,2.053236355757065326e+02,3.500000000000000000e+01,1.777967999999999923e-06,0.000000000000000000e+00
2.547549784907360504e+02,2.053232200215092575e+02,3.500000000000000000e+01,1.473527000000000063e-06,0.000000000000000000e+00
2.551849761818221225e+02,2.053227900238181860e+02,3.500000000000000000e+01,1.778448000000000044e-06,0.000000000000000000e+00
2.555926930904359722e+02,2.053223823069095602e+02,3.500000000000000000e+01,1.772816000000000011e-06,0.000000000000000000e+00
2.560257092449724610e+02,2.053219492907550432e+02,3.500000000000000000e+01,1.822714999999999920e-06,0.000000000000000000e+00
2.564315471154388320e+02,2.053215434528845549e+02,3.500000000000000000e+01,1.723674000000000033e-06,0.000000000000000000e+00
2.568486887149024938e+02,2.053211263112850986e+02,3.500000000000000000e+01,1.656328000000000060e-06,0.000000000000000000e+00
2.572754799268428201e+02,2.053206995200731626e+02,3.500000000000000000e+01,1.726628000000000047e-06,0.000000000000000000e+00
2.577012951981088804e+02,2.053202737048019060e+02,3.500000000000000000e+01,1.765801999999999945e-06,0.000000000000000000e+00
2.580954207080152969e+02,2.053198795792919782e+02,3.500000000000000000e+01,1.723383000000000047e-06,0.000000000000000000e+00
2.585403732142005424e+02,2.053194346267858066e+02,3.500000000000000000e+01,1.653984999999999971e-06,0.000000000000000000e+00
2.589646149102764525e+02,2.053190103850897117e+02,3.500000000000000000e+01,1.735038999999999923e-06,0.000000000000000000e+00
2.593796066053488971e+02,2.053185953933946450e+02,3.500000000000000000e+01,1.708379999999999896e-06,0.000000000000000000e+00
2.598153846996517018e+02,2.053181596153003454e+02,3.500000000000000000e+01,1.745909999999999942e-06,0.000000000000000000e+00
2.602173922335234693e+02,2.053177576077664810e+02,3.500000000000000000e+01,1.625958000000000086e-06,0.000000000000000000e+00
2.606376241074452764e+02,2.053173373758925493e+02,3.500000000000000000e+01,1.712120000000000008e-06,0.000000000000000000e+00
2.610782867071478108e+02,2.053168967132928628e+02,3.500000000000000000e+01,1.603243000000000084e-06,0.000000000000000000e+00
2.614639577454403820e+02,2.053165110422545752e+02,3.500000000000000000e+01,1.567633999999999914e-06,0.000000000000000000e+00
2.618987183523736348e+02,2.053160762816476392e+02,3.500000000000000000e+01,1.515392999999999943e-06,0.000000000000000000e+00
2.623075936240458077e+02,2.053156674063759510e+02,3.500000000000000000e+01,1.520850000000000016e-06,0.000000000000000000e+00
2.627103012764850405e+02,2.053152646987235244e+02,3.500000000000000000e+01,1.518987000000000048e-06,0.000000000000000000e+00
2.631409767647633089e+02,2.053148340232352496e+02,3.500000000000000000e+01,1.543376000000000095e-06,0.000000000000000000e+00
2.635491508240805274e+02,2.053144258491759331e+02,3.500000000000000000e+01,1.502893000000000063e-06,0.000000000000000000e+00
2.639758937037134956e+02,2.053139991062962793e+02,3.500000000000000000e+01,1.452004999999999958e-06,0.000000000000000000e+00
2.643773027734440575e+02,2.053135976972265553e+02,3.500000000000000000e+01,1.480555999999999907e-06,0.000000000000000000e+00
2.647789390198001911e+02,2.053131960609802036e+02,3.500000000000000000e+01,1.460256000000000076e-06,0.000000000000000000e+00
2.652247831545801660e+02,2.053127502168454157e+02,3.500000000000000000e+01,1.388048999999999964e-06,0.000000000000000000e+00
2.656122974903491922e+02,2.053123627025096596e+02,3.500000000000000000e+01,1.486623999999999906e-06,0.000000000000000000e+00
2.660472736639709979e+02,2.053119277263360232e+02,3.500000000000000000e+01,1.422376999999999926e-06,0.000000000000000000e+00
2.664958525172953046e+02,2.053114791474827143e+02,3.500000000000000000e+01,1.435546000000000062e-06,0.000000000000000000e+00
2.669113934614467212e+02,2.053110636065385677e+02,3.500000000000000000e+01,1.336243999999999958e-06,0.000000000000000000e+00
2.672988845802740911e+02,2.053106761154197386e+02,3.500000000000000000e+01,1.250912000000000078e-06,0.000000000000000000e+00
2.677208991728654723e+02,2.053102541008271373e+02,3.500000000000000000e+01,1.359062000000000050e-06,0.000000000000000000e+00
2.681517999340707092e+02,2.053098232000659209e+02,3.500000000000000000e+01,1.264736000000000083e-06,0.000000000000000000e+00
2.685909734770992259e+02,2.053093840265229062e+02,3.500000000000000000e+01,1.291017000000000052e-06,0.000000000000000000e+00
2.689904250670136889e+02,2.053089845749329925e+02,3.500000000000000000e+01,1.249426999999999955e-06,0.000000000000000000e+00
2.694134568950381663e+02,2.053085615431049575e+02,3.500000000000000000e+01,1.239794000000000017e-06,0.000000000000000000e+00
2.698292704664830808e+02,2.053081457295335213e+02,3.500000000000000000e+01,1.188498999999999901e-06,0.000000000000000000e+00
2.702361957555226581e+02,2.053077388042444795e+02,3.500000000000000000e+01,1.148072999999999960e-06,0.000000000000000000e+00
2.706681265017024316e+02,2.053073068734983053e+02,3.500000000000000000e+01,1.165331999999999916e-06,0.000000000000000000e+00
2.710909802612170552e+02,2.053068840197387885e+02,3.500000000000000000e+01,1.102118000000000075e-06,0.000000000000000000e+00
2.715071938304055834e+02,2.053064678061695929e+02,3.500000000000000000e+01,1.137100999999999906e-06,0.000000000000000000e+00
2.719071615849614432e+02,2.053060678384150322e+02,3.500000000000000000e+01,1.198568000000000016e-06,0.000000000000000000e+00
2.723121155649799903e+02,2.053056628844350087e+02,3.500000000000000000e+01,1.133318000000000090e-06,0.000000000000000000e+00
2.727312696666738816e+02,2.053052437303333306e+02,3.500000000000000000e+01,1.187217999999999904e-06,0.000000000000000000e+00
2.731484494570900097e+02,2.053048265505429129e+02,3.500000000000000000e+01,1.051318000000000071e-06,0.000000000000000000e+00
2.735766303606870338e+02,2.053043983696393013e+02,3.500000000000000000e+01,1.201332999999999895e-06,0.000000000000000000e+00
2.740003075853842915e+02,2.053039746924146129e+02,3.500000000000000000e+01,1.205073000000000007e-06,0.000000000000000000e+00
2.743881857916081231e+02,2.053035868142083871e+02,3.500000000000000000e+01,1.171706000000000103e-06,0.000000000000000000e+00
2.748312339385585688e+02,2.053031437660614529e+02,3.500000000000000000e+01,1.171720000000000066e-06,0.000000000000000000e+00
2.752473613376127446e+02,2.053027276386623896e+02,3.500000000000000000e+01,1.066292000000000056e-06,0.000000000000000000e+00
2.756553090030578232e+02,2.053023196909969386e+02,3.500000000000000000e+01,1.222841000000000038e-06,0.000000000000000000e+00
2.760859844913360917e+02,2.053018890155086638e+02,3.500000000000000000e+01,1.212872999999999958e-06,0.000000000000000000e+00
2.764938257076743184e+02,2.053014811742923200e+02,3.500000000000000000e+01,1.185762999999999975e-06,0.000000000000000000e+00
2.769081271607294639e+02,2.053010668728392716e+02,3.500000000000000000e+01,1.164080000000000085e-06,0.000000000000000000e+00
2.773408089980915747e+02,2.053006341910019046e+02,3.500000000000000000e+01,1.194436000000000095e-06,0.000000000000000000e+00
2.777206643023279184e+02,2.053002543356976730e+02,3.500000000000000000e+01,1.230785999999999967e-06,0.000000000000000000e+00
2.781637945417243145e+02,2.052998112054582691e+02,3.500000000000000000e+01,1.118736999999999941e-06,0.000000000000000000e+00
2.786025363318947825e+02,2.052993724636681065e+02,3.500000000000000000e+01,1.128850000000000000e-06,0.000000000000000000e+00
2.790336612036173847e+02,2.052989413387963964e+02,3.500000000000000000e+01,1.120105000000000010e-06,0.000000000000000000e+00
2.794564113022503875e+02,2.052985185886977604e+02,3.500000000000000000e+01,1.029417000000000092e-06,0.000000000000000000e+00
2.798725118171369104e+02,2.052981024881828773e+02,3.500000000000000000e+01,1.057210999999999897e-06,0.000000000000000000e+00
2.802597213030455805e+02,2.052977152786969555e+02,3.500000000000000000e+01,1.030609999999999989e-06,0.000000000000000000e+00
2.807074975676320605e+02,2.052972675024323621e+02,3.500000000000000000e+01,1.120905000000000070e-06,0.000000000000000000e+00
2.811302011903862308e+02,2.052968447988096159e+02,3.500000000000000000e+01,1.040272999999999908e-06,0.000000000000000000e+00
2.815299830133587875e+02,2.052964450169866382e+02,3.500000000000000000e+01,1.095816999999999998e-06,0.000000000000000000e+00
2.819760789249078812e+02,2.052959989210750962e+02,3.500000000000000000e+01,1.045642000000000093e-06,0.000000000000000000e+00
2.823638479815516575e+02,2.052956111520184379e+02,3.500000000000000000e+01,1.100416000000000104e-06,0.000000000000000000e+00
2.827791242409945198e+02,2.052951958757590205e+02,3.500000000000000000e+01,1.140360999999999897e-06,0.000000000000000000e+00
2.831874619342782466e+02,2.052947875380657194e+02,3.500000000000000000e+01,1.177643000000000085e-06,0.000000000000000000e+00
2.836122191962872421e+02,2.052943627808037093e+02,3.500000000000000000e+01,1.155043999999999897e-06,0.000000000000000000e+00
2.840395292942626497e+02,2.052939354707057475e+02,3.500000000000000000e+01,1.059496000000000079e-06,0.000000000000000000e+00
2.844404706130562772e+02,2.052935345293869318e+02,3.500000000000000000e+01,1.175197999999999933e-06,0.000000000000000000e+00
2.848560216545179742e+02,2.052931189783454897e+02,3.500000000000000000e+01,1.094856999999999968e-06,0.000000000000000000e+00
2.852691644495391188e+02,2.052927058355504641e+02,3.500000000000000000e+01,1.010776000000000104e-06,0.000000000000000000e+00
2.856755951855305398e+02,2.052922994048144858e+02,3.500000000000000000e+01,1.104971000000000055e-06,0.000000000000000000e+00
2.861168920308213615e+02,2.052918581079691762e+02,3.500000000000000000e+01,1.201580999999999965e-06,0.000000000000000000e+00
2.865340720908133108e+02,2.052914409279091785e+02,3.500000000000000000e+01,1.117543000000000017e-06,0.000000000000000000e+00
2.869326495419847447e+02,2.052910423504580137e+02,3.500000000000000000e+01,1.122825999999999946e-06,0.000000000000000000e+00
2.873759672149918742e+02,2.052905990327849963e+02,3.500000000000000000e+01,1.227338000000000081e-06,0.000000000000000000e+00
2.877909589100643757e+02,2.052901840410899297e+02,3.500000000000000000e+01,1.072665000000000004e-06,0.000000000000000000e+00
2.882141871622823146e+02,2.052897608128377271e+02,3.500000000000000000e+01,1.149019000000000027e-06,0.000000000000000000e+00
2.886223622875235719e+02,2.052893526377124829e+02,3.500000000000000000e+01,1.007429000000000041e-06,0.000000000000000000e+00
2.890530377758018403e+02,2.052889219622242081e+02,3.500000000000000000e+01,1.200911000000000105e-06,0.000000000000000000e+00
2.894803718313144714e+02,2.052884946281686780e+02,3.500000000000000000e+01,1.099935999999999984e-06,0.000000000000000000e+00
2.898921127099236514e+02,2.052880828872900736e+02,3.500000000000000000e+01,1.202396000000000016e-06,0.000000000000000000e+00
2.903050640215653857e+02,2.052876699359784425e+02,3.500000000000000000e+01,1.233304000000000017e-06,0.000000000000000000e+00
2.907288068932942338e+02,2.052872461931067107e+02,3.500000000000000000e+01,1.031220999999999914e-06,0.000000000000000000e+00
2.911275551325175002e+02,2.052868474448674760e+02,3.500000000000000000e+01,1.268403000000000085e-06,0.000000000000000000e+00
2.915693567920886267e+02,2.052864056432078996e+02,3.500000000000000000e+01,1.320936000000000070e-06,0.000000000000000000e+00
2.919750349120923829e+02,2.052859999650879104e+02,3.500000000000000000e+01,1.331165999999999970e-06,0.000000000000000000e+00
2.923878085106157414e+02,2.052855871914893839e+02,3.500000000000000000e+01,1.325227999999999960e-06,0.000000000000000000e+00
2.927980203459052291e+02,2.052851769796540964e+02,3.500000000000000000e+01,1.292034999999999989e-06,0.000000000000000000e+00
2.932020572930537128e+02,2.052847729427069510e+02,3.500000000000000000e+01,1.335604000000000079e-06,0.000000000000000000e+00
2.936329601839040606e+02,2.052843420398160958e+02,3.500000000000000000e+01,1.234467999999999960e-06,0.000000000000000000e+00
2.940585398823155856e+02,2.052839164601176947e+02,3.500000000000000000e+01,1.210034999999999969e-06,0.000000000000000000e+00
2.944652617997720085e+02,2.052835097382002232e+02,3.500000000000000000e+01,1.258594999999999975e-06,0.000000000000000000e+00
2.948927321227158131e+02,2.052830822678772904e+02,3.500000000000000000e+01,1.302309000000000045e-06,0.000000000000000000e+00
2.953104340083711463e+02,2.052826645659916380e+02,3.500000000000000000e+01,1.266918999999999991e-06,0.000000000000000000e+00
2.957152146946564812e+02,2.052822597853053423e+02,3.500000000000000000e+01,1.249253000000000023e-06,0.000000000000000000e+00
2.961492792001908470e+02,2.052818257207998158e+02,3.500000000000000000e+01,1.203647000000000031e-06,0.000000000000000000e+00
2.965382002099336773e+02,2.052814367997900717e+02,3.500000000000000000e+01,1.182489000000000021e-06,0.000000000000000000e+00
2.969854923091602927e+02,2.052809895076908333e+02,3.500000000000000000e+01,1.245337999999999951e-06,0.000000000000000000e+00
2.974007615575052341e+02,2.052805742384424832e+02,3.500000000000000000e+01,1.270266000000000054e-06,0.000000000000000000e+00
2.978267530246578758e+02,2.052801482469753580e+02,3.500000000000000000e+01,1.301362999999999978e-06,0.000000000000000000e+00
2.982119683848022191e+02,2.052797630316152038e+02,3.500000000000000000e+01,1.257343999999999959e-06,0.000000000000000000e+00
2.986571578367804136e+02,2.052793178421632092e+02,3.500000000000000000e+01,1.252614000000000049e-06,0.000000000000000000e+00
2.990809066723920182e+02,2.052788940933276081e+02,3.500000000000000000e+01,1.159468000000000043e-06,0.000000000000000000e+00
2.995269546147339952e+02,2.052784480453852609e+02,3.500000000000000000e+01,1.258260000000000045e-06,0.000000000000000000e+00
2.999283881603053032e+02,2.052780466118396987e+02,3.500000000000000000e+01,1.277484000000000033e-06,0.000000000000000000e+00
3.003359767508680989e+02,2.052776390232491224e+02,3.500000000000000000e+01,1.290027000000000041e-06,0.000000000000000000e+00
3.007515242811704752e+02,2.052772234757188414e+02,3.500000000000000000e+01,1.347609000000000060e-06,0.000000000000000000e+00
3.011671773893681916e+02,2.052768078226106354e+02,3.500000000000000000e+01,1.346269999999999945e-06,0.000000000000000000e+00
3.015991077726090452e+02,2.052763758922274064e+02,3.500000000000000000e+01,1.440595999999999912e-06,0.000000000000000000e+00
3.020210002151284243e+02,2.052759539997848606e+02,3.500000000000000000e+01,1.405961999999999974e-06,0.000000000000000000e+00
3.024218411985304442e+02,2.052755531588014719e+02,3.500000000000000000e+01,1.386375999999999946e-06,0.000000000000000000e+00
3.028368925786164141e+02,2.052751381074213839e+02,3.500000000000000000e+01,1.336694999999999913e-06,0.000000000000000000e+00
3.032445783534912493e+02,2.052747304216465238e+02,3.500000000000000000e+01,1.221356999999999943e-06,0.000000000000000000e+00
3.036683172099236572e+02,2.052743066827900691e+02,3.500000000000000000e+01,1.013221000000000044e-06,0.000000000000000000e+00
3.040673076800496233e+02,2.052739076923199661e+02,3.500000000000000000e+01,1.180669999999999997e-06,0.000000000000000000e+00
3.045148193238056251e+02,2.052734601806762100e+02,3.500000000000000000e+01,1.217748000000000059e-06,0.000000000000000000e+00
3.049336601648686838e+02,2.052730413398351459e+02,3.500000000000000000e+01,1.126928999999999913e-06,0.000000000000000000e+00
3.053217071593288665e+02,2.052726532928406868e+02,3.500000000000000000e+01,1.126652999999999918e-06,0.000000000000000000e+00
3.057393446995293971e+02,2.052722356553004772e+02,3.500000000000000000e+01,1.100531999999999918e-06,0.000000000000000000e+00
3.061870226121806127e+02,2.052717879773878167e+02,3.500000000000000000e+01,1.156659000000000008e-06,0.000000000000000000e+00
3.065777350862050525e+02,2.052713972649137872e+02,3.500000000000000000e+01,1.197505999999999923e-06,0.000000000000000000e+00
3.070095020220430229e+02,2.052709654979779543e+02,3.500000000000000000e+01,1.168504000000000019e-06,0.000000000000000000e+00
3.074536123518965383e+02,2.052705213876481025e+02,3.500000000000000000e+01,1.320790000000000063e-06,0.000000000000000000e+00
3.078688788337574351e+02,2.052701061211662363e+02,3.500000000000000000e+01,1.254811999999999947e-06,0.000000000000000000e+00
3.082809805539254171e+02,2.052696940194460637e+02,3.500000000000000000e+01,1.306558000000000019e-06,0.000000000000000000e+00
3.086861118015223724e+02,2.052692888881984743e+02,3.500000000000000000e+01,1.353152999999999994e-06,0.000000000000000000e+00
3.091167898225980935e+02,2.052688582101773989e+02,3.500000000000000000e+01,1.279665999999999913e-06,0.000000000000000000e+00
3.095435074679442664e+02,2.052684314925320450e+02,3.500000000000000000e+01,1.001186000000000082e-06,0.000000000000000000e+00
3.099457793983089005e+02,2.052680292206017043e+02,3.500000000000000000e+01,1.344843999999999969e-06,0.000000000000000000e+00
3.103607710933814019e+02,2.052676142289066092e+02,3.500000000000000000e+01,1.397812999999999918e-06,0.000000000000000000e+00
3.107940327567661143e+02,2.052671809672432346e+02,3.500000000000000000e+01,1.429303999999999919e-06,0.000000000000000000e+00
3.111974236427395795e+02,2.052667775763572706e+02,3.500000000000000000e+01,1.427092000000000058e-06,0.000000000000000000e+00
3.116331091927998500e+02,2.052663418908072117e+02,3.500000000000000000e+01,1.426771999999999907e-06,0.000000000000000000e+00
3.120204150404351253e+02,2.052659545849595588e+02,3.500000000000000000e+01,1.349966999999999928e-06,0.000000000000000000e+00
3.124660037977099023e+02,2.052655089962022998e+02,3.500000000000000000e+01,1.355743999999999941e-06,0.000000000000000000e+00
3.128681449633817238e+02,2.052651068550366347e+02,3.500000000000000000e+01,1.333289999999999943e-06,0.000000000000000000e+00
3.132687697773536684e+02,2.052647062302226573e+02,3.500000000000000000e+01,1.398947999999999908e-06,0.000000000000000000e+00
3.136958000876146571e+02,2.052642791999123801e+02,3.500000000000000000e+01,1.431865000000000097e-06,0.000000000000000000e+00
3.141037478102838918e+02,2.052638712521897162e+02,3.500000000000000000e+01,1.442559999999999915e-06,0.000000000000000000e+00
3.145344232985621602e+02,2.052634405767014414e+02,3.500000000000000000e+01,1.382359000000000024e-06,0.000000000000000000e+00
3.149576151908397037e+02,2.052630173848091601e+02,3.500000000000000000e+01,1.440625000000000077e-06,0.000000000000000000e+00
3.153453897505765440e+02,2.052626296102494337e+02,3.500000000000000000e+01,1.411390000000000094e-06,0.000000000000000000e+00
3.157850943028220740e+02,2.052621899056971699e+02,3.500000000000000000e+01,1.426727999999999963e-06,0.000000000000000000e+00
3.161898474479527863e+02,2.052617851525520507e+02,3.500000000000000000e+01,1.397144000000000086e-06,0.000000000000000000e+00
3.166073233426369598e+02,2.052613676766573576e+02,3.500000000000000000e+01,1.376508999999999902e-06,0.000000000000000000e+00
3.170509697174210260e+02,2.052609240302825810e+02,3.500000000000000000e+01,1.390406000000000016e-06,0.000000000000000000e+00
3.174550641213797917e+02,2.052605199358786194e+02,3.500000000000000000e+01,1.398876000000000039e-06,0.000000000000000000e+00
3.178650609499575808e+02,2.052601099390500394e+02,3.500000000000000000e+01,1.433335000000000016e-06,0.000000000000000000e+00
3.182803270061229455e+02,2.052596946729938736e+02,3.500000000000000000e+01,1.395601000000000057e-06,0.000000000000000000e+00
3.187260377012810295e+02,2.052592489622987273e+02,3.500000000000000000e+01,1.377804000000000073e-06,0.000000000000000000e+00
3.191500271374044928e+02,2.052588249728625840e+02,3.500000000000000000e+01,1.307183999999999935e-06,0.000000000000000000e+00
3.195900184515289766e+02,2.052583849815484598e+02,3.500000000000000000e+01,1.235981000000000008e-06,0.000000000000000000e+00
3.199977666032109482e+02,2.052579772333967867e+02,3.500000000000000000e+01,1.459688000000000067e-06,0.000000000000000000e+00
3.204130660121398364e+02,2.052575619339878585e+02,3.500000000000000000e+01,1.314329000000000016e-06,0.000000000000000000e+00
3.208205002118320408e+02,2.052571544997881574e+02,3.500000000000000000e+01,1.463530000000000030e-06,0.000000000000000000e+00
3.212220347925656938e+02,2.052567529652074256e+02,3.500000000000000000e+01,1.416905000000000074e-06,0.000000000000000000e+00
3.216527135927130985e+02,2.052563222864072827e+02,3.500000000000000000e+01,1.231659999999999953e-06,0.000000000000000000e+00
3.220606580035132538e+02,2.052559143419964869e+02,3.500000000000000000e+01,1.342471999999999926e-06,0.000000000000000000e+00
3.224896854878468844e+02,2.052554853145121569e+02,3.500000000000000000e+01,1.329434000000000018e-06,0.000000000000000000e+00
3.228997360196048589e+02,2.052550752639803875e+02,3.500000000000000000e+01,1.343170999999999951e-06,0.000000000000000000e+00
3.232929977680583420e+02,2.052546820022319309e+02,3.500000000000000000e+01,1.354565000000000007e-06,0.000000000000000000e+00
3.237376957061068765e+02,2.052542373042938948e+02,3.500000000000000000e+01,1.384279999999999899e-06,0.000000000000000000e+00
3.241364376879219549e+02,2.052538385623120689e+02,3.500000000000000000e+01,1.395237999999999990e-06,0.000000000000000000e+00
3.245774355673143532e+02,2.052533975644326745e+02,3.500000000000000000e+01,1.352730999999999992e-06,0.000000000000000000e+00
3.249628791845763089e+02,2.052530121208154128e+02,3.500000000000000000e+01,1.414650000000000084e-06,0.000000000000000000e+00
3.253976780427810240e+02,2.052525773219572329e+02,3.500000000000000000e+01,1.393578999999999935e-06,0.000000000000000000e+00
3.258132322400402927e+02,2.052521617677599579e+02,3.500000000000000000e+01,1.389126000000000047e-06,0.000000000000000000e+00
3.262326381106460644e+02,2.052517423618893702e+02,3.500000000000000000e+01,1.410852000000000066e-06,0.000000000000000000e+00
3.266405804116154741e+02,2.052513344195883747e+02,3.500000000000000000e+01,1.453212000000000030e-06,0.000000000000000000e+00
3.270781315164961143e+02,2.052508968684834940e+02,3.500000000000000000e+01,1.501219000000000017e-06,0.000000000000000000e+00
3.275246537320812763e+02,2.052504503462679111e+02,3.500000000000000000e+01,1.446678999999999901e-06,0.000000000000000000e+00
3.279101045638690266e+02,2.052500648954361395e+02,3.500000000000000000e+01,1.471896999999999962e-06,0.000000000000000000e+00
3.283331778005141928e+02,2.052496418221994929e+02,3.500000000000000000e+01,1.455861000000000095e-06,0.000000000000000000e+00
3.287489517279666984e+02,2.052492260482720496e+02,3.500000000000000000e+01,1.437597999999999953e-06,0.000000000000000000e+00
3.291798545960833735e+02,2.052487951454039319e+02,3.500000000000000000e+01,1.364794999999999907e-06,0.000000000000000000e+00
3.295916411428570996e+02,2.052483833588571542e+02,3.500000000000000000e+01,1.421038000000000022e-06,0.000000000000000000e+00
3.300295706048448210e+02,2.052479454293951449e+02,3.500000000000000000e+01,1.429288999999999928e-06,0.000000000000000000e+00
3.304516842493638933e+02,2.052475233157506409e+02,3.500000000000000000e+01,1.427790000000000055e-06,0.000000000000000000e+00
3.308394586518938354e+02,2.052471355413481149e+02,3.500000000000000000e+01,1.451102000000000019e-06,0.000000000000000000e+00
3.312550062225992065e+02,2.052467199937773898e+02,3.500000000000000000e+01,1.478517999999999978e-06,0.000000000000000000e+00
3.316693735403454752e+02,2.052463056264596446e+02,3.500000000000000000e+01,1.482404000000000097e-06,0.000000000000000000e+00
3.320929411723884073e+02,2.052458820588276183e+02,3.500000000000000000e+01,1.518477999999999974e-06,0.000000000000000000e+00
3.325218574529840225e+02,2.052454531425470066e+02,3.500000000000000000e+01,1.591309999999999974e-06,0.000000000000000000e+00
3.329166362128922856e+02,2.052450583637871091e+02,3.500000000000000000e+01,1.609078000000000004e-06,0.000000000000000000e+00
3.333321860220524968e+02,2.052446428139779471e+02,3.500000000000000000e+01,1.536143999999999941e-06,0.000000000000000000e+00
3.337706423994274587e+02,2.052442043576005801e+02,3.500000000000000000e+01,1.450883999999999931e-06,0.000000000000000000e+00
3.341716991073259919e+02,2.052438033008926652e+02,3.500000000000000000e+01,1.453677999999999976e-06,0.000000000000000000e+00
3.345954442559282143e+02,2.052433795557440703e+02,3.500000000000000000e+01,1.373787999999999966e-06,0.000000000000000000e+00
3.349947130846634309e+02,2.052429802869153264e+02,3.500000000000000000e+01,1.413616999999999945e-06,0.000000000000000000e+00
3.354365861902616643e+02,2.052425384138097400e+02,3.500000000000000000e+01,1.486564999999999971e-06,0.000000000000000000e+00
3.358521310538592388e+02,2.052421228689461543e+02,3.500000000000000000e+01,1.564344999999999970e-06,0.000000000000000000e+00
3.362422137415264274e+02,2.052417327862584671e+02,3.500000000000000000e+01,1.559907000000000073e-06,0.000000000000000000e+00
3.366724125144220352e+02,2.052413025874855919e+02,3.500000000000000000e+01,1.576117999999999899e-06,0.000000000000000000e+00
3.371033170878965848e+02,2.052408716829121147e+02,3.500000000000000000e+01,1.628591999999999950e-06,0.000000000000000000e+00
3.375117141940100964e+02,2.052404632858059870e+02,3.500000000000000000e+01,1.575056000000000019e-06,0.000000000000000000e+00
3.379298649879396521e+02,2.052400451350120534e+02,3.500000000000000000e+01,1.513296999999999896e-06,0.000000000000000000e+00
3.383611218149288220e+02,2.052396138781850823e+02,3.500000000000000000e+01,1.555453999999999973e-06,0.000000000000000000e+00
3.387890109887080712e+02,2.052391859890113039e+02,3.500000000000000000e+01,1.624924999999999947e-06,0.000000000000000000e+00
3.392128253943744767e+02,2.052387621746056254e+02,3.500000000000000000e+01,1.655396999999999984e-06,0.000000000000000000e+00
3.396207731170436546e+02,2.052383542268829615e+02,3.500000000000000000e+01,1.697189999999999966e-06,0.000000000000000000e+00
3.400514486053219230e+02,2.052379235513946867e+02,3.500000000000000000e+01,1.760112000000000005e-06,0.000000000000000000e+00
3.404778857875089102e+02,2.052374971142124878e+02,3.500000000000000000e+01,1.656269999999999941e-06,0.000000000000000000e+00
3.408900694322272784e+02,2.052370849305677609e+02,3.500000000000000000e+01,1.457985000000000068e-06,0.000000000000000000e+00
3.412806343785617855e+02,2.052366943656214460e+02,3.500000000000000000e+01,1.419291999999999895e-06,0.000000000000000000e+00
3.417265644791144723e+02,2.052362484355208778e+02,3.500000000000000000e+01,1.412714000000000007e-06,0.000000000000000000e+00
3.421252506578136376e+02,2.052358497493421794e+02,3.500000000000000000e+01,1.531400000000000068e-06,0.000000000000000000e+00
3.425492938056728462e+02,2.052354257061943201e+02,3.500000000000000000e+01,1.564185000000000000e-06,0.000000000000000000e+00
3.429527645734114003e+02,2.052350222354265838e+02,3.500000000000000000e+01,1.610241999999999947e-06,0.000000000000000000e+00
3.433720290961139767e+02,2.052346029709038930e+02,3.500000000000000000e+01,1.609180000000000067e-06,0.000000000000000000e+00
3.438005799390356856e+02,2.052341744200609526e+02,3.500000000000000000e+01,1.595966999999999987e-06,0.000000000000000000e+00
3.442035495547073651e+02,2.052337714504452890e+02,3.500000000000000000e+01,1.631750000000000089e-06,0.000000000000000000e+00
3.446182511510293693e+02,2.052333567488489621e+02,3.500000000000000000e+01,1.614374999999999896e-06,0.000000000000000000e+00
3.450562466494374121e+02,2.052329187533505603e+02,3.500000000000000000e+01,1.640044999999999940e-06,0.000000000000000000e+00
3.454624922840405929e+02,2.052325125077159669e+02,3.500000000000000000e+01,1.658147000000000084e-06,0.000000000000000000e+00
3.458778805421718516e+02,2.052320971194578192e+02,3.500000000000000000e+01,1.620864999999999896e-06,0.000000000000000000e+00
3.462935807988973806e+02,2.052316814192010952e+02,3.500000000000000000e+01,1.653460999999999906e-06,0.000000000000000000e+00
3.467377159397886430e+02,2.052312372840601995e+02,3.500000000000000000e+01,1.655148999999999914e-06,0.000000000000000000e+00
3.471240580755134033e+02,2.052308509419245013e+02,3.500000000000000000e+01,1.558160999999999946e-06,0.000000000000000000e+00
3.475599509434862284e+02,2.052304150490565178e+02,3.500000000000000000e+01,1.646171000000000057e-06,0.000000000000000000e+00
3.480079039934071830e+02,2.052299670960065896e+02,3.500000000000000000e+01,1.559936000000000026e-06,0.000000000000000000e+00
3.483931208466342468e+02,2.052295818791533577e+02,3.500000000000000000e+01,1.549328000000000068e-06,0.000000000000000000e+00
3.488122603438030183e+02,2.052291627396562035e+02,3.500000000000000000e+01,1.428052000000000088e-06,0.000000000000000000e+00
3.492315193580568007e+02,2.052287434806419526e+02,3.500000000000000000e+01,1.570937000000000033e-06,0.000000000000000000e+00
3.496486787078305269e+02,2.052283263212921725e+02,3.500000000000000000e+01,1.538909000000000033e-06,0.000000000000000000e+00
3.500701375480904858e+02,2.052279048624519078e+02,3.500000000000000000e+01,1.523935000000000047e-06,0.000000000000000000e+00
3.505006441985734114e+02,2.052274743558014336e+02,3.500000000000000000e+01,1.474559999999999990e-06,0.000000000000000000e+00
3.509087607590379889e+02,2.052270662392409690e+02,3.500000000000000000e+01,1.411491999999999945e-06,0.000000000000000000e+00
3.513231353095255258e+02,2.052266518646904672e+02,3.500000000000000000e+01,1.297433999999999943e-06,0.000000000000000000e+00
3.517473725667938993e+02,2.052262276274332180e+02,3.500000000000000000e+01,8.343777000000000057e-07,0.000000000000000000e+00
3.521466150661991037e+02,2.052258283849338056e+02,3.500000000000000000e+01,4.537869000000000200e-07,0.000000000000000000e+00
3.525796735812973566e+02,2.052253953264186919e+02,3.500000000000000000e+01,6.182818000000000195e-07,0.000000000000000000e+00
3.529945505958439185e+02,2.052249804494041712e+02,3.500000000000000000e+01,4.892353999999999949e-07,0.000000000000000000e+00
3.534098267108436744e+02,2.052245651732891645e+02,3.500000000000000000e+01,6.686314000000000219e-07,0.000000000000000000e+00
3.537973165754876845e+02,2.052241776834245286e+02,3.500000000000000000e+01,1.123888000000000038e-06,0.000000000000000000e+00
3.542191895735829235e+02,2.052237558104264110e+02,3.500000000000000000e+01,1.334715999999999919e-06,0.000000000000000000e+00
3.546505147613367512e+02,2.052233244852386633e+02,3.500000000000000000e+01,1.355365000000000067e-06,0.000000000000000000e+00
3.550742172844022093e+02,2.052229007827156124e+02,3.500000000000000000e+01,1.383406999999999942e-06,0.000000000000000000e+00
3.554864465458015275e+02,2.052224885534542125e+02,3.500000000000000000e+01,1.401174999999999972e-06,0.000000000000000000e+00
3.559112943285861093e+02,2.052220637056714168e+02,3.500000000000000000e+01,1.674604999999999953e-06,0.000000000000000000e+00
3.562892069382670002e+02,2.052216857930617380e+02,3.500000000000000000e+01,1.752559999999999912e-06,0.000000000000000000e+00
3.567340296190271829e+02,2.052212409703809612e+02,3.500000000000000000e+01,1.428663000000000013e-06,0.000000000000000000e+00
3.571661515699074130e+02,2.052208088484300958e+02,3.500000000000000000e+01,1.433422000000000089e-06,0.000000000000000000e+00
3.575738773117043365e+02,2.052204011226882869e+02,3.500000000000000000e+01,1.408480000000000023e-06,0.000000000000000000e+00
3.580047800988896256e+02,2.052199702199011142e+02,3.500000000000000000e+01,1.496445999999999979e-06,0.000000000000000000e+00
3.584216659301277446e+02,2.052195533340698717e+02,3.500000000000000000e+01,1.510604999999999914e-06,0.000000000000000000e+00
3.588366574045801940e+02,2.052191383425954143e+02,3.500000000000000000e+01,1.542561000000000044e-06,0.000000000000000000e+00
3.592797012219365342e+02,2.052186952987780728e+02,3.500000000000000000e+01,1.540742000000000020e-06,0.000000000000000000e+00
3.597054311760751375e+02,2.052182695688239278e+02,3.500000000000000000e+01,1.536143999999999941e-06,0.000000000000000000e+00
3.601136063013163948e+02,2.052178613936986835e+02,3.500000000000000000e+01,1.506298000000000033e-06,0.000000000000000000e+00
3.605440543870225838e+02,2.052174309456129890e+02,3.500000000000000000e+01,1.493957999999999910e-06,0.000000000000000000e+00
3.609477024929029767e+02,2.052170272975070873e+02,3.500000000000000000e+01,1.514271999999999916e-06,0.000000000000000000e+00
3.613568803668362648e+02,2.052166181196331536e+02,3.500000000000000000e+01,1.514054000000000039e-06,0.000000000000000000e+00
3.617699374966005621e+02,2.052162050625034055e+02,3.500000000000000000e+01,1.477776000000000037e-06,0.000000000000000000e+00
3.621758452776994659e+02,2.052157991547223048e+02,3.500000000000000000e+01,1.422754999999999984e-06,0.000000000000000000e+00
3.626171671328036723e+02,2.052153578328671983e+02,3.500000000000000000e+01,1.316992000000000045e-06,0.000000000000000000e+00
3.630146904695192234e+02,2.052149603095304826e+02,3.500000000000000000e+01,1.539373999999999951e-06,0.000000000000000000e+00
3.634335075396278398e+02,2.052145414924603699e+02,3.500000000000000000e+01,1.303923999999999944e-06,0.000000000000000000e+00
3.638533191021665516e+02,2.052141216808978470e+02,3.500000000000000000e+01,1.537118999999999962e-06,0.000000000000000000e+00
3.642626377136859332e+02,2.052137123622863157e+02,3.500000000000000000e+01,1.539402999999999905e-06,0.000000000000000000e+00
3.646866307287863833e+02,2.052132883692712255e+02,3.500000000000000000e+01,1.580280000000000013e-06,0.000000000000000000e+00
3.650858712423664088e+02,2.052128891287576380e+02,3.500000000000000000e+01,1.544511000000000085e-06,0.000000000000000000e+00
3.655314649733247165e+02,2.052124435350266651e+02,3.500000000000000000e+01,1.594889999999999904e-06,0.000000000000000000e+00
3.659336091776999069e+02,2.052120413908222929e+02,3.500000000000000000e+01,1.609383999999999980e-06,0.000000000000000000e+00
3.663417797948418979e+02,2.052116332202051581e+02,3.500000000000000000e+01,1.737716999999999942e-06,0.000000000000000000e+00
3.667573207389932577e+02,2.052112176792610114e+02,3.500000000000000000e+01,1.752515999999999968e-06,0.000000000000000000e+00
3.672055822591187280e+02,2.052107694177408916e+02,3.500000000000000000e+01,1.714724999999999918e-06,0.000000000000000000e+00
3.676295783653799845e+02,2.052103454216346279e+02,3.500000000000000000e+01,1.775798999999999979e-06,0.000000000000000000e+00
3.680285676929315741e+02,2.052099464323070777e+02,3.500000000000000000e+01,1.857813999999999989e-06,0.000000000000000000e+00
3.684520604212887065e+02,2.052095229395787044e+02,3.500000000000000000e+01,1.833599999999999902e-06,0.000000000000000000e+00
3.688895038693773927e+02,2.052090854961306263e+02,3.500000000000000000e+01,1.815758999999999974e-06,0.000000000000000000e+00
3.692992948454199222e+02,2.052086757051545760e+02,3.500000000000000000e+01,1.833133999999999956e-06,0.000000000000000000e+00
3.697029885734114032e+02,2.052082720114266010e+02,3.500000000000000000e+01,1.825260999999999896e-06,0.000000000000000000e+00
3.701336650812170888e+02,2.052078413349187826e+02,3.500000000000000000e+01,1.819032999999999928e-06,0.000000000000000000e+00
3.705587691284987386e+02,2.052074162308715017e+02,3.500000000000000000e+01,1.740364999999999980e-06,0.000000000000000000e+00
3.709658454072679774e+02,2.052070091545927255e+02,3.500000000000000000e+01,1.635474999999999999e-06,0.000000000000000000e+00
3.713811150401569421e+02,2.052065938849598581e+02,3.500000000000000000e+01,1.591498999999999897e-06,0.000000000000000000e+00
3.717686127855382097e+02,2.052062063872144506e+02,3.500000000000000000e+01,1.591994000000000008e-06,0.000000000000000000e+00
3.722154897900763331e+02,2.052057595102099299e+02,3.500000000000000000e+01,1.633205000000000019e-06,0.000000000000000000e+00
3.726368598183011045e+02,2.052053381401817092e+02,3.500000000000000000e+01,1.678009999999999923e-06,0.000000000000000000e+00
3.730379741138863210e+02,2.052049370258861245e+02,3.500000000000000000e+01,1.625230999999999924e-06,0.000000000000000000e+00
3.734852417186630191e+02,2.052044897582813405e+02,3.500000000000000000e+01,1.701016999999999938e-06,0.000000000000000000e+00
3.738857072742019909e+02,2.052040892927257971e+02,3.500000000000000000e+01,1.724402000000000011e-06,0.000000000000000000e+00
3.742882804081957033e+02,2.052036867195918148e+02,3.500000000000000000e+01,1.733307999999999999e-06,0.000000000000000000e+00
3.747122230738868893e+02,2.052032627769261239e+02,3.500000000000000000e+01,1.635402000000000101e-06,0.000000000000000000e+00
3.751199379722842764e+02,2.052028550620277088e+02,3.500000000000000000e+01,1.706328000000000005e-06,0.000000000000000000e+00
3.755508419657340937e+02,2.052024241580342618e+02,3.500000000000000000e+01,1.651948000000000070e-06,0.000000000000000000e+00
3.759549234533266144e+02,2.052020200765466882e+02,3.500000000000000000e+01,1.554159000000000014e-06,0.000000000000000000e+00
3.763654557595356209e+02,2.052016095442404549e+02,3.500000000000000000e+01,1.273044999999999896e-06,0.000000000000000000e+00
3.768087818443024730e+02,2.052011662181556915e+02,3.500000000000000000e+01,1.241453000000000072e-06,0.000000000000000000e+00
3.772099134413454067e+02,2.052007650865586470e+02,3.500000000000000000e+01,1.078428000000000053e-06,0.000000000000000000e+00
3.776258859503817007e+02,2.052003491140496294e+02,3.500000000000000000e+01,6.124901000000000458e-07,0.000000000000000000e+00
3.780680749114094397e+02,2.051999069250885839e+02,3.500000000000000000e+01,3.773894000000000137e-07,0.000000000000000000e+00
3.784981947655525119e+02,2.051994768052344398e+02,3.500000000000000000e+01,2.585729999999999954e-07,0.000000000000000000e+00
3.789134600657337160e+02,2.051990615399342630e+02,3.500000000000000000e+01,1.943553999999999908e-07,0.000000000000000000e+00
3.793371407863633635e+02,2.051986378592136475e+02,3.500000000000000000e+01,1.476727999999999907e-07,0.000000000000000000e+00
3.797445973482192016e+02,2.051982304026517738e+02,3.500000000000000000e+01,4.896427999999999751e-07,0.000000000000000000e+00
3.801688405066914811e+02,2.051978061594932967e+02,3.500000000000000000e+01,1.269624999999999936e-06,0.000000000000000000e+00
3.806068942907332939e+02,2.051973681057092733e+02,3.500000000000000000e+01,1.559762000000000094e-06,0.000000000000000000e+00
3.810146146108303924e+02,2.051969603853891613e+02,3.500000000000000000e+01,1.729698999999999903e-06,0.000000000000000000e+00
3.814336878967317830e+02,2.051965413121032782e+02,3.500000000000000000e+01,1.877211999999999909e-06,0.000000000000000000e+00
3.818390555767073806e+02,2.051961359444233040e+02,3.500000000000000000e+01,1.619221000000000044e-06,0.000000000000000000e+00
3.822393671585339234e+02,2.051957356328414619e+02,3.500000000000000000e+01,1.725187999999999897e-06,0.000000000000000000e+00
3.826698154748324896e+02,2.051953051845251821e+02,3.500000000000000000e+01,1.746054999999999921e-06,0.000000000000000000e+00
3.830777631975016675e+02,2.051948972368024897e+02,3.500000000000000000e+01,1.696142000000000048e-06,0.000000000000000000e+00
3.835084334469746068e+02,2.051944665665530181e+02,3.500000000000000000e+01,1.686567000000000017e-06,0.000000000000000000e+00
3.839080248498294168e+02,2.051940669751501787e+02,3.500000000000000000e+01,1.789711000000000084e-06,0.000000000000000000e+00
3.843130730788803930e+02,2.051936619269211235e+02,3.500000000000000000e+01,1.727981999999999942e-06,0.000000000000000000e+00
3.847552316002689281e+02,2.051932197683997288e+02,3.500000000000000000e+01,1.714389999999999988e-06,0.000000000000000000e+00
3.851404515573290723e+02,2.051928345484426757e+02,3.500000000000000000e+01,1.662993000000000021e-06,0.000000000000000000e+00
3.855787402065889182e+02,2.051923962597934121e+02,3.500000000000000000e+01,1.649882000000000003e-06,0.000000000000000000e+00
3.860226900003975743e+02,2.051919523099996070e+02,3.500000000000000000e+01,1.681385999999999939e-06,0.000000000000000000e+00
3.864012253536582762e+02,2.051915737746463435e+02,3.500000000000000000e+01,1.698296000000000003e-06,0.000000000000000000e+00
3.868338541246321824e+02,2.051911411458753776e+02,3.500000000000000000e+01,1.673121000000000070e-06,0.000000000000000000e+00
3.872495050693962639e+02,2.051907254949306036e+02,3.500000000000000000e+01,1.678446999999999915e-06,0.000000000000000000e+00
3.876801820610687059e+02,2.051902948179389341e+02,3.500000000000000000e+01,1.679115999999999959e-06,0.000000000000000000e+00
3.881018283249175056e+02,2.051898731716750888e+02,3.500000000000000000e+01,1.596782000000000037e-06,0.000000000000000000e+00
3.885190365821604814e+02,2.051894559634178279e+02,3.500000000000000000e+01,1.654828999999999975e-06,0.000000000000000000e+00
3.889390875424087994e+02,2.051890359124575980e+02,3.500000000000000000e+01,1.566019000000000015e-06,0.000000000000000000e+00
3.893583365791242841e+02,2.051886166634208735e+02,3.500000000000000000e+01,1.559631000000000077e-06,0.000000000000000000e+00
3.897679127708199189e+02,2.051882070872291877e+02,3.500000000000000000e+01,1.589025000000000003e-06,0.000000000000000000e+00
3.901919103640440767e+02,2.051877830896359569e+02,3.500000000000000000e+01,1.528606000000000023e-06,0.000000000000000000e+00
3.906278600320972032e+02,2.051873471399678976e+02,3.500000000000000000e+01,1.304565000000000062e-06,0.000000000000000000e+00
3.910358104035913698e+02,2.051869391895964156e+02,3.500000000000000000e+01,1.304244999999999911e-06,0.000000000000000000e+00
3.914590325742154278e+02,2.051865159674257768e+02,3.500000000000000000e+01,1.370673999999999982e-06,0.000000000000000000e+00
3.918465226071513712e+02,2.051861284773928560e+02,3.500000000000000000e+01,1.492371999999999965e-06,0.000000000000000000e+00
3.922617988665942335e+02,2.051857132011334102e+02,3.500000000000000000e+01,1.500563999999999936e-06,0.000000000000000000e+00
3.926746729691475934e+02,2.051853003270308591e+02,3.500000000000000000e+01,1.525186000000000062e-06,0.000000000000000000e+00
3.930985020489243311e+02,2.051848764979510804e+02,3.500000000000000000e+01,1.536143999999999941e-06,0.000000000000000000e+00
3.935267430157247190e+02,2.051844482569842683e+02,3.500000000000000000e+01,1.552659999999999929e-06,0.000000000000000000e+00
3.939231487094123736e+02,2.051840518512905760e+02,3.500000000000000000e+01,1.549764000000000033e-06,0.000000000000000000e+00
3.943543232749653953e+02,2.051836206767250417e+02,3.500000000000000000e+01,1.553301000000000047e-06,0.000000000000000000e+00
3.947755177827415878e+02,2.051831994822172476e+02,3.500000000000000000e+01,1.504230999999999939e-06,0.000000000000000000e+00
3.951770620406020953e+02,2.051827979379594069e+02,3.500000000000000000e+01,1.428750999999999901e-06,0.000000000000000000e+00
3.956148232014052724e+02,2.051823601767985963e+02,3.500000000000000000e+01,1.365974000000000053e-06,0.000000000000000000e+00
3.960419113721123949e+02,2.051819330886278863e+02,3.500000000000000000e+01,1.336083999999999988e-06,0.000000000000000000e+00
3.964439347098895041e+02,2.051815310652901019e+02,3.500000000000000000e+01,1.285531000000000025e-06,0.000000000000000000e+00
3.968594793787107733e+02,2.051811155206212902e+02,3.500000000000000000e+01,1.285413999999999972e-06,0.000000000000000000e+00
3.972725208425773076e+02,2.051807024791574179e+02,3.500000000000000000e+01,1.268170000000000006e-06,0.000000000000000000e+00
3.976784211715208812e+02,2.051802965788284894e+02,3.500000000000000000e+01,1.320688000000000000e-06,0.000000000000000000e+00
3.981205068727784919e+02,2.051798544931272374e+02,3.500000000000000000e+01,1.274922000000000039e-06,0.000000000000000000e+00
3.985442497445072831e+02,2.051794307502555057e+02,3.500000000000000000e+01,1.273583999999999951e-06,0.000000000000000000e+00
3.989924925978742181e+02,2.051789825074021394e+02,3.500000000000000000e+01,1.282183999999999962e-06,0.000000000000000000e+00
3.993922357747084106e+02,2.051785827642252968e+02,3.500000000000000000e+01,1.353706000000000012e-06,0.000000000000000000e+00
3.997955300805767820e+02,2.051781794699194279e+02,3.500000000000000000e+01,1.399064999999999962e-06,0.000000000000000000e+00
4.002181501611328827e+02,2.051777568498388575e+02,3.500000000000000000e+01,1.379288999999999984e-06,0.000000000000000000e+00
4.006637104162988976e+02,2.051773112895837130e+02,3.500000000000000000e+01,1.347231000000000002e-06,0.000000000000000000e+00
4.010624553187022343e+02,2.051769125446813007e+02,3.500000000000000000e+01,1.288149999999999898e-06,0.000000000000000000e+00
4.014861937164532151e+02,2.051764888062835439e+02,3.500000000000000000e+01,1.235064999999999923e-06,0.000000000000000000e+00
4.018956239856000252e+02,2.051760793760143997e+02,3.500000000000000000e+01,1.302164000000000066e-06,0.000000000000000000e+00
4.023154768478808023e+02,2.051756595231521203e+02,3.500000000000000000e+01,1.395631000000000038e-06,0.000000000000000000e+00
4.027344745991196078e+02,2.051752405254008806e+02,3.500000000000000000e+01,1.420106999999999946e-06,0.000000000000000000e+00
4.031314141539635898e+02,2.051748435858460482e+02,3.500000000000000000e+01,1.295716999999999982e-06,0.000000000000000000e+00
4.035730978100671109e+02,2.051744019021899419e+02,3.500000000000000000e+01,1.410909999999999973e-06,0.000000000000000000e+00
4.039587680447606317e+02,2.051740162319552496e+02,3.500000000000000000e+01,1.475403999999999994e-06,0.000000000000000000e+00
4.043929301370371263e+02,2.051735820698629595e+02,3.500000000000000000e+01,1.428008999999999959e-06,0.000000000000000000e+00
4.048023856179776203e+02,2.051731726143820254e+02,3.500000000000000000e+01,1.410459000000000017e-06,0.000000000000000000e+00
4.052057983110320265e+02,2.051727692016889648e+02,3.500000000000000000e+01,1.364155000000000028e-06,0.000000000000000000e+00
4.056362409750385041e+02,2.051723387590249672e+02,3.500000000000000000e+01,1.383697999999999927e-06,0.000000000000000000e+00
4.060613411999522668e+02,2.051719136588000367e+02,3.500000000000000000e+01,1.374107999999999906e-06,0.000000000000000000e+00
4.064695628658520832e+02,2.051715054371341580e+02,3.500000000000000000e+01,1.368331000000000105e-06,0.000000000000000000e+00
4.068960934163505385e+02,2.051710789065836593e+02,3.500000000000000000e+01,1.379944000000000065e-06,0.000000000000000000e+00
4.073275960813210759e+02,2.051706474039186787e+02,3.500000000000000000e+01,1.543768999999999932e-06,0.000000000000000000e+00
4.077439354826396993e+02,2.051702310645173668e+02,3.500000000000000000e+01,1.376582000000000011e-06,0.000000000000000000e+00
4.081521073091603284e+02,2.051698228926908314e+02,3.500000000000000000e+01,1.433000000000000087e-06,0.000000000000000000e+00
4.085827824697462347e+02,2.051693922175302589e+02,3.500000000000000000e+01,1.466366999999999991e-06,0.000000000000000000e+00
4.090148077749946651e+02,2.051689601922250006e+02,3.500000000000000000e+01,1.531953000000000086e-06,0.000000000000000000e+00
4.094214055898680726e+02,2.051685535944101275e+02,3.500000000000000000e+01,1.500462999999999901e-06,0.000000000000000000e+00
4.098194899745546991e+02,2.051681555100254570e+02,3.500000000000000000e+01,1.559092000000000022e-06,0.000000000000000000e+00
4.102630954919424084e+02,2.051677119045080531e+02,3.500000000000000000e+01,1.473119000000000024e-06,0.000000000000000000e+00
4.106754392302493102e+02,2.051672995607697487e+02,3.500000000000000000e+01,1.530904999999999956e-06,0.000000000000000000e+00
4.110842654070946764e+02,2.051668907345928972e+02,3.500000000000000000e+01,1.508320999999999971e-06,0.000000000000000000e+00
4.115279241906048924e+02,2.051664470758094012e+02,3.500000000000000000e+01,1.570079000000000066e-06,0.000000000000000000e+00
4.119250015575052544e+02,2.051660499984425030e+02,3.500000000000000000e+01,1.595020999999999920e-06,0.000000000000000000e+00
4.123238556724284081e+02,2.051656511443275690e+02,3.500000000000000000e+01,1.732973000000000069e-06,0.000000000000000000e+00
4.127299866087785745e+02,2.051652450133912282e+02,3.500000000000000000e+01,1.785113000000000005e-06,0.000000000000000000e+00
4.131624811016894228e+02,2.051648125188983158e+02,3.500000000000000000e+01,1.797422999999999935e-06,0.000000000000000000e+00
4.135933785708400023e+02,2.051643816214291576e+02,3.500000000000000000e+01,1.798528999999999971e-06,0.000000000000000000e+00
4.140010988909371008e+02,2.051639739011090739e+02,3.500000000000000000e+01,1.776192000000000027e-06,0.000000000000000000e+00
4.144166127282848038e+02,2.051635583872717064e+02,3.500000000000000000e+01,1.752778000000000000e-06,0.000000000000000000e+00
4.148488550563672561e+02,2.051631261449436465e+02,3.500000000000000000e+01,1.487657000000000045e-06,0.000000000000000000e+00
4.152272260273754227e+02,2.051627477739726260e+02,3.500000000000000000e+01,1.465232000000000001e-06,0.000000000000000000e+00
4.156714298165509831e+02,2.051623035701834397e+02,3.500000000000000000e+01,1.726162999999999917e-06,0.000000000000000000e+00
4.160795187102160639e+02,2.051618954812897755e+02,3.500000000000000000e+01,1.753359999999999972e-06,0.000000000000000000e+00
4.164937882442748105e+02,2.051614812117557278e+02,3.500000000000000000e+01,1.825290000000000061e-06,0.000000000000000000e+00
4.169368362265751102e+02,2.051610381637734406e+02,3.500000000000000000e+01,1.850814000000000098e-06,0.000000000000000000e+00
4.173335461768341474e+02,2.051606414538231604e+02,3.500000000000000000e+01,1.913417000000000014e-06,0.000000000000000000e+00
4.177406375286258822e+02,2.051602343624713853e+02,3.500000000000000000e+01,1.890715999999999975e-06,0.000000000000000000e+00
4.181723913686539049e+02,2.051598026086313382e+02,3.500000000000000000e+01,1.960535999999999841e-06,0.000000000000000000e+00
4.186138740752404033e+02,2.051593611259247609e+02,3.500000000000000000e+01,1.842723999999999977e-06,0.000000000000000000e+00
4.190381181430411743e+02,2.051589368818569596e+02,3.500000000000000000e+01,1.819731999999999953e-06,0.000000000000000000e+00
4.194428283206106585e+02,2.051585321716793828e+02,3.500000000000000000e+01,1.775929999999999995e-06,0.000000000000000000e+00
4.198728918599412054e+02,2.051581021081400706e+02,3.500000000000000000e+01,1.879684999999999987e-06,0.000000000000000000e+00
4.202881614928300564e+02,2.051576868385071748e+02,3.500000000000000000e+01,1.819062000000000093e-06,0.000000000000000000e+00
4.207118983773937089e+02,2.051572631016226183e+02,3.500000000000000000e+01,1.870343000000000034e-06,0.000000000000000000e+00
4.211198432773801414e+02,2.051568551567226280e+02,3.500000000000000000e+01,1.872337000000000019e-06,0.000000000000000000e+00
4.215505215883412120e+02,2.051564244784116511e+02,3.500000000000000000e+01,1.863794999999999915e-06,0.000000000000000000e+00
4.219543161430377722e+02,2.051560206838569513e+02,3.500000000000000000e+01,1.853696000000000031e-06,0.000000000000000000e+00
4.223647809685372181e+02,2.051556102190314732e+02,3.500000000000000000e+01,1.821667000000000003e-06,0.000000000000000000e+00
4.227970881214487235e+02,2.051551779118785532e+02,3.500000000000000000e+01,1.853331999999999936e-06,0.000000000000000000e+00
4.232005393778625830e+02,2.051547744606221499e+02,3.500000000000000000e+01,1.888373000000000097e-06,0.000000000000000000e+00
4.236242840687023090e+02,2.051543507159312867e+02,3.500000000000000000e+01,1.885054999999999988e-06,0.000000000000000000e+00
4.240230233450225796e+02,2.051539519766549802e+02,3.500000000000000000e+01,2.088024999999999799e-06,0.000000000000000000e+00
4.244686297092267750e+02,2.051535063702907848e+02,3.500000000000000000e+01,1.894396999999999940e-06,0.000000000000000000e+00
4.248707563511450758e+02,2.051531042436488690e+02,3.500000000000000000e+01,2.003318999999999835e-06,0.000000000000000000e+00
4.252719463365759225e+02,2.051527030536634300e+02,3.500000000000000000e+01,1.876688000000000056e-06,0.000000000000000000e+00
4.256986314953048236e+02,2.051522763685046868e+02,3.500000000000000000e+01,1.878274000000000001e-06,0.000000000000000000e+00
4.261068011988463127e+02,2.051518681988011679e+02,3.500000000000000000e+01,2.004424000000000056e-06,0.000000000000000000e+00
4.265376948812595970e+02,2.051514373051187476e+02,3.500000000000000000e+01,2.011903999999999855e-06,0.000000000000000000e+00
4.269616305690884701e+02,2.051510133694309275e+02,3.500000000000000000e+01,2.117958999999999808e-06,0.000000000000000000e+00
4.273889629809160056e+02,2.051505860370190817e+02,3.500000000000000000e+01,2.213652000000000028e-06,0.000000000000000000e+00
4.277879527507813009e+02,2.051501870472492328e+02,3.500000000000000000e+01,2.156898999999999811e-06,0.000000000000000000e+00
4.282119407099236241e+02,2.051497630592900805e+02,3.500000000000000000e+01,2.216285999999999892e-06,0.000000000000000000e+00
4.286465301884583141e+02,2.051493284698115360e+02,3.500000000000000000e+01,2.403292000000000130e-06,0.000000000000000000e+00
4.290772056767365825e+02,2.051488977943232612e+02,3.500000000000000000e+01,2.289657000000000159e-06,0.000000000000000000e+00
4.294834241290137697e+02,2.051484915758709917e+02,3.500000000000000000e+01,2.238913999999999821e-06,0.000000000000000000e+00
4.298971264270567758e+02,2.051480778735729587e+02,3.500000000000000000e+01,2.168468000000000039e-06,0.000000000000000000e+00
4.303061538509983279e+02,2.051476688461490028e+02,3.500000000000000000e+01,2.152038999999999912e-06,0.000000000000000000e+00
4.307092194326855861e+02,2.051472657805673236e+02,3.500000000000000000e+01,2.191401999999999945e-06,0.000000000000000000e+00
4.311399001045348882e+02,2.051468350998954691e+02,3.500000000000000000e+01,2.186687000000000025e-06,0.000000000000000000e+00
4.315646899002027794e+02,2.051464103100998102e+02,3.500000000000000000e+01,2.227359999999999796e-06,0.000000000000000000e+00
4.319737498025286300e+02,2.051460012501974859e+02,3.500000000000000000e+01,2.229760999999999792e-06,0.000000000000000000e+00
4.324001141755725257e+02,2.051455748858244306e+02,3.500000000000000000e+01,2.175583999999999955e-06,0.000000000000000000e+00
4.328173639002386039e+02,2.051451576360997535e+02,3.500000000000000000e+01,2.166386999999999982e-06,0.000000000000000000e+00
4.332230972265559785e+02,2.051447519027734359e+02,3.500000000000000000e+01,2.080777999999999867e-06,0.000000000000000000e+00
4.336470937506559835e+02,2.051443279062493446e+02,3.500000000000000000e+01,2.040236999999999928e-06,0.000000000000000000e+00
4.340460875248091384e+02,2.051439289124751895e+02,3.500000000000000000e+01,2.082509999999999819e-06,0.000000000000000000e+00
4.344939733008191070e+02,2.051434810266991917e+02,3.500000000000000000e+01,2.101514999999999902e-06,0.000000000000000000e+00
4.349092429337079011e+02,2.051430657570662959e+02,3.500000000000000000e+01,2.111861000000000040e-06,0.000000000000000000e+00
4.352967406790892824e+02,2.051426782593209168e+02,3.500000000000000000e+01,2.118583999999999908e-06,0.000000000000000000e+00
4.357191403278972643e+02,2.051422558596721046e+02,3.500000000000000000e+01,2.130721000000000144e-06,0.000000000000000000e+00
4.361495845003469753e+02,2.051418254154996532e+02,3.500000000000000000e+01,2.124448999999999808e-06,0.000000000000000000e+00
4.365577561953504073e+02,2.051414172438046535e+02,3.500000000000000000e+01,2.157277999999999897e-06,0.000000000000000000e+00
4.369855778450447019e+02,2.051409894221549450e+02,3.500000000000000000e+01,2.172863000000000019e-06,0.000000000000000000e+00
4.374110152328244681e+02,2.051405639847671694e+02,3.500000000000000000e+01,2.188142000000000166e-06,0.000000000000000000e+00
4.377883508333333680e+02,2.051401866491666794e+02,3.500000000000000000e+01,2.095751999999999853e-06,0.000000000000000000e+00
4.382335042209977019e+02,2.051397414957789920e+02,3.500000000000000000e+01,2.098634000000000209e-06,0.000000000000000000e+00
4.386659067606428266e+02,2.051393090932393477e+02,3.500000000000000000e+01,2.055327000000000151e-06,0.000000000000000000e+00
4.390965801544066949e+02,2.051388784198455824e+02,3.500000000000000000e+01,2.081113000000000009e-06,0.000000000000000000e+00
4.395302270343511282e+02,2.051384447729656415e+02,3.500000000000000000e+01,2.080225000000000060e-06,0.000000000000000000e+00
4.399354300618100524e+02,2.051380395699382007e+02,3.500000000000000000e+01,2.065630000000000160e-06,0.000000000000000000e+00
4.403366251734831280e+02,2.051376383748265084e+02,3.500000000000000000e+01,1.995271000000000026e-06,0.000000000000000000e+00
4.407799512582500938e+02,2.051371950487417450e+02,3.500000000000000000e+01,1.997396000000000027e-06,0.000000000000000000e+00
4.411880784541984895e+02,2.051367869215457915e+02,3.500000000000000000e+01,2.129788999999999828e-06,0.000000000000000000e+00
4.416133536120749454e+02,2.051363616463879396e+02,3.500000000000000000e+01,2.074914000000000206e-06,0.000000000000000000e+00
4.419988088000172866e+02,2.051359761911999726e+02,3.500000000000000000e+01,2.028726000000000031e-06,0.000000000000000000e+00
4.424415805873621252e+02,2.051355334194126385e+02,3.500000000000000000e+01,2.012937000000000206e-06,0.000000000000000000e+00
4.428466674942748114e+02,2.051351283325057295e+02,3.500000000000000000e+01,2.001659999999999992e-06,0.000000000000000000e+00
4.432460458136711168e+02,2.051347289541863290e+02,3.500000000000000000e+01,2.014101000000000149e-06,0.000000000000000000e+00
4.436619973758498645e+02,2.051343130026241397e+02,3.500000000000000000e+01,2.041706000000000032e-06,0.000000000000000000e+00
4.440933899141221559e+02,2.051338816100858935e+02,3.500000000000000000e+01,1.978682000000000142e-06,0.000000000000000000e+00
4.445351050226640268e+02,2.051334398949773288e+02,3.500000000000000000e+01,2.007917000000000125e-06,0.000000000000000000e+00
4.449161294332060947e+02,2.051330588705667992e+02,3.500000000000000000e+01,2.008688000000000020e-06,0.000000000000000000e+00
4.453501354141376964e+02,2.051326248645858641e+02,3.500000000000000000e+01,1.950466000000000123e-06,0.000000000000000000e+00
4.457409272442448014e+02,2.051322340727557503e+02,3.500000000000000000e+01,1.964276000000000165e-06,0.000000000000000000e+00
4.461707781154171926e+02,2.051318042218845790e+02,3.500000000000000000e+01,1.979933999999999973e-06,0.000000000000000000e+00
4.466012294274809165e+02,2.051313737705725089e+02,3.500000000000000000e+01,1.974607999999999916e-06,0.000000000000000000e+00
4.470292425811069279e+02,2.051309457574188855e+02,3.500000000000000000e+01,2.100597999999999789e-06,0.000000000000000000e+00
4.474270362020888001e+02,2.051305479637979090e+02,3.500000000000000000e+01,2.103494000000000108e-06,0.000000000000000000e+00
4.478423077689719207e+02,2.051301326922310295e+02,3.500000000000000000e+01,2.089946000000000098e-06,0.000000000000000000e+00
4.482820703833584162e+02,2.051296929296166525e+02,3.500000000000000000e+01,2.088069000000000167e-06,0.000000000000000000e+00
4.487060584828244032e+02,2.051292689415171822e+02,3.500000000000000000e+01,2.127416999999999998e-06,0.000000000000000000e+00
4.491292086913305752e+02,2.051288457913086631e+02,3.500000000000000000e+01,2.065090999999999893e-06,0.000000000000000000e+00
4.495491303159766403e+02,2.051284258696840368e+02,3.500000000000000000e+01,2.055617999999999925e-06,0.000000000000000000e+00
4.499755960240676700e+02,2.051279994039759345e+02,3.500000000000000000e+01,1.982392999999999876e-06,0.000000000000000000e+00
4.503770318320611068e+02,2.051275979681679473e+02,3.500000000000000000e+01,1.914028000000000151e-06,0.000000000000000000e+00
4.507789126514168174e+02,2.051271960873485796e+02,3.500000000000000000e+01,1.921318000000000211e-06,0.000000000000000000e+00
4.511875079675572806e+02,2.051267874920324346e+02,3.500000000000000000e+01,2.005429000000000057e-06,0.000000000000000000e+00
4.516237572041317776e+02,2.051263512427958631e+02,3.500000000000000000e+01,1.925858999999999987e-06,0.000000000000000000e+00
4.520206814304613090e+02,2.051259543185695406e+02,3.500000000000000000e+01,1.890875999999999944e-06,0.000000000000000000e+00
4.524411029342380743e+02,2.051255338970657647e+02,3.500000000000000000e+01,1.810782000000000021e-06,0.000000000000000000e+00
4.528766362129227900e+02,2.051250983637870888e+02,3.500000000000000000e+01,1.831344000000000097e-06,0.000000000000000000e+00
4.532573485284140133e+02,2.051247176514715989e+02,3.500000000000000000e+01,1.862834000000000069e-06,0.000000000000000000e+00
4.537053611355775047e+02,2.051242696388644333e+02,3.500000000000000000e+01,1.726192000000000082e-06,0.000000000000000000e+00
4.541293476457677230e+02,2.051238456523542482e+02,3.500000000000000000e+01,1.833920000000000053e-06,0.000000000000000000e+00
4.545278477480915740e+02,2.051234471522519129e+02,3.500000000000000000e+01,1.774591999999999907e-06,0.000000000000000000e+00
4.549735275369210967e+02,2.051230014724630735e+02,3.500000000000000000e+01,1.705556999999999898e-06,0.000000000000000000e+00
4.553887167874465831e+02,2.051225862832125699e+02,3.500000000000000000e+01,1.620312000000000090e-06,0.000000000000000000e+00
4.557764851420695322e+02,2.051221985148579279e+02,3.500000000000000000e+01,1.695326999999999998e-06,0.000000000000000000e+00
4.562027950033614729e+02,2.051217722049966312e+02,3.500000000000000000e+01,1.701976999999999968e-06,0.000000000000000000e+00
4.566227646335207737e+02,2.051213522353664871e+02,3.500000000000000000e+01,1.703622000000000060e-06,0.000000000000000000e+00
4.570423278245971801e+02,2.051209326721753996e+02,3.500000000000000000e+01,1.705848000000000096e-06,0.000000000000000000e+00
4.574669981382527908e+02,2.051205080018617366e+02,3.500000000000000000e+01,1.727749000000000074e-06,0.000000000000000000e+00
4.579100520370026857e+02,2.051200649479629874e+02,3.500000000000000000e+01,1.791836000000000084e-06,0.000000000000000000e+00
4.582927887268303948e+02,2.051196822112731581e+02,3.500000000000000000e+01,1.858133999999999928e-06,0.000000000000000000e+00
4.587165315985591292e+02,2.051192584684014548e+02,3.500000000000000000e+01,1.761028999999999907e-06,0.000000000000000000e+00
4.591502356332408112e+02,2.051188247643667637e+02,3.500000000000000000e+01,1.774228000000000024e-06,0.000000000000000000e+00
4.595642630545349903e+02,2.051184107369454637e+02,3.500000000000000000e+01,1.765947999999999952e-06,0.000000000000000000e+00
4.600120498334489980e+02,2.051179629501665431e+02,3.500000000000000000e+01,1.816209999999999929e-06,0.000000000000000000e+00
4.604299909709225744e+02,2.051175450090290724e+02,3.500000000000000000e+01,1.805005000000000009e-06,0.000000000000000000e+00
4.608172174050415038e+02,2.051171577825949726e+02,3.500000000000000000e+01,1.724765999999999895e-06,0.000000000000000000e+00
4.612354387734212082e+02,2.051167395612265807e+02,3.500000000000000000e+01,1.806896999999999931e-06,0.000000000000000000e+00
4.616829758801497974e+02,2.051162920241198435e+02,3.500000000000000000e+01,1.819410999999999986e-06,0.000000000000000000e+00
4.620745202793199269e+02,2.051159004797206933e+02,3.500000000000000000e+01,1.880660000000000007e-06,0.000000000000000000e+00
4.625047592899031770e+02,2.051154702407100956e+02,3.500000000000000000e+01,1.759980999999999989e-06,0.000000000000000000e+00
4.628938368807486086e+02,2.051150811631192425e+02,3.500000000000000000e+01,1.775916000000000032e-06,0.000000000000000000e+00
4.633286966044037172e+02,2.051146463033956024e+02,3.500000000000000000e+01,1.746550000000000032e-06,0.000000000000000000e+00
4.637105654738097655e+02,2.051142644345262056e+02,3.500000000000000000e+01,1.755600999999999999e-06,0.000000000000000000e+00
4.641519238780476826e+02,2.051138230761219461e+02,3.500000000000000000e+01,1.755456000000000019e-06,0.000000000000000000e+00
4.645919779245733139e+02,2.051133830220754248e+02,3.500000000000000000e+01,1.737921000000000068e-06,0.000000000000000000e+00
4.649771880276712182e+02,2.051129978119723205e+02,3.500000000000000000e+01,1.659383999999999925e-06,0.000000000000000000e+00
4.654151677523324793e+02,2.051125598322476833e+02,3.500000000000000000e+01,1.765074999999999995e-06,0.000000000000000000e+00
4.658223956679389630e+02,2.051121526043320671e+02,3.500000000000000000e+01,1.990149000000000095e-06,0.000000000000000000e+00
4.662237628245500218e+02,2.051117512371754401e+02,3.500000000000000000e+01,1.842053999999999906e-06,0.000000000000000000e+00
4.666544409541984919e+02,2.051113205590457937e+02,3.500000000000000000e+01,1.768552000000000046e-06,0.000000000000000000e+00
4.670941203330232270e+02,2.051108808796669791e+02,3.500000000000000000e+01,1.544467999999999957e-06,0.000000000000000000e+00
4.675178678898907378e+02,2.051104571321100991e+02,3.500000000000000000e+01,1.654174000000000106e-06,0.000000000000000000e+00
4.679239562636362280e+02,2.051100510437363766e+02,3.500000000000000000e+01,1.621040000000000068e-06,0.000000000000000000e+00
4.683501160124048965e+02,2.051096248839876068e+02,3.500000000000000000e+01,1.627952000000000071e-06,0.000000000000000000e+00
4.687656635831103245e+02,2.051092093364168818e+02,3.500000000000000000e+01,1.596402999999999952e-06,0.000000000000000000e+00
4.691937100860927785e+02,2.051087812899139067e+02,3.500000000000000000e+01,1.603854000000000010e-06,0.000000000000000000e+00
4.696018849793970844e+02,2.051083731150206120e+02,3.500000000000000000e+01,1.564433000000000070e-06,0.000000000000000000e+00
4.700325643860333571e+02,2.051079424356139782e+02,3.500000000000000000e+01,1.656225999999999997e-06,0.000000000000000000e+00
4.704550710687022956e+02,2.051075199289313105e+02,3.500000000000000000e+01,1.606386000000000022e-06,0.000000000000000000e+00
4.708425526499668194e+02,2.051071324473500397e+02,3.500000000000000000e+01,1.663996999999999994e-06,0.000000000000000000e+00
4.712578242103588764e+02,2.051067171757896404e+02,3.500000000000000000e+01,1.635212999999999966e-06,0.000000000000000000e+00
4.716875412084147001e+02,2.051062874587915985e+02,3.500000000000000000e+01,1.680381999999999965e-06,0.000000000000000000e+00
4.720954882147813692e+02,2.051058795117852185e+02,3.500000000000000000e+01,1.660315000000000001e-06,0.000000000000000000e+00
4.725290265931917020e+02,2.051054459734068018e+02,3.500000000000000000e+01,1.589214999999999954e-06,0.000000000000000000e+00
4.729345628800069221e+02,2.051050404371199818e+02,3.500000000000000000e+01,1.543055999999999944e-06,0.000000000000000000e+00
4.733515141619351994e+02,2.051046234858380615e+02,3.500000000000000000e+01,1.511755000000000106e-06,0.000000000000000000e+00
4.737731860909544253e+02,2.051042018139090430e+02,3.500000000000000000e+01,1.616092000000000069e-06,0.000000000000000000e+00
4.741747473174455081e+02,2.051038002526825608e+02,3.500000000000000000e+01,1.633729000000000084e-06,0.000000000000000000e+00
4.746122611199306220e+02,2.051033627388800653e+02,3.500000000000000000e+01,1.586842999999999911e-06,0.000000000000000000e+00
4.750199839937544084e+02,2.051029550160062342e+02,3.500000000000000000e+01,1.601321999999999997e-06,0.000000000000000000e+00
4.754396885350014941e+02,2.051025353114650045e+02,3.500000000000000000e+01,1.688109000000000019e-06,0.000000000000000000e+00
4.758552427322607059e+02,2.051021197572677295e+02,3.500000000000000000e+01,1.682259999999999924e-06,0.000000000000000000e+00
4.762445504244279846e+02,2.051017304495755695e+02,3.500000000000000000e+01,1.633393999999999942e-06,0.000000000000000000e+00
4.766749562611146871e+02,2.051013000437388882e+02,3.500000000000000000e+01,1.390987999999999988e-06,0.000000000000000000e+00
4.771159408592761793e+02,2.051008590591407312e+02,3.500000000000000000e+01,1.385341999999999992e-06,0.000000000000000000e+00
4.775146778710308126e+02,2.051004603221289813e+02,3.500000000000000000e+01,1.483582000000000003e-06,0.000000000000000000e+00
4.779590859308735844e+02,2.051000159140691324e+02,3.500000000000000000e+01,1.435225999999999911e-06,0.000000000000000000e+00
4.783746324171017932e+02,2.050996003675828945e+02,3.500000000000000000e+01,1.422536999999999896e-06,0.000000000000000000e+00
4.787861610305344016e+02,2.050991888389694680e+02,3.500000000000000000e+01,1.429187000000000077e-06,0.000000000000000000e+00
4.791910440805881990e+02,2.050987839559194015e+02,3.500000000000000000e+01,1.443709999999999896e-06,0.000000000000000000e+00
4.796341419594933200e+02,2.050983408580405012e+02,3.500000000000000000e+01,1.423191999999999977e-06,0.000000000000000000e+00
4.800581409384765834e+02,2.050979168590615132e+02,3.500000000000000000e+01,1.395165000000000092e-06,0.000000000000000000e+00
4.805059453164757883e+02,2.050974690546835291e+02,3.500000000000000000e+01,1.366045999999999923e-06,0.000000000000000000e+00
4.808956897288414325e+02,2.050970793102711696e+02,3.500000000000000000e+01,1.369873999999999922e-06,0.000000000000000000e+00
4.813112372995468036e+02,2.050966637627004445e+02,3.500000000000000000e+01,1.403547000000000015e-06,0.000000000000000000e+00
4.817310058944719913e+02,2.050962439941055209e+02,3.500000000000000000e+01,1.400258000000000070e-06,0.000000000000000000e+00
4.821389512088484253e+02,2.050958360487911420e+02,3.500000000000000000e+01,1.343695000000000016e-06,0.000000000000000000e+00
4.825636181126374140e+02,2.050954113818873736e+02,3.500000000000000000e+01,1.392603999999999915e-06,0.000000000000000000e+00
4.829720378932859717e+02,2.050950029621067188e+02,3.500000000000000000e+01,1.364024000000000012e-06,0.000000000000000000e+00
4.833738236354961941e+02,2.050946011763645060e+02,3.500000000000000000e+01,1.366293999999999992e-06,0.000000000000000000e+00
4.837750765828187127e+02,2.050941999234171931e+02,3.500000000000000000e+01,1.374705000000000080e-06,0.000000000000000000e+00
4.842215624762040989e+02,2.050937534375237874e+02,3.500000000000000000e+01,1.319872999999999950e-06,0.000000000000000000e+00
4.846455520190839934e+02,2.050933294479809206e+02,3.500000000000000000e+01,1.350257999999999914e-06,0.000000000000000000e+00
4.850445419461343022e+02,2.050929304580538712e+02,3.500000000000000000e+01,1.262392999999999994e-06,0.000000000000000000e+00
4.854925393293927982e+02,2.050924824606705954e+02,3.500000000000000000e+01,1.306295999999999986e-06,0.000000000000000000e+00
4.858795734166124589e+02,2.050920954265833984e+02,3.500000000000000000e+01,1.190929000000000063e-06,0.000000000000000000e+00
4.862958559567417751e+02,2.050916791440432689e+02,3.500000000000000000e+01,1.142572999999999970e-06,0.000000000000000000e+00
4.867186486226713669e+02,2.050912563513773250e+02,3.500000000000000000e+01,1.236446999999999954e-06,0.000000000000000000e+00
4.871493241109496921e+02,2.050908256758890502e+02,3.500000000000000000e+01,1.175227000000000098e-06,0.000000000000000000e+00
4.875572664119190449e+02,2.050904177335880831e+02,3.500000000000000000e+01,1.249369000000000048e-06,0.000000000000000000e+00
4.879852684875152704e+02,2.050899897315124747e+02,3.500000000000000000e+01,1.209802999999999918e-06,0.000000000000000000e+00
4.884283170249423165e+02,2.050895466829750546e+02,3.500000000000000000e+01,1.288179000000000063e-06,0.000000000000000000e+00
4.888438621077185076e+02,2.050891311378922808e+02,3.500000000000000000e+01,1.205626000000000025e-06,0.000000000000000000e+00
4.892360119086336567e+02,2.050887389880913645e+02,3.500000000000000000e+01,1.195556000000000095e-06,0.000000000000000000e+00
4.896653294216741870e+02,2.050883096705783259e+02,3.500000000000000000e+01,1.187262000000000060e-06,0.000000000000000000e+00
4.900960912129426674e+02,2.050878789087870473e+02,3.500000000000000000e+01,1.206034000000000064e-06,0.000000000000000000e+00
4.905038115330398796e+02,2.050874711884669637e+02,3.500000000000000000e+01,1.158725000000000074e-06,0.000000000000000000e+00
4.909199281957218659e+02,2.050870550718042864e+02,3.500000000000000000e+01,1.188673000000000046e-06,0.000000000000000000e+00
4.913422073414153033e+02,2.050866327926585768e+02,3.500000000000000000e+01,1.185545000000000098e-06,0.000000000000000000e+00
4.917501646069801495e+02,2.050862248353930113e+02,3.500000000000000000e+01,1.192035000000000099e-06,0.000000000000000000e+00
4.921449252037692759e+02,2.050858300747962346e+02,3.500000000000000000e+01,1.245890999999999969e-06,0.000000000000000000e+00
4.925658231068508712e+02,2.050854091768931653e+02,3.500000000000000000e+01,1.192572999999999915e-06,0.000000000000000000e+00
4.929962698324852113e+02,2.050849787301675065e+02,3.500000000000000000e+01,1.201959000000000023e-06,0.000000000000000000e+00
4.934053505063868101e+02,2.050845696494936021e+02,3.500000000000000000e+01,1.214386000000000006e-06,0.000000000000000000e+00
4.938198800133594091e+02,2.050841551199866331e+02,3.500000000000000000e+01,1.184816999999999908e-06,0.000000000000000000e+00
4.942436271819461808e+02,2.050837313728180504e+02,3.500000000000000000e+01,1.184439000000000062e-06,0.000000000000000000e+00
4.946748766081846043e+02,2.050833001233918083e+02,3.500000000000000000e+01,1.197986000000000044e-06,0.000000000000000000e+00
4.950826682886167873e+02,2.050828923317113777e+02,3.500000000000000000e+01,1.152918999999999896e-06,0.000000000000000000e+00
4.955132721287300228e+02,2.050824617278712765e+02,3.500000000000000000e+01,1.079620999999999950e-06,0.000000000000000000e+00
4.959135861447076650e+02,2.050820614138552855e+02,3.500000000000000000e+01,1.111547999999999916e-06,0.000000000000000000e+00
4.963192606101730462e+02,2.050816557393898165e+02,3.500000000000000000e+01,1.173685000000000097e-06,0.000000000000000000e+00
4.967608274503817256e+02,2.050812141725496076e+02,3.500000000000000000e+01,1.130159999999999950e-06,0.000000000000000000e+00
4.971540147493141149e+02,2.050808209852506820e+02,3.500000000000000000e+01,1.115040999999999985e-06,0.000000000000000000e+00
4.975834694221099994e+02,2.050803915305778844e+02,3.500000000000000000e+01,9.577489000000000960e-07,0.000000000000000000e+00
4.980291372595966095e+02,2.050799458627404022e+02,3.500000000000000000e+01,9.462819000000000370e-07,0.000000000000000000e+00
4.984511658027407748e+02,2.050795238341972606e+02,3.500000000000000000e+01,1.114400000000000079e-06,0.000000000000000000e+00
4.988386502950140766e+02,2.050791363497049815e+02,3.500000000000000000e+01,1.147810999999999927e-06,0.000000000000000000e+00
4.992541978657195045e+02,2.050787208021342849e+02,3.500000000000000000e+01,1.155712999999999941e-06,0.000000000000000000e+00
4.996841100891327301e+02,2.050782908899108747e+02,3.500000000000000000e+01,1.239575999999999929e-06,0.000000000000000000e+00
5.001267587318400274e+02,2.050778482412681569e+02,3.500000000000000000e+01,1.218184000000000024e-06,0.000000000000000000e+00
5.005633364128663061e+02,2.050774116635871280e+02,3.500000000000000000e+01,1.116189999999999938e-06,0.000000000000000000e+00
5.009502456393129819e+02,2.050770247543606786e+02,3.500000000000000000e+01,1.090957000000000099e-06,0.000000000000000000e+00
5.013629458795974756e+02,2.050766120541204032e+02,3.500000000000000000e+01,1.066800999999999919e-06,0.000000000000000000e+00
5.017758110530920135e+02,2.050761991889469016e+02,3.500000000000000000e+01,1.060631000000000069e-06,0.000000000000000000e+00
5.022017935208518224e+02,2.050757732064791412e+02,3.500000000000000000e+01,1.080160000000000006e-06,0.000000000000000000e+00
5.026216381575651440e+02,2.050753533618424456e+02,3.500000000000000000e+01,1.155450999999999909e-06,0.000000000000000000e+00
5.030404167317993256e+02,2.050749345832682025e+02,3.500000000000000000e+01,1.162131000000000072e-06,0.000000000000000000e+00
5.034429506333643758e+02,2.050745320493666384e+02,3.500000000000000000e+01,1.155189000000000088e-06,0.000000000000000000e+00
5.038518812797200894e+02,2.050741231187202800e+02,3.500000000000000000e+01,1.211591999999999961e-06,0.000000000000000000e+00
5.042906805563109742e+02,2.050736843194436858e+02,3.500000000000000000e+01,1.159641999999999976e-06,0.000000000000000000e+00
5.046786890318476253e+02,2.050732963109681464e+02,3.500000000000000000e+01,1.170657999999999973e-06,0.000000000000000000e+00
5.051131716672630887e+02,2.050728618283327478e+02,3.500000000000000000e+01,1.173756999999999967e-06,0.000000000000000000e+00
5.055119079787207852e+02,2.050724630920212803e+02,3.500000000000000000e+01,1.184584000000000041e-06,0.000000000000000000e+00
5.059565572073051385e+02,2.050720184427927109e+02,3.500000000000000000e+01,1.169596000000000092e-06,0.000000000000000000e+00
5.063723827158269160e+02,2.050716026172841850e+02,3.500000000000000000e+01,1.244653999999999917e-06,0.000000000000000000e+00
5.067876579770991725e+02,2.050711873420229097e+02,3.500000000000000000e+01,1.184816999999999908e-06,0.000000000000000000e+00
5.071936495207045823e+02,2.050707813504793080e+02,3.500000000000000000e+01,1.261797000000000059e-06,0.000000000000000000e+00
5.076196569321853644e+02,2.050703553430678028e+02,3.500000000000000000e+01,1.240027000000000096e-06,0.000000000000000000e+00
5.080556159259524520e+02,2.050699193840740406e+02,3.500000000000000000e+01,1.234729999999999993e-06,0.000000000000000000e+00
5.085038363723111843e+02,2.050694711636276963e+02,3.500000000000000000e+01,1.156077000000000036e-06,0.000000000000000000e+00
5.088926128406711200e+02,2.050690823871593409e+02,3.500000000000000000e+01,1.120395999999999996e-06,0.000000000000000000e+00
5.093081537848225935e+02,2.050686668462151658e+02,3.500000000000000000e+01,1.115054999999999948e-06,0.000000000000000000e+00
5.097282556283749955e+02,2.050682467443716348e+02,3.500000000000000000e+01,1.168519000000000009e-06,0.000000000000000000e+00
5.101364307536163096e+02,2.050678385692463905e+02,3.500000000000000000e+01,1.150271000000000070e-06,0.000000000000000000e+00
5.105671076972456603e+02,2.050674078923027537e+02,3.500000000000000000e+01,1.145643000000000010e-06,0.000000000000000000e+00
5.109970109096692568e+02,2.050669779890903328e+02,3.500000000000000000e+01,1.236840000000000003e-06,0.000000000000000000e+00
5.113845019492670758e+02,2.050665904980507435e+02,3.500000000000000000e+01,1.171167000000000047e-06,0.000000000000000000e+00
5.118136771755112591e+02,2.050661613228244846e+02,3.500000000000000000e+01,1.287306000000000106e-06,0.000000000000000000e+00
5.122190322385496302e+02,2.050657559677614472e+02,3.500000000000000000e+01,1.228559999999999931e-06,0.000000000000000000e+00
5.126427777775656978e+02,2.050653322222224233e+02,3.500000000000000000e+01,1.093678000000000034e-06,0.000000000000000000e+00
5.130417727541210979e+02,2.050649332272458878e+02,3.500000000000000000e+01,1.109146999999999920e-06,0.000000000000000000e+00
5.134897403790388353e+02,2.050644852596209660e+02,3.500000000000000000e+01,1.180712999999999913e-06,0.000000000000000000e+00
5.138768230117973417e+02,2.050640981769882103e+02,3.500000000000000000e+01,1.219159000000000045e-06,0.000000000000000000e+00
5.142924945042011586e+02,2.050636825054957910e+02,3.500000000000000000e+01,1.228952999999999980e-06,0.000000000000000000e+00
5.147156756313164578e+02,2.050632593243686870e+02,3.500000000000000000e+01,1.205495000000000009e-06,0.000000000000000000e+00
5.151468012474247189e+02,2.050628281987525838e+02,3.500000000000000000e+01,1.268432000000000039e-06,0.000000000000000000e+00
5.155549763726659194e+02,2.050624200236273396e+02,3.500000000000000000e+01,1.175446000000000003e-06,0.000000000000000000e+00
5.159830191767169936e+02,2.050619919808232794e+02,3.500000000000000000e+01,1.177119000000000020e-06,0.000000000000000000e+00
5.163942849204076992e+02,2.050615807150796002e+02,3.500000000000000000e+01,1.196691000000000085e-06,0.000000000000000000e+00
5.168074539605896689e+02,2.050611675460393997e+02,3.500000000000000000e+01,1.247361000000000101e-06,0.000000000000000000e+00
5.172314460477099374e+02,2.050607435539522783e+02,3.500000000000000000e+01,1.150182999999999970e-06,0.000000000000000000e+00
5.176304349122136728e+02,2.050603445650877745e+02,3.500000000000000000e+01,1.109744000000000094e-06,0.000000000000000000e+00
5.180722088549617865e+02,2.050599027911450492e+02,3.500000000000000000e+01,1.130349000000000085e-06,0.000000000000000000e+00
5.185026529698783406e+02,2.050594723470301233e+02,3.500000000000000000e+01,1.008316999999999989e-06,0.000000000000000000e+00
5.189187904145901484e+02,2.050590562095854068e+02,3.500000000000000000e+01,1.139808000000000091e-06,0.000000000000000000e+00
5.193417311010388175e+02,2.050586332688989728e+02,3.500000000000000000e+01,1.180349000000000030e-06,0.000000000000000000e+00
5.197496467053125571e+02,2.050582253532946879e+02,3.500000000000000000e+01,1.216976999999999953e-06,0.000000000000000000e+00
5.201803543119863207e+02,2.050577946456880056e+02,3.500000000000000000e+01,1.090607999999999994e-06,0.000000000000000000e+00
5.206107999947952294e+02,2.050573642000051962e+02,3.500000000000000000e+01,1.147899000000000027e-06,0.000000000000000000e+00
5.210189725126871281e+02,2.050569560274873027e+02,3.500000000000000000e+01,1.146866000000000100e-06,0.000000000000000000e+00
5.214387424327404688e+02,2.050565362575672737e+02,3.500000000000000000e+01,1.121458000000000089e-06,0.000000000000000000e+00
5.218436083778626653e+02,2.050561313916221309e+02,3.500000000000000000e+01,1.101506999999999939e-06,0.000000000000000000e+00
5.222428152692416461e+02,2.050557321847307719e+02,3.500000000000000000e+01,1.103063999999999931e-06,0.000000000000000000e+00
5.226910903905150008e+02,2.050552839096094999e+02,3.500000000000000000e+01,1.104796000000000095e-06,0.000000000000000000e+00
5.230816713044609969e+02,2.050548933286955275e+02,3.500000000000000000e+01,1.165898999999999897e-06,0.000000000000000000e+00
5.235135755375844155e+02,2.050544614244624313e+02,3.500000000000000000e+01,1.124382999999999938e-06,0.000000000000000000e+00
5.239205164962806975e+02,2.050540544835037338e+02,3.500000000000000000e+01,1.216670999999999976e-06,0.000000000000000000e+00
5.243456232364089828e+02,2.050536293767635811e+02,3.500000000000000000e+01,1.283683000000000047e-06,0.000000000000000000e+00
5.247600479755714105e+02,2.050532149520244332e+02,3.500000000000000000e+01,1.114225999999999935e-06,0.000000000000000000e+00
5.251673148324695148e+02,2.050528076851675223e+02,3.500000000000000000e+01,1.077598000000000012e-06,0.000000000000000000e+00
5.255979903207478401e+02,2.050523770096792475e+02,3.500000000000000000e+01,1.120555999999999966e-06,0.000000000000000000e+00
5.260057106408448817e+02,2.050519692893591639e+02,3.500000000000000000e+01,1.135340000000000001e-06,0.000000000000000000e+00
5.264225227035623220e+02,2.050515524772964397e+02,3.500000000000000000e+01,1.161286000000000040e-06,0.000000000000000000e+00
5.268542617848708005e+02,2.050511207382151326e+02,3.500000000000000000e+01,1.226973999999999986e-06,0.000000000000000000e+00
5.272756909906314604e+02,2.050506993090093601e+02,3.500000000000000000e+01,1.205654999999999979e-06,0.000000000000000000e+00
5.276767511484325723e+02,2.050502982488515613e+02,3.500000000000000000e+01,1.204839999999999928e-06,0.000000000000000000e+00
5.281140819344625470e+02,2.050498609180655478e+02,3.500000000000000000e+01,1.131950000000000021e-06,0.000000000000000000e+00
5.285445300201687360e+02,2.050494304699798249e+02,3.500000000000000000e+01,1.158784000000000009e-06,0.000000000000000000e+00
5.289696954753890168e+02,2.050490053045246270e+02,3.500000000000000000e+01,1.136330000000000012e-06,0.000000000000000000e+00
5.293574645320327363e+02,2.050486175354679688e+02,3.500000000000000000e+01,1.101666999999999908e-06,0.000000000000000000e+00
5.297962068591058369e+02,2.050481787931408917e+02,3.500000000000000000e+01,1.119683000000000008e-06,0.000000000000000000e+00
5.302202047358000527e+02,2.050477547952642112e+02,3.500000000000000000e+01,1.022083000000000087e-06,0.000000000000000000e+00
5.306191940340664814e+02,2.050473558059659354e+02,3.500000000000000000e+01,1.007720000000000027e-06,0.000000000000000000e+00
5.310619873936238946e+02,2.050469130126063817e+02,3.500000000000000000e+01,9.974173999999999856e-07,0.000000000000000000e+00
5.314671831847133490e+02,2.050465078168152786e+02,3.500000000000000000e+01,1.119856999999999941e-06,0.000000000000000000e+00
5.318790777194051316e+02,2.050460959222805855e+02,3.500000000000000000e+01,1.038061000000000047e-06,0.000000000000000000e+00
5.322662909004161520e+02,2.050457087090995856e+02,3.500000000000000000e+01,1.081673000000000054e-06,0.000000000000000000e+00
5.326940043425646536e+02,2.050452809956574356e+02,3.500000000000000000e+01,1.088235999999999952e-06,0.000000000000000000e+00
5.331246798308429788e+02,2.050448503201691608e+02,3.500000000000000000e+01,1.215332000000000073e-06,0.000000000000000000e+00
5.335328549560841793e+02,2.050444421450439165e+02,3.500000000000000000e+01,1.093096000000000063e-06,0.000000000000000000e+00
5.339557038216661340e+02,2.050440192961783339e+02,3.500000000000000000e+01,1.024950000000000029e-06,0.000000000000000000e+00
5.343719303278973030e+02,2.050436030696721161e+02,3.500000000000000000e+01,1.056120000000000063e-06,0.000000000000000000e+00
5.347828680515267479e+02,2.050431921319484729e+02,3.500000000000000000e+01,1.182882000000000070e-06,0.000000000000000000e+00
5.352066008148855190e+02,2.050427683991851211e+02,3.500000000000000000e+01,1.120949000000000014e-06,0.000000000000000000e+00
5.356292536795021988e+02,2.050423457463205068e+02,3.500000000000000000e+01,1.140622999999999930e-06,0.000000000000000000e+00
5.360489465697989999e+02,2.050419260534302168e+02,3.500000000000000000e+01,1.017441000000000064e-06,0.000000000000000000e+00
5.364748155686908149e+02,2.050415001844312997e+02,3.500000000000000000e+01,1.261898000000000094e-06,0.000000000000000000e+00
5.368763264906128825e+02,2.050410986735093957e+02,3.500000000000000000e+01,1.163221999999999906e-06,0.000000000000000000e+00
5.372781321960399055e+02,2.050406968678039732e+02,3.500000000000000000e+01,1.186519999999999907e-06,0.000000000000000000e+00
5.377041474338010403e+02,2.050402708525662092e+02,3.500000000000000000e+01,1.157168000000000082e-06,0.000000000000000000e+00
5.381240043591833455e+02,2.050398509956408191e+02,3.500000000000000000e+01,1.241147000000000096e-06,0.000000000000000000e+00
5.385475469637405013e+02,2.050394274530362679e+02,3.500000000000000000e+01,1.176158999999999990e-06,0.000000000000000000e+00
5.389961508182468606e+02,2.050389788491817455e+02,3.500000000000000000e+01,1.170047000000000048e-06,0.000000000000000000e+00
5.394114204511357684e+02,2.050385635795488781e+02,3.500000000000000000e+01,1.147097999999999940e-06,0.000000000000000000e+00
5.398266946776930126e+02,2.050381483053222951e+02,3.500000000000000000e+01,1.143692999999999970e-06,0.000000000000000000e+00
5.402233445321352292e+02,2.050377516554678721e+02,3.500000000000000000e+01,1.166146999999999967e-06,0.000000000000000000e+00
5.406518241460822765e+02,2.050373231758539134e+02,3.500000000000000000e+01,1.230466000000000028e-06,0.000000000000000000e+00
5.410758344876943511e+02,2.050368991655122954e+02,3.500000000000000000e+01,1.214444999999999940e-06,0.000000000000000000e+00
5.414885964070078899e+02,2.050364864035929884e+02,3.500000000000000000e+01,1.249426999999999955e-06,0.000000000000000000e+00
5.419319285137964926e+02,2.050360430714862048e+02,3.500000000000000000e+01,1.304054999999999960e-06,0.000000000000000000e+00
5.423122273603854637e+02,2.050356627726396255e+02,3.500000000000000000e+01,1.201406000000000005e-06,0.000000000000000000e+00
5.427359702321143686e+02,2.050352390297678937e+02,3.500000000000000000e+01,1.113978000000000077e-06,0.000000000000000000e+00
5.431537140496590155e+02,2.050348212859503292e+02,3.500000000000000000e+01,1.172651999999999958e-06,0.000000000000000000e+00
5.435758651277379840e+02,2.050343991348722739e+02,3.500000000000000000e+01,1.205510000000000000e-06,0.000000000000000000e+00
5.440059988963104161e+02,2.050339690011036851e+02,3.500000000000000000e+01,1.213368000000000069e-06,0.000000000000000000e+00
5.443954832326980977e+02,2.050335795167673041e+02,3.500000000000000000e+01,1.230087999999999970e-06,0.000000000000000000e+00
5.448110308034033551e+02,2.050331639691966075e+02,3.500000000000000000e+01,1.166873999999999918e-06,0.000000000000000000e+00
5.452113958999642591e+02,2.050327636041000403e+02,3.500000000000000000e+01,1.233551000000000059e-06,0.000000000000000000e+00
5.456526657862594902e+02,2.050323223342137453e+02,3.500000000000000000e+01,1.245571000000000030e-06,0.000000000000000000e+00
5.460764063360289811e+02,2.050318985936639820e+02,3.500000000000000000e+01,1.195352999999999997e-06,0.000000000000000000e+00
5.465211665387751054e+02,2.050314538334612280e+02,3.500000000000000000e+01,1.200037999999999936e-06,0.000000000000000000e+00
5.469159912953587082e+02,2.050310590087046307e+02,3.500000000000000000e+01,1.391628999999999894e-06,0.000000000000000000e+00
5.473309763638773120e+02,2.050306440236361141e+02,3.500000000000000000e+01,1.315711000000000048e-06,0.000000000000000000e+00
5.477467065053133410e+02,2.050302282934947016e+02,3.500000000000000000e+01,1.337277000000000097e-06,0.000000000000000000e+00
5.481953708380448234e+02,2.050297796291619647e+02,3.500000000000000000e+01,1.312597000000000064e-06,0.000000000000000000e+00
5.485943572928742924e+02,2.050293806427071388e+02,3.500000000000000000e+01,1.440232000000000029e-06,0.000000000000000000e+00
5.490183503079748562e+02,2.050289566496920202e+02,3.500000000000000000e+01,1.242894000000000038e-06,0.000000000000000000e+00
5.494637097052587933e+02,2.050285112902947446e+02,3.500000000000000000e+01,1.273030999999999933e-06,0.000000000000000000e+00
5.498514883630194845e+02,2.050281235116369771e+02,3.500000000000000000e+01,1.268198999999999960e-06,0.000000000000000000e+00
5.502670319972434072e+02,2.050277079680027725e+02,3.500000000000000000e+01,1.223306999999999984e-06,0.000000000000000000e+00
5.506946106915920609e+02,2.050272803893084017e+02,3.500000000000000000e+01,1.233391000000000089e-06,0.000000000000000000e+00
5.511023287925052045e+02,2.050268726712074852e+02,3.500000000000000000e+01,1.340304000000000009e-06,0.000000000000000000e+00
5.515332292014746827e+02,2.050264417707985274e+02,3.500000000000000000e+01,1.273220000000000068e-06,0.000000000000000000e+00
5.519352996474152633e+02,2.050260397003525838e+02,3.500000000000000000e+01,1.265580000000000087e-06,0.000000000000000000e+00
5.523439335474979544e+02,2.050256310664524904e+02,3.500000000000000000e+01,1.125271000000000098e-06,0.000000000000000000e+00
5.527582791173452961e+02,2.050252167208826677e+02,3.500000000000000000e+01,1.195993000000000087e-06,0.000000000000000000e+00
5.531657015792327456e+02,2.050248092984207631e+02,3.500000000000000000e+01,1.250823999999999978e-06,0.000000000000000000e+00
5.536062676826184088e+02,2.050243687323173845e+02,3.500000000000000000e+01,1.298554999999999970e-06,0.000000000000000000e+00
5.540043301179736090e+02,2.050239706698820328e+02,3.500000000000000000e+01,1.317560000000000053e-06,0.000000000000000000e+00
5.544205555130278071e+02,2.050235544444869618e+02,3.500000000000000000e+01,1.327818999999999907e-06,0.000000000000000000e+00
5.548636036599782528e+02,2.050231113963400276e+02,3.500000000000000000e+01,1.323860000000000103e-06,0.000000000000000000e+00
5.552510947497879670e+02,2.050227239052502171e+02,3.500000000000000000e+01,1.327658999999999938e-06,0.000000000000000000e+00
5.556817971355454802e+02,2.050222932028644607e+02,3.500000000000000000e+01,1.325402999999999921e-06,0.000000000000000000e+00
5.561127015054975118e+02,2.050218622984945114e+02,3.500000000000000000e+01,1.446518999999999931e-06,0.000000000000000000e+00
5.565206492281668034e+02,2.050214543507718474e+02,3.500000000000000000e+01,1.438441999999999958e-06,0.000000000000000000e+00
5.569407805810009222e+02,2.050210342194189934e+02,3.500000000000000000e+01,1.344830000000000006e-06,0.000000000000000000e+00
5.573592670174144814e+02,2.050206157329825771e+02,3.500000000000000000e+01,1.314038000000000030e-06,0.000000000000000000e+00
5.577447196842333597e+02,2.050202302803157579e+02,3.500000000000000000e+01,1.332431999999999976e-06,0.000000000000000000e+00
5.581931794136310145e+02,2.050197818205863598e+02,3.500000000000000000e+01,1.330700000000000024e-06,0.000000000000000000e+00
5.586287931192123324e+02,2.050193462068807833e+02,3.500000000000000000e+01,1.263731999999999897e-06,0.000000000000000000e+00
5.590596960100626802e+02,2.050189153039899281e+02,3.500000000000000000e+01,1.262772000000000079e-06,0.000000000000000000e+00
5.594644029141221608e+02,2.050185105970858785e+02,3.500000000000000000e+01,1.188382000000000060e-06,0.000000000000000000e+00
5.598759942046809783e+02,2.050180990057953352e+02,3.500000000000000000e+01,1.282925999999999904e-06,0.000000000000000000e+00
5.602912976267992917e+02,2.050176837023732048e+02,3.500000000000000000e+01,1.280902999999999965e-06,0.000000000000000000e+00
5.607227874467408810e+02,2.050172522125532737e+02,3.500000000000000000e+01,1.359178000000000076e-06,0.000000000000000000e+00
5.611316390993216601e+02,2.050168433609006797e+02,3.500000000000000000e+01,1.315376999999999934e-06,0.000000000000000000e+00
5.615735258484960468e+02,2.050164014741515075e+02,3.500000000000000000e+01,1.426189999999999935e-06,0.000000000000000000e+00
5.619587412786258938e+02,2.050160162587213790e+02,3.500000000000000000e+01,1.379695999999999995e-06,0.000000000000000000e+00
5.623928974220054897e+02,2.050155821025780085e+02,3.500000000000000000e+01,1.403444999999999952e-06,0.000000000000000000e+00
5.628026063178988352e+02,2.050151723936820929e+02,3.500000000000000000e+01,1.407199000000000026e-06,0.000000000000000000e+00
5.632055396842470145e+02,2.050147694603157618e+02,3.500000000000000000e+01,1.385487999999999998e-06,0.000000000000000000e+00
5.636362142083233948e+02,2.050143387857916650e+02,3.500000000000000000e+01,1.304972000000000073e-06,0.000000000000000000e+00
5.640355679469503229e+02,2.050139394320530641e+02,3.500000000000000000e+01,1.285531000000000025e-06,0.000000000000000000e+00
5.644825392938930690e+02,2.050134924607061180e+02,3.500000000000000000e+01,1.311331000000000058e-06,0.000000000000000000e+00
5.648711636451962477e+02,2.050131038363548157e+02,3.500000000000000000e+01,1.277440000000000089e-06,0.000000000000000000e+00
5.652853062093460039e+02,2.050126896937906622e+02,3.500000000000000000e+01,1.270964000000000051e-06,0.000000000000000000e+00
5.657095577029840570e+02,2.050122654422970072e+02,3.500000000000000000e+01,1.270454999999999977e-06,0.000000000000000000e+00
5.661177319511613177e+02,2.050118572680488285e+02,3.500000000000000000e+01,1.296429999999999969e-06,0.000000000000000000e+00
5.665508826337522805e+02,2.050114241173662606e+02,3.500000000000000000e+01,1.243067999999999971e-06,0.000000000000000000e+00
5.669881792282412789e+02,2.050109868207717625e+02,3.500000000000000000e+01,1.251435999999999931e-06,0.000000000000000000e+00
5.674037252323269058e+02,2.050105712747676705e+02,3.500000000000000000e+01,1.235516000000000090e-06,0.000000000000000000e+00
5.678123438702290287e+02,2.050101626561297792e+02,3.500000000000000000e+01,1.166351000000000092e-06,0.000000000000000000e+00
5.682146244302754212e+02,2.050097603755697264e+02,3.500000000000000000e+01,1.065912999999999971e-06,0.000000000000000000e+00
5.686595809575610474e+02,2.050093154190424514e+02,3.500000000000000000e+01,9.763753000000000622e-07,0.000000000000000000e+00
5.690835739726614975e+02,2.050088914260273327e+02,3.500000000000000000e+01,1.045016999999999993e-06,0.000000000000000000e+00
5.694837616713260786e+02,2.050084912383286735e+02,3.500000000000000000e+01,1.168330000000000086e-06,0.000000000000000000e+00
5.699094833408435079e+02,2.050080655166591725e+02,3.500000000000000000e+01,1.133041000000000067e-06,0.000000000000000000e+00
5.703422780944201804e+02,2.050076327219055941e+02,3.500000000000000000e+01,1.131309999999999931e-06,0.000000000000000000e+00
5.707216876641087993e+02,2.050072533123359051e+02,3.500000000000000000e+01,1.143519000000000037e-06,0.000000000000000000e+00
5.711647652748091559e+02,2.050068102347251795e+02,3.500000000000000000e+01,1.222113000000000059e-06,0.000000000000000000e+00
5.715945885485955387e+02,2.050063804114514028e+02,3.500000000000000000e+01,1.167515000000000036e-06,0.000000000000000000e+00
5.719872483885588963e+02,2.050059877516114568e+02,3.500000000000000000e+01,1.148830000000000104e-06,0.000000000000000000e+00
5.724149196586632797e+02,2.050055600803413256e+02,3.500000000000000000e+01,1.134539999999999941e-06,0.000000000000000000e+00
5.728021170535690771e+02,2.050051728829464253e+02,3.500000000000000000e+01,1.212188999999999923e-06,0.000000000000000000e+00
5.732453985486295096e+02,2.050047296014513734e+02,3.500000000000000000e+01,1.244261999999999896e-06,0.000000000000000000e+00
5.736409484553297489e+02,2.050043340515446744e+02,3.500000000000000000e+01,1.165812000000000037e-06,0.000000000000000000e+00
5.740681338390705832e+02,2.050039068661609178e+02,3.500000000000000000e+01,1.192019999999999897e-06,0.000000000000000000e+00
5.744918767107993745e+02,2.050034831232892145e+02,3.500000000000000000e+01,1.155233000000000032e-06,0.000000000000000000e+00
5.749078096468451804e+02,2.050030671903531641e+02,3.500000000000000000e+01,1.241947999999999972e-06,0.000000000000000000e+00
5.753072927802369350e+02,2.050026677072197572e+02,3.500000000000000000e+01,1.203297999999999927e-06,0.000000000000000000e+00
5.757505569637404506e+02,2.050022244430362548e+02,3.500000000000000000e+01,1.216277999999999928e-06,0.000000000000000000e+00
5.761513302684340943e+02,2.050018236697315785e+02,3.500000000000000000e+01,1.107910000000000079e-06,0.000000000000000000e+00
5.765773661418347729e+02,2.050013976338581756e+02,3.500000000000000000e+01,1.097839999999999936e-06,0.000000000000000000e+00
5.770073749128282543e+02,2.050009676250871848e+02,3.500000000000000000e+01,1.136010000000000072e-06,0.000000000000000000e+00
5.773973244010920780e+02,2.050005776755989189e+02,3.500000000000000000e+01,1.168766000000000051e-06,0.000000000000000000e+00
5.778263835152544061e+02,2.050001486164847506e+02,3.500000000000000000e+01,1.160966000000000101e-06,0.000000000000000000e+00
5.782433981930558957e+02,2.049997316018069569e+02,3.500000000000000000e+01,1.080610999999999961e-06,0.000000000000000000e+00
5.786912267595420190e+02,2.049992837732404496e+02,3.500000000000000000e+01,1.097985999999999943e-06,0.000000000000000000e+00
5.790902237400700869e+02,2.049988847762599278e+02,3.500000000000000000e+01,1.113425000000000059e-06,0.000000000000000000e+00
5.795142167551706507e+02,2.049984607832448376e+02,3.500000000000000000e+01,1.092689000000000051e-06,0.000000000000000000e+00
5.799585666456383706e+02,2.049980164333543655e+02,3.500000000000000000e+01,1.079795999999999910e-06,0.000000000000000000e+00
5.803741075897897872e+02,2.049976008924102189e+02,3.500000000000000000e+01,1.071879999999999934e-06,0.000000000000000000e+00
5.807726349502611356e+02,2.049972023650497306e+02,3.500000000000000000e+01,1.031731000000000016e-06,0.000000000000000000e+00
5.811963778219900405e+02,2.049967786221779988e+02,3.500000000000000000e+01,1.044477999999999938e-06,0.000000000000000000e+00
5.816211374096972122e+02,2.049963538625902970e+02,3.500000000000000000e+01,1.055858000000000030e-06,0.000000000000000000e+00
5.820405580898267317e+02,2.049959344419101797e+02,3.500000000000000000e+01,9.375071000000000503e-07,0.000000000000000000e+00
5.824431015209923999e+02,2.049955318984790154e+02,3.500000000000000000e+01,1.080188999999999959e-06,0.000000000000000000e+00
5.828520474249211247e+02,2.049951229525750875e+02,3.500000000000000000e+01,1.074702999999999932e-06,0.000000000000000000e+00
5.832750744834764873e+02,2.049946999255165281e+02,3.500000000000000000e+01,1.015664999999999956e-06,0.000000000000000000e+00
5.836762974383931351e+02,2.049942987025616219e+02,3.500000000000000000e+01,9.687500999999999814e-07,0.000000000000000000e+00
5.841141305851225525e+02,2.049938608694148741e+02,3.500000000000000000e+01,1.082095000000000056e-06,0.000000000000000000e+00
5.845218484300926320e+02,2.049934531515699234e+02,3.500000000000000000e+01,1.081644000000000100e-06,0.000000000000000000e+00
5.849416954605455885e+02,2.049930333045394661e+02,3.500000000000000000e+01,1.071195999999999900e-06,0.000000000000000000e+00
5.853462683289200186e+02,2.049926287316710898e+02,3.500000000000000000e+01,1.081774999999999904e-06,0.000000000000000000e+00
5.857454588723109055e+02,2.049922295411276991e+02,3.500000000000000000e+01,1.140345999999999907e-06,0.000000000000000000e+00
5.861874504015959246e+02,2.049917875495983992e+02,3.500000000000000000e+01,1.098160000000000087e-06,0.000000000000000000e+00
5.866181136856715739e+02,2.049913568863143212e+02,3.500000000000000000e+01,9.348296000000000450e-07,0.000000000000000000e+00
5.870449317806094314e+02,2.049909300682193987e+02,3.500000000000000000e+01,1.001709999999999935e-06,0.000000000000000000e+00
5.874474005566305550e+02,2.049905275994433680e+02,3.500000000000000000e+01,1.049148999999999914e-06,0.000000000000000000e+00
5.878764064465648289e+02,2.049900985935534266e+02,3.500000000000000000e+01,1.043984000000000066e-06,0.000000000000000000e+00
5.883057183364699085e+02,2.049896692816635380e+02,3.500000000000000000e+01,9.086360999999999502e-07,0.000000000000000000e+00
5.886995246796827814e+02,2.049892754753203121e+02,3.500000000000000000e+01,9.016949000000000097e-07,0.000000000000000000e+00
5.891358341945179973e+02,2.049888391658054729e+02,3.500000000000000000e+01,1.059044999999999912e-06,0.000000000000000000e+00
5.895595770662467885e+02,2.049884154229337696e+02,3.500000000000000000e+01,1.017470000000000018e-06,0.000000000000000000e+00
5.899623359770987463e+02,2.049880126640229037e+02,3.500000000000000000e+01,1.028630999999999995e-06,0.000000000000000000e+00
5.903970102226462586e+02,2.049875779897773498e+02,3.500000000000000000e+01,1.047460999999999906e-06,0.000000000000000000e+00
5.908122837522198552e+02,2.049871627162477807e+02,3.500000000000000000e+01,1.084684999999999975e-06,0.000000000000000000e+00
5.912121229509174327e+02,2.049867628770490739e+02,3.500000000000000000e+01,1.042717000000000032e-06,0.000000000000000000e+00
5.916406746332737612e+02,2.049863343253667267e+02,3.500000000000000000e+01,1.039574000000000095e-06,0.000000000000000000e+00
5.920393952966435336e+02,2.049859356047033714e+02,3.500000000000000000e+01,1.063540999999999928e-06,0.000000000000000000e+00
5.924631381683723248e+02,2.049855118618316396e+02,3.500000000000000000e+01,1.142122000000000015e-06,0.000000000000000000e+00
5.928744370393181953e+02,2.049851005629606959e+02,3.500000000000000000e+01,1.124266000000000096e-06,0.000000000000000000e+00
5.932892970021470092e+02,2.049846857029978651e+02,3.500000000000000000e+01,1.062057000000000045e-06,0.000000000000000000e+00
5.937130594491433158e+02,2.049842619405508515e+02,3.500000000000000000e+01,1.164968000000000033e-06,0.000000000000000000e+00
5.941371236454059499e+02,2.049838378763545848e+02,3.500000000000000000e+01,1.101361999999999959e-06,0.000000000000000000e+00
5.945440583511450541e+02,2.049834309416488622e+02,3.500000000000000000e+01,1.007064999999999946e-06,0.000000000000000000e+00
5.949919965414690068e+02,2.049829830034585427e+02,3.500000000000000000e+01,1.078063999999999958e-06,0.000000000000000000e+00
5.953797655981127264e+02,2.049825952344018845e+02,3.500000000000000000e+01,1.066597000000000005e-06,0.000000000000000000e+00
5.957955856883846764e+02,2.049821794143116165e+02,3.500000000000000000e+01,1.039574000000000095e-06,0.000000000000000000e+00
5.962181997935462050e+02,2.049817568002064547e+02,3.500000000000000000e+01,1.088279999999999896e-06,0.000000000000000000e+00
5.966268344559865682e+02,2.049813481655440057e+02,3.500000000000000000e+01,1.089182000000000018e-06,0.000000000000000000e+00
5.970684221372191587e+02,2.049809065778627826e+02,3.500000000000000000e+01,1.042135000000000060e-06,0.000000000000000000e+00
5.974988730278049616e+02,2.049804761269722064e+02,3.500000000000000000e+01,9.922223000000000055e-07,0.000000000000000000e+00
5.978866390796797532e+02,2.049800883609203197e+02,3.500000000000000000e+01,1.114677000000000102e-06,0.000000000000000000e+00
5.983019155917198759e+02,2.049796730844082902e+02,3.500000000000000000e+01,9.861104999999999414e-07,0.000000000000000000e+00
5.987454637816689456e+02,2.049792295362183268e+02,3.500000000000000000e+01,9.099603999999999986e-07,0.000000000000000000e+00
5.991694569049834627e+02,2.049788055430950067e+02,3.500000000000000000e+01,1.007851000000000043e-06,0.000000000000000000e+00
5.995646385928918107e+02,2.049784103614071000e+02,3.500000000000000000e+01,1.056730999999999988e-06,0.000000000000000000e+00
6.000041560838760688e+02,2.049779708439161254e+02,3.500000000000000000e+01,9.753129999999999402e-07,0.000000000000000000e+00
6.004281490989766326e+02,2.049775468509010352e+02,3.500000000000000000e+01,9.929499000000000153e-07,0.000000000000000000e+00
6.008426234416950820e+02,2.049771323765583020e+02,3.500000000000000000e+01,1.025996999999999919e-06,0.000000000000000000e+00
6.012507047196967278e+02,2.049767242952802917e+02,3.500000000000000000e+01,8.101632999999999500e-07,0.000000000000000000e+00
6.016812520743424102e+02,2.049762937479256664e+02,3.500000000000000000e+01,8.776114999999999703e-07,0.000000000000000000e+00
6.020889723944394518e+02,2.049758860276055543e+02,3.500000000000000000e+01,9.283102999999999557e-07,0.000000000000000000e+00
6.025090213304711142e+02,2.049754659786695186e+02,3.500000000000000000e+01,8.078932000000000308e-07,0.000000000000000000e+00
6.029165687508674409e+02,2.049750584312491242e+02,3.500000000000000000e+01,9.840004999999999312e-07,0.000000000000000000e+00
6.033413518551700463e+02,2.049746336481448452e+02,3.500000000000000000e+01,1.009525000000000088e-06,0.000000000000000000e+00
6.037556450800260563e+02,2.049742193549199669e+02,3.500000000000000000e+01,9.167269999999999475e-07,0.000000000000000000e+00
6.041552041469465166e+02,2.049738197958530463e+02,3.500000000000000000e+01,9.404321000000000054e-07,0.000000000000000000e+00
6.045944955711219109e+02,2.049733805044288886e+02,3.500000000000000000e+01,9.583599999999999604e-07,0.000000000000000000e+00
6.050025562172709215e+02,2.049729724437827372e+02,3.500000000000000000e+01,9.522482000000000022e-07,0.000000000000000000e+00
6.054135783334526195e+02,2.049725614216665406e+02,3.500000000000000000e+01,8.632777999999999985e-07,0.000000000000000000e+00
6.058296118707438609e+02,2.049721453881292632e+02,3.500000000000000000e+01,9.663926999999999606e-07,0.000000000000000000e+00
6.062363139503817138e+02,2.049717386860496333e+02,3.500000000000000000e+01,8.352072000000000331e-07,0.000000000000000000e+00
6.066682333551647162e+02,2.049713067666448296e+02,3.500000000000000000e+01,1.064981999999999894e-06,0.000000000000000000e+00
6.070991362460150640e+02,2.049708758637539745e+02,3.500000000000000000e+01,9.610521000000000934e-07,0.000000000000000000e+00
6.075330371583291935e+02,2.049704419628416758e+02,3.500000000000000000e+01,8.148636000000000149e-07,0.000000000000000000e+00
6.079464940154334727e+02,2.049700285059845726e+02,3.500000000000000000e+01,8.761271999999999521e-07,0.000000000000000000e+00
6.083533046698651106e+02,2.049696216953301473e+02,3.500000000000000000e+01,8.751231000000000391e-07,0.000000000000000000e+00
6.087685743027539047e+02,2.049692064256972515e+02,3.500000000000000000e+01,9.629148000000000324e-07,0.000000000000000000e+00
6.092157052938931656e+02,2.049687592947061034e+02,3.500000000000000000e+01,9.036157000000000067e-07,0.000000000000000000e+00
6.096147028583696965e+02,2.049683602971416292e+02,3.500000000000000000e+01,1.182474000000000031e-06,0.000000000000000000e+00
6.100386958734702603e+02,2.049679363041265390e+02,3.500000000000000000e+01,9.466893999999999565e-07,0.000000000000000000e+00
6.104431215249826437e+02,2.049675318784750289e+02,3.500000000000000000e+01,7.348425999999999894e-07,0.000000000000000000e+00
6.108590992684478351e+02,2.049671159007315566e+02,3.500000000000000000e+01,9.980577000000001055e-07,0.000000000000000000e+00
6.112931176109822218e+02,2.049666818823890253e+02,3.500000000000000000e+01,9.767973000000000642e-07,0.000000000000000000e+00
6.116785649706143886e+02,2.049662964350293919e+02,3.500000000000000000e+01,8.586211999999999541e-07,0.000000000000000000e+00
6.121201616680184543e+02,2.049658548383319783e+02,3.500000000000000000e+01,1.193707999999999905e-06,0.000000000000000000e+00
6.125189070407213876e+02,2.049654560929592719e+02,3.500000000000000000e+01,1.326043000000000011e-06,0.000000000000000000e+00
6.129643339634743597e+02,2.049650106660365338e+02,3.500000000000000000e+01,1.041044000000000014e-06,0.000000000000000000e+00
6.133610214029363306e+02,2.049646139785970718e+02,3.500000000000000000e+01,9.751965999999999459e-07,0.000000000000000000e+00
6.137529595207677175e+02,2.049642220404792283e+02,3.500000000000000000e+01,1.230815999999999948e-06,0.000000000000000000e+00
6.142014022251908045e+02,2.049637735977748036e+02,3.500000000000000000e+01,1.138323999999999996e-06,0.000000000000000000e+00
6.146042882732297130e+02,2.049633707117267818e+02,3.500000000000000000e+01,1.243883000000000022e-06,0.000000000000000000e+00
6.150241423201889575e+02,2.049629508576798003e+02,3.500000000000000000e+01,1.203588999999999913e-06,0.000000000000000000e+00
6.154695950804464246e+02,2.049625054049195683e+02,3.500000000000000000e+01,1.099572000000000100e-06,0.000000000000000000e+00
6.158713719563920677e+02,2.049621036280436215e+02,3.500000000000000000e+01,1.249675000000000025e-06,0.000000000000000000e+00
6.162819767341778743e+02,2.049616930232658376e+02,3.500000000000000000e+01,1.203109000000000004e-06,0.000000000000000000e+00
6.167057196059066655e+02,2.049612692803941059e+02,3.500000000000000000e+01,1.170600000000000066e-06,0.000000000000000000e+00
6.171044618812471754e+02,2.049608705381187690e+02,3.500000000000000000e+01,1.369392999999999986e-06,0.000000000000000000e+00
6.175485947432338207e+02,2.049604264052567544e+02,3.500000000000000000e+01,1.130581999999999952e-06,0.000000000000000000e+00
6.179749360935139748e+02,2.049600000639064774e+02,3.500000000000000000e+01,8.879723999999999476e-07,0.000000000000000000e+00
6.183627117767116488e+02,2.049596122882232976e+02,3.500000000000000000e+01,1.041743000000000039e-06,0.000000000000000000e+00
6.187798806165919814e+02,2.049591951193834234e+02,3.500000000000000000e+01,1.090650999999999911e-06,0.000000000000000000e+00
6.192148948806142243e+02,2.049587601051193815e+02,3.500000000000000000e+01,8.686911000000000514e-07,0.000000000000000000e+00
6.196457946096460319e+02,2.049583292053903563e+02,3.500000000000000000e+01,1.030755999999999995e-06,0.000000000000000000e+00
6.200703038435083272e+02,2.049579046961565041e+02,3.500000000000000000e+01,1.110718999999999902e-06,0.000000000000000000e+00
6.204809522601849494e+02,2.049574940477398286e+02,3.500000000000000000e+01,1.260240000000000067e-06,0.000000000000000000e+00
6.209242783449518583e+02,2.049570507216550368e+02,3.500000000000000000e+01,1.213266000000000006e-06,0.000000000000000000e+00
6.213234935768037985e+02,2.049566515064231851e+02,3.500000000000000000e+01,1.310880000000000102e-06,0.000000000000000000e+00
6.217181812900004161e+02,2.049562568187099885e+02,3.500000000000000000e+01,1.233173000000000001e-06,0.000000000000000000e+00
6.221377478766673903e+02,2.049558372521233309e+02,3.500000000000000000e+01,1.204506000000000026e-06,0.000000000000000000e+00
6.225640359482799795e+02,2.049554109640517083e+02,3.500000000000000000e+01,1.193824999999999958e-06,0.000000000000000000e+00
6.229882835430234991e+02,2.049549867164569719e+02,3.500000000000000000e+01,1.167848999999999938e-06,0.000000000000000000e+00
6.233867729739014294e+02,2.049545882270261075e+02,3.500000000000000000e+01,1.126637999999999927e-06,0.000000000000000000e+00
6.238169650701089495e+02,2.049541580349298897e+02,3.500000000000000000e+01,1.203356000000000045e-06,0.000000000000000000e+00
0.000000000000000000e+00,2.055779750000000092e+02,4.000000000000000000e+01,2.255571999999999959e-05,0.000000000000000000e+00
0.000000000000000000e+00,2.055779750000000092e+02,4.000000000000000000e+01,-1.942403999999999928e-06,0.000000000000000000e+00
0.000000000000000000e+00,2.055779750000000092e+02,4.000000000000000000e+01,-9.722861999999999068e-07,0.000000000000000000e+00
4.341855680199020046e-02,2.055779315814432096e+02,4.000000000000000000e+01,-3.729509999999999890e-07,0.000000000000000000e+00
1.948356005936628943e-01,2.055777801643993996e+02,4.000000000000000000e+01,7.711059999999999964e-08,0.000000000000000000e+00
3.846604191893890912e-01,2.055775903395808086e+02,4.000000000000000000e+01,4.151079000000000215e-07,0.000000000000000000e+00
6.208060071506313893e-01,2.055773541939928464e+02,4.000000000000000000e+01,6.788323000000000295e-07,0.000000000000000000e+00
8.945792118068034426e-01,2.055770804207882065e+02,4.000000000000000000e+01,6.800401000000000385e-07,0.000000000000000000e+00
1.177226784261586001e+00,2.055767977732157306e+02,4.000000000000000000e+01,6.288174000000000334e-07,0.000000000000000000e+00
1.533073518478023090e+00,2.055764419264815217e+02,4.000000000000000000e+01,5.846231999999999645e-07,0.000000000000000000e+00
1.931409526378286445e+00,2.055760435904736312e+02,4.000000000000000000e+01,8.674978999999999584e-07,0.000000000000000000e+00
2.351962068365466063e+00,2.055756230379316492e+02,4.000000000000000000e+01,9.914801999999999131e-07,0.000000000000000000e+00
2.737409427997657740e+00,2.055752375905720157e+02,4.000000000000000000e+01,1.028645999999999985e-06,0.000000000000000000e+00
3.154020302099236783e+00,2.055748209796979040e+02,4.000000000000000000e+01,1.054664999999999922e-06,0.000000000000000000e+00
3.576367538584316108e+00,2.055743986324614241e+02,4.000000000000000000e+01,1.114501999999999930e-06,0.000000000000000000e+00
4.007471488249837677e+00,2.055739675285117585e+02,4.000000000000000000e+01,1.185893999999999991e-06,0.000000000000000000e+00
4.424633054014366351e+00,2.055735503669459945e+02,4.000000000000000000e+01,1.238571999999999955e-06,0.000000000000000000e+00
4.846358324148250851e+00,2.055731286416758508e+02,4.000000000000000000e+01,1.220250999999999906e-06,0.000000000000000000e+00
5.231811547459501277e+00,2.055727431884525345e+02,4.000000000000000000e+01,1.241088999999999977e-06,0.000000000000000000e+00
5.678704662534888925e+00,2.055722962953374804e+02,4.000000000000000000e+01,1.154563999999999988e-06,0.000000000000000000e+00
6.086209738044371598e+00,2.055718887902619656e+02,4.000000000000000000e+01,1.125386999999999911e-06,0.000000000000000000e+00
6.501427294658541634e+00,2.055714735727053437e+02,4.000000000000000000e+01,1.303692000000000104e-06,0.000000000000000000e+00
6.917191992747898865e+00,2.055710578080072537e+02,4.000000000000000000e+01,1.250373000000000022e-06,0.000000000000000000e+00
7.349456129236640933e+00,2.055706255438707615e+02,4.000000000000000000e+01,1.162683000000000062e-06,0.000000000000000000e+00
7.775689751229856839e+00,2.055701993102487677e+02,4.000000000000000000e+01,1.247637999999999912e-06,0.000000000000000000e+00
8.201666669523541842e+00,2.055697733333304882e+02,4.000000000000000000e+01,1.318897999999999929e-06,0.000000000000000000e+00
8.595726543553043442e+00,2.055693792734564624e+02,4.000000000000000000e+01,1.262903000000000095e-06,0.000000000000000000e+00
9.042577100390376543e+00,2.055689324228996213e+02,4.000000000000000000e+01,1.189298999999999961e-06,0.000000000000000000e+00
9.455725911476896783e+00,2.055685192740885157e+02,4.000000000000000000e+01,1.263527999999999984e-06,0.000000000000000000e+00
9.867920619444383590e+00,2.055681070793805532e+02,4.000000000000000000e+01,1.153704999999999993e-06,0.000000000000000000e+00
1.025365506193442400e+01,2.055677213449380645e+02,4.000000000000000000e+01,1.151551000000000039e-06,0.000000000000000000e+00
1.070206053090961262e+01,2.055672729394690919e+02,4.000000000000000000e+01,1.288396999999999940e-06,0.000000000000000000e+00
1.112593352173104044e+01,2.055668490664782837e+02,4.000000000000000000e+01,1.101318000000000015e-06,0.000000000000000000e+00
1.152470326830315628e+01,2.055664502967316878e+02,4.000000000000000000e+01,1.249791000000000051e-06,0.000000000000000000e+00
1.194877632928266387e+01,2.055660262236707183e+02,4.000000000000000000e+01,1.234496999999999914e-06,0.000000000000000000e+00
1.238622647379134811e+01,2.055655887735262013e+02,4.000000000000000000e+01,1.252352000000000016e-06,0.000000000000000000e+00
1.277136108226537559e+01,2.055652036389177511e+02,4.000000000000000000e+01,1.197331999999999991e-06,0.000000000000000000e+00
1.319518945417591205e+01,2.055647798105458151e+02,4.000000000000000000e+01,1.202438999999999932e-06,0.000000000000000000e+00
1.361995166304071070e+01,2.055643550483369495e+02,4.000000000000000000e+01,1.274195000000000088e-06,0.000000000000000000e+00
1.401773617607289957e+01,2.055639572638239372e+02,4.000000000000000000e+01,1.259687000000000049e-06,0.000000000000000000e+00
1.446261887195907114e+01,2.055635123811280494e+02,4.000000000000000000e+01,1.271051999999999939e-06,0.000000000000000000e+00
1.486497702043036462e+01,2.055631100229795720e+02,4.000000000000000000e+01,1.285356000000000065e-06,0.000000000000000000e+00
1.526512458778626069e+01,2.055627098754122244e+02,4.000000000000000000e+01,1.324558999999999916e-06,0.000000000000000000e+00
1.569303362755091058e+01,2.055622819663724385e+02,4.000000000000000000e+01,1.356340000000000087e-06,0.000000000000000000e+00
1.612357949636312426e+01,2.055618514205036433e+02,4.000000000000000000e+01,1.210369999999999899e-06,0.000000000000000000e+00
1.653154681161544914e+01,2.055614434531883887e+02,4.000000000000000000e+01,1.293680000000000080e-06,0.000000000000000000e+00
1.695361302078617527e+01,2.055610213869792062e+02,4.000000000000000000e+01,1.390814000000000055e-06,0.000000000000000000e+00
1.736910329234765626e+01,2.055606058967076422e+02,4.000000000000000000e+01,1.316948000000000101e-06,0.000000000000000000e+00
1.780066108972935623e+01,2.055601743389102865e+02,4.000000000000000000e+01,1.203399999999999989e-06,0.000000000000000000e+00
1.818611322244149875e+01,2.055597888867775680e+02,4.000000000000000000e+01,1.331135999999999989e-06,0.000000000000000000e+00
1.861698427693175617e+01,2.055593580157230633e+02,4.000000000000000000e+01,1.299165999999999895e-06,0.000000000000000000e+00
1.905234705831385256e+01,2.055589226529416749e+02,4.000000000000000000e+01,1.217252999999999948e-06,0.000000000000000000e+00
1.950108575935459854e+01,2.055584739142406363e+02,4.000000000000000000e+01,1.352338999999999971e-06,0.000000000000000000e+00
1.991674676491636831e+01,2.055580582532350888e+02,4.000000000000000000e+01,1.400475999999999947e-06,0.000000000000000000e+00
2.031694709430721701e+01,2.055576580529057082e+02,4.000000000000000000e+01,1.265740000000000057e-06,0.000000000000000000e+00
2.072233891183206111e+01,2.055572526610881710e+02,4.000000000000000000e+01,1.313557999999999909e-06,0.000000000000000000e+00
2.115559327215788343e+01,2.055568194067278398e+02,4.000000000000000000e+01,1.329360999999999909e-06,0.000000000000000000e+00
2.158653914285094544e+01,2.055563884608571641e+02,4.000000000000000000e+01,1.289255999999999934e-06,0.000000000000000000e+00
2.199381046723442878e+01,2.055559811895327584e+02,4.000000000000000000e+01,1.345936000000000042e-06,0.000000000000000000e+00
2.240825509870384735e+01,2.055555667449012844e+02,4.000000000000000000e+01,1.292471999999999981e-06,0.000000000000000000e+00
2.281610204289224342e+01,2.055551588979571136e+02,4.000000000000000000e+01,1.301145000000000101e-06,0.000000000000000000e+00
2.321834071706787839e+01,2.055547566592829298e+02,4.000000000000000000e+01,1.307097000000000074e-06,0.000000000000000000e+00
2.364894544101318274e+01,2.055543260545589987e+02,4.000000000000000000e+01,1.327964000000000098e-06,0.000000000000000000e+00
2.405677727084643891e+01,2.055539182227291519e+02,4.000000000000000000e+01,1.390624999999999921e-06,0.000000000000000000e+00
2.448516469753757008e+01,2.055534898353024573e+02,4.000000000000000000e+01,1.316220999999999938e-06,0.000000000000000000e+00
2.490070827353689253e+01,2.055530742917264604e+02,4.000000000000000000e+01,1.339286000000000072e-06,0.000000000000000000e+00
2.528870367513981776e+01,2.055526862963248504e+02,4.000000000000000000e+01,1.351989000000000050e-06,0.000000000000000000e+00
2.571281952436511986e+01,2.055522621804756511e+02,4.000000000000000000e+01,1.307067999999999909e-06,0.000000000000000000e+00
2.614371929840388731e+01,2.055518312807016059e+02,4.000000000000000000e+01,1.309744999999999900e-06,0.000000000000000000e+00
2.658205703647510987e+01,2.055513929429635311e+02,4.000000000000000000e+01,1.321575999999999949e-06,0.000000000000000000e+00
2.700510432666693106e+01,2.055509698956733473e+02,4.000000000000000000e+01,1.301771000000000017e-06,0.000000000000000000e+00
2.739444239298115491e+01,2.055505805576070202e+02,4.000000000000000000e+01,1.307576999999999983e-06,0.000000000000000000e+00
2.780967760553449608e+01,2.055501653223944629e+02,4.000000000000000000e+01,1.259948000000000053e-06,0.000000000000000000e+00
2.825270331410577285e+01,2.055497222966858999e+02,4.000000000000000000e+01,1.348293000000000094e-06,0.000000000000000000e+00
2.867637396653477921e+01,2.055492986260334760e+02,4.000000000000000000e+01,1.370251999999999980e-06,0.000000000000000000e+00
2.911387428070784367e+01,2.055488611257192986e+02,4.000000000000000000e+01,1.361665999999999932e-06,0.000000000000000000e+00
2.949939231750162705e+01,2.055484756076824908e+02,4.000000000000000000e+01,1.401670000000000083e-06,0.000000000000000000e+00
2.993211331862843494e+01,2.055480428866813725e+02,4.000000000000000000e+01,1.403735999999999938e-06,0.000000000000000000e+00
3.034923378317537868e+01,2.055476257662168393e+02,4.000000000000000000e+01,1.345425999999999940e-06,0.000000000000000000e+00
3.073459018177875635e+01,2.055472404098182153e+02,4.000000000000000000e+01,1.239780000000000054e-06,0.000000000000000000e+00
3.118206344580152489e+01,2.055467929365541977e+02,4.000000000000000000e+01,1.328603999999999977e-06,0.000000000000000000e+00
3.160553650961010419e+01,2.055463694634903788e+02,4.000000000000000000e+01,1.296095000000000040e-06,0.000000000000000000e+00
3.200435282139364546e+01,2.055459706471786205e+02,4.000000000000000000e+01,1.293956000000000076e-06,0.000000000000000000e+00
3.242814147213740483e+01,2.055455468585278709e+02,4.000000000000000000e+01,1.282925999999999904e-06,0.000000000000000000e+00
3.284264311179544649e+01,2.055451323568882174e+02,4.000000000000000000e+01,1.310544999999999960e-06,0.000000000000000000e+00
3.322839104784212338e+01,2.055447466089521527e+02,4.000000000000000000e+01,1.301625000000000010e-06,0.000000000000000000e+00
3.367539932841908978e+01,2.055442996006715930e+02,4.000000000000000000e+01,1.316395000000000082e-06,0.000000000000000000e+00
3.408298841532314327e+01,2.055438920115846884e+02,4.000000000000000000e+01,1.300199000000000034e-06,0.000000000000000000e+00
3.449839321652927993e+01,2.055434766067834857e+02,4.000000000000000000e+01,1.346489000000000061e-06,0.000000000000000000e+00
3.491399637479788964e+01,2.055430610036252119e+02,4.000000000000000000e+01,1.314285000000000072e-06,0.000000000000000000e+00
3.535714907032099319e+01,2.055426178509296733e+02,4.000000000000000000e+01,1.252352000000000016e-06,0.000000000000000000e+00
3.576839338916960997e+01,2.055422066066108187e+02,4.000000000000000000e+01,1.368520000000000028e-06,0.000000000000000000e+00
3.616887498995682648e+01,2.055418061250100550e+02,4.000000000000000000e+01,1.335298000000000103e-06,0.000000000000000000e+00
3.659284077595419404e+01,2.055413821592240424e+02,4.000000000000000000e+01,1.298437999999999917e-06,0.000000000000000000e+00
3.703467111989344573e+01,2.055409403288801116e+02,4.000000000000000000e+01,1.227671999999999983e-06,0.000000000000000000e+00
3.741565131199008221e+01,2.055405593486880207e+02,4.000000000000000000e+01,1.260560000000000006e-06,0.000000000000000000e+00
3.784966289522093064e+01,2.055401253371047687e+02,4.000000000000000000e+01,1.092891999999999937e-06,0.000000000000000000e+00
3.826489810777427181e+01,2.055397101018922399e+02,4.000000000000000000e+01,1.152845999999999999e-06,0.000000000000000000e+00
3.869306945275530296e+01,2.055392819305472472e+02,4.000000000000000000e+01,1.262655000000000026e-06,0.000000000000000000e+00
3.912360849949035924e+01,2.055388513915005149e+02,4.000000000000000000e+01,1.263936000000000023e-06,0.000000000000000000e+00
3.953859006907519813e+01,2.055384364099309380e+02,4.000000000000000000e+01,1.184816999999999908e-06,0.000000000000000000e+00
3.996220815059640330e+01,2.055380127918494111e+02,4.000000000000000000e+01,1.146007000000000105e-06,0.000000000000000000e+00
4.036919154897024242e+01,2.055376058084510191e+02,4.000000000000000000e+01,1.081032999999999963e-06,0.000000000000000000e+00
4.078468261280746532e+01,2.055371903173871999e+02,4.000000000000000000e+01,1.036664000000000024e-06,0.000000000000000000e+00
4.122997761473317979e+01,2.055367450223852757e+02,4.000000000000000000e+01,1.135514999999999961e-06,0.000000000000000000e+00
4.161699762515723222e+01,2.055363580023748398e+02,4.000000000000000000e+01,1.267021000000000053e-06,0.000000000000000000e+00
4.205231267577948273e+01,2.055359226873242164e+02,4.000000000000000000e+01,1.265755000000000047e-06,0.000000000000000000e+00
4.245568651957233186e+01,2.055355193134804210e+02,4.000000000000000000e+01,1.089632999999999974e-06,0.000000000000000000e+00
4.286102507000291695e+01,2.055351139749299989e+02,4.000000000000000000e+01,1.201086000000000065e-06,0.000000000000000000e+00
4.329453616724495646e+01,2.055346804638327569e+02,4.000000000000000000e+01,1.276741000000000064e-06,0.000000000000000000e+00
4.367998297427890009e+01,2.055342950170257268e+02,4.000000000000000000e+01,1.164312999999999952e-06,0.000000000000000000e+00
4.412172624308785629e+01,2.055338532737569039e+02,4.000000000000000000e+01,1.188439999999999967e-06,0.000000000000000000e+00
4.453774486197642091e+01,2.055334372551380397e+02,4.000000000000000000e+01,1.251508000000000012e-06,0.000000000000000000e+00
4.493803530110263011e+01,2.055330369646989084e+02,4.000000000000000000e+01,1.118139999999999979e-06,0.000000000000000000e+00
4.536779821198025076e+01,2.055326072017880108e+02,4.000000000000000000e+01,1.106832999999999996e-06,0.000000000000000000e+00
4.579624688991968640e+01,2.055321787531100881e+02,4.000000000000000000e+01,1.150693000000000072e-06,0.000000000000000000e+00
4.620030383587459966e+01,2.055317746961641205e+02,4.000000000000000000e+01,1.004562000000000098e-06,0.000000000000000000e+00
4.661392617342971079e+01,2.055313610738265595e+02,4.000000000000000000e+01,1.098044000000000062e-06,0.000000000000000000e+00
4.705719968042333079e+01,2.055309178003195711e+02,4.000000000000000000e+01,1.166773000000000094e-06,0.000000000000000000e+00
4.748518069032788702e+01,2.055304898193096790e+02,4.000000000000000000e+01,1.100953999999999920e-06,0.000000000000000000e+00
4.790094398473242165e+01,2.055300740560152803e+02,4.000000000000000000e+01,9.965733999999999815e-07,0.000000000000000000e+00
4.832720332762247750e+01,2.055296477966723785e+02,4.000000000000000000e+01,1.198757999999999967e-06,0.000000000000000000e+00
4.871274164828349029e+01,2.055292622583517073e+02,4.000000000000000000e+01,1.143460000000000102e-06,0.000000000000000000e+00
4.914338897460475408e+01,2.055288316110253959e+02,4.000000000000000000e+01,9.921205000000000330e-07,0.000000000000000000e+00
4.958167120055345123e+01,2.055283933287994387e+02,4.000000000000000000e+01,1.112799999999999959e-06,0.000000000000000000e+00
4.998219914326610791e+01,2.055279928008567367e+02,4.000000000000000000e+01,1.159904000000000008e-06,0.000000000000000000e+00
5.039353836908233575e+01,2.055275814616309162e+02,4.000000000000000000e+01,1.083055000000000085e-06,0.000000000000000000e+00
5.082790107772317612e+01,2.055271470989222848e+02,4.000000000000000000e+01,1.143969999999999993e-06,0.000000000000000000e+00
5.125147006657847015e+01,2.055267235299334345e+02,4.000000000000000000e+01,1.215391000000000007e-06,0.000000000000000000e+00
5.165018066908397287e+01,2.055263248193309096e+02,4.000000000000000000e+01,1.053339999999999981e-06,0.000000000000000000e+00
5.208229352237441390e+01,2.055258927064776344e+02,4.000000000000000000e+01,1.105102000000000071e-06,0.000000000000000000e+00
5.247279447047877454e+01,2.055255022055295342e+02,4.000000000000000000e+01,1.185762999999999975e-06,0.000000000000000000e+00
5.291312543228987408e+01,2.055250618745677116e+02,4.000000000000000000e+01,1.055290000000000022e-06,0.000000000000000000e+00
5.330089313994911038e+01,2.055246741068600613e+02,4.000000000000000000e+01,1.059146999999999975e-06,0.000000000000000000e+00
5.372253821396196116e+01,2.055242524617860340e+02,4.000000000000000000e+01,1.162639999999999934e-06,0.000000000000000000e+00
5.415308058052484341e+01,2.055238219194194755e+02,4.000000000000000000e+01,1.089007000000000058e-06,0.000000000000000000e+00
5.457719355375318315e+01,2.055233978064462406e+02,4.000000000000000000e+01,9.035284000000000109e-07,0.000000000000000000e+00
5.499043975253796646e+01,2.055229845602474654e+02,4.000000000000000000e+01,1.152583999999999966e-06,0.000000000000000000e+00
5.540035314228708785e+01,2.055225746468577199e+02,4.000000000000000000e+01,1.152672000000000066e-06,0.000000000000000000e+00
5.579406327943593169e+01,2.055221809367205594e+02,4.000000000000000000e+01,1.041072999999999968e-06,0.000000000000000000e+00
5.623847458129770871e+01,2.055217365254187030e+02,4.000000000000000000e+01,1.208608999999999993e-06,0.000000000000000000e+00
5.665603503695604815e+01,2.055213189649630579e+02,4.000000000000000000e+01,1.199048999999999953e-06,0.000000000000000000e+00
5.706095799923664202e+01,2.055209140420007543e+02,4.000000000000000000e+01,1.136780999999999967e-06,0.000000000000000000e+00
5.750882062734211786e+01,2.055204661793726473e+02,4.000000000000000000e+01,1.125910999999999976e-06,0.000000000000000000e+00
5.790854307247482780e+01,2.055200664569275375e+02,4.000000000000000000e+01,1.207779999999999980e-06,0.000000000000000000e+00
5.831373636069658062e+01,2.055196612636393070e+02,4.000000000000000000e+01,1.111387999999999946e-06,0.000000000000000000e+00
5.873282316844135664e+01,2.055192421768315683e+02,4.000000000000000000e+01,9.528885000000000163e-07,0.000000000000000000e+00
5.918014312058971171e+01,2.055187948568794241e+02,4.000000000000000000e+01,1.196356999999999971e-06,0.000000000000000000e+00
5.960411112135308542e+01,2.055183708888786498e+02,4.000000000000000000e+01,1.164532000000000068e-06,0.000000000000000000e+00
6.000298443226222389e+01,2.055179720155677501e+02,4.000000000000000000e+01,1.020234999999999897e-06,0.000000000000000000e+00
6.044658133121289012e+01,2.055175284186688032e+02,4.000000000000000000e+01,1.169857999999999913e-06,0.000000000000000000e+00
6.086209969220981719e+01,2.055171129003077795e+02,4.000000000000000000e+01,1.214503000000000059e-06,0.000000000000000000e+00
6.127473179465648201e+01,2.055167002682053408e+02,4.000000000000000000e+01,1.159554999999999903e-06,0.000000000000000000e+00
6.168028979670793888e+01,2.055162947102032831e+02,4.000000000000000000e+01,9.711656999999999994e-07,0.000000000000000000e+00
6.211094495076989830e+01,2.055158640550492350e+02,4.000000000000000000e+01,1.186795999999999902e-06,0.000000000000000000e+00
6.251932733483692317e+01,2.055154556726651549e+02,4.000000000000000000e+01,1.276857999999999905e-06,0.000000000000000000e+00
6.293938621867628314e+01,2.055150356137813219e+02,4.000000000000000000e+01,1.253661999999999967e-06,0.000000000000000000e+00
6.335837760811953956e+01,2.055146166223918840e+02,4.000000000000000000e+01,1.146283000000000101e-06,0.000000000000000000e+00
6.374389318852334441e+01,2.055142311068114793e+02,4.000000000000000000e+01,1.202409999999999979e-06,0.000000000000000000e+00
6.419230570618827869e+01,2.055137826942938091e+02,4.000000000000000000e+01,1.210762999999999948e-06,0.000000000000000000e+00
6.459106840831125851e+01,2.055133839315917044e+02,4.000000000000000000e+01,9.687064000000000669e-07,0.000000000000000000e+00
6.501478626570290942e+01,2.055129602137342886e+02,4.000000000000000000e+01,1.070672000000000047e-06,0.000000000000000000e+00
6.542125331170436198e+01,2.055125537466882975e+02,4.000000000000000000e+01,1.278284000000000093e-06,0.000000000000000000e+00
6.584702150932993447e+01,2.055121279784906676e+02,4.000000000000000000e+01,1.257402000000000078e-06,0.000000000000000000e+00
6.626262723927160891e+01,2.055117123727607407e+02,4.000000000000000000e+01,1.158915000000000025e-06,0.000000000000000000e+00
6.669109777710308151e+01,2.055112839022228854e+02,4.000000000000000000e+01,1.207793999999999943e-06,0.000000000000000000e+00
6.711156844560265711e+01,2.055108634315544123e+02,4.000000000000000000e+01,1.284846999999999991e-06,0.000000000000000000e+00
6.753278725122260084e+01,2.055104422127487851e+02,4.000000000000000000e+01,1.284687000000000021e-06,0.000000000000000000e+00
6.795673023764879872e+01,2.055100182697623552e+02,4.000000000000000000e+01,1.162799999999999904e-06,0.000000000000000000e+00
6.839497050579160486e+01,2.055095800294942023e+02,4.000000000000000000e+01,1.150955000000000104e-06,0.000000000000000000e+00
6.879935536943462182e+01,2.055091756446305737e+02,4.000000000000000000e+01,1.286388999999999992e-06,0.000000000000000000e+00
6.920318338548152326e+01,2.055087718166145123e+02,4.000000000000000000e+01,1.275533999999999992e-06,0.000000000000000000e+00
6.963816756392640173e+01,2.055083368324360720e+02,4.000000000000000000e+01,1.179375000000000037e-06,0.000000000000000000e+00
7.006334471661729424e+01,2.055079116552833796e+02,4.000000000000000000e+01,1.278792999999999955e-06,0.000000000000000000e+00
7.047231261982133788e+01,2.055075026873801676e+02,4.000000000000000000e+01,1.300562999999999918e-06,0.000000000000000000e+00
7.088808550720949597e+01,2.055070869144927883e+02,4.000000000000000000e+01,1.193024000000000082e-06,0.000000000000000000e+00
7.127612953524001682e+01,2.055066988704647599e+02,4.000000000000000000e+01,1.055392000000000084e-06,0.000000000000000000e+00
7.170203135564182162e+01,2.055062729686443674e+02,4.000000000000000000e+01,1.268869000000000031e-06,0.000000000000000000e+00
7.212158760192437512e+01,2.055058534123980678e+02,4.000000000000000000e+01,1.306615999999999926e-06,0.000000000000000000e+00
7.254478423342327176e+01,2.055054302157665802e+02,4.000000000000000000e+01,1.260573999999999969e-06,0.000000000000000000e+00
7.296888823569264559e+01,2.055050061117643168e+02,4.000000000000000000e+01,1.209365999999999925e-06,0.000000000000000000e+00
7.336783062573057634e+01,2.055046071693742817e+02,4.000000000000000000e+01,1.303807999999999918e-06,0.000000000000000000e+00
7.379622069117607452e+01,2.055041787793088304e+02,4.000000000000000000e+01,1.306193999999999924e-06,0.000000000000000000e+00
7.421864667522552850e+01,2.055037563533247749e+02,4.000000000000000000e+01,1.305640999999999905e-06,0.000000000000000000e+00
7.461413368754026010e+01,2.055033608663124483e+02,4.000000000000000000e+01,1.263847999999999923e-06,0.000000000000000000e+00
7.505734578309804306e+01,2.055029176542169012e+02,4.000000000000000000e+01,1.239575999999999929e-06,0.000000000000000000e+00
7.548562698587218733e+01,2.055024893730141287e+02,4.000000000000000000e+01,1.307228000000000090e-06,0.000000000000000000e+00
7.587325707360776050e+01,2.055021017429263850e+02,4.000000000000000000e+01,1.268447000000000029e-06,0.000000000000000000e+00
7.628838773758846514e+01,2.055016866122624037e+02,4.000000000000000000e+01,1.262073000000000054e-06,0.000000000000000000e+00
7.669468049826053857e+01,2.055012803195017455e+02,4.000000000000000000e+01,1.315958999999999906e-06,0.000000000000000000e+00
7.713263495980342555e+01,2.055008423650401994e+02,4.000000000000000000e+01,1.285662000000000041e-06,0.000000000000000000e+00
7.755640284586941391e+01,2.055004185971541233e+02,4.000000000000000000e+01,1.118721999999999951e-06,0.000000000000000000e+00
7.800459628602668261e+01,2.054999704037139736e+02,4.000000000000000000e+01,1.200373000000000077e-06,0.000000000000000000e+00
7.839423100400243527e+01,2.054995807689959975e+02,4.000000000000000000e+01,1.294596999999999982e-06,0.000000000000000000e+00
7.880967402613512718e+01,2.054991653259738769e+02,4.000000000000000000e+01,1.181586000000000083e-06,0.000000000000000000e+00
7.922969913705759382e+01,2.054987453008629359e+02,4.000000000000000000e+01,1.200911000000000105e-06,0.000000000000000000e+00
7.966039886849409868e+01,2.054983146011315114e+02,4.000000000000000000e+01,1.250897000000000087e-06,0.000000000000000000e+00
8.010030494391564559e+01,2.054978746950560833e+02,4.000000000000000000e+01,1.293374000000000104e-06,0.000000000000000000e+00
8.049920205833748810e+01,2.054974757979416609e+02,4.000000000000000000e+01,1.213208000000000099e-06,0.000000000000000000e+00
8.092288830879334682e+01,2.054970521116912039e+02,4.000000000000000000e+01,1.324005999999999898e-06,0.000000000000000000e+00
8.133796171082822468e+01,2.054966370382891796e+02,4.000000000000000000e+01,1.357678999999999991e-06,0.000000000000000000e+00
8.174542532407738804e+01,2.054962295746759366e+02,4.000000000000000000e+01,1.245862000000000016e-06,0.000000000000000000e+00
8.217681232434776462e+01,2.054957981876756605e+02,4.000000000000000000e+01,1.099964999999999937e-06,0.000000000000000000e+00
8.258477920416395079e+01,2.054953902207958265e+02,4.000000000000000000e+01,1.304448000000000009e-06,0.000000000000000000e+00
8.301539005478085187e+01,2.054949596099452265e+02,4.000000000000000000e+01,1.376203999999999953e-06,0.000000000000000000e+00
8.341561739274808929e+01,2.054945593826072638e+02,4.000000000000000000e+01,1.295862999999999988e-06,0.000000000000000000e+00
8.382181442680308692e+01,2.054941531855731967e+02,4.000000000000000000e+01,1.232256000000000099e-06,0.000000000000000000e+00
8.423945520366072515e+01,2.054937355447963512e+02,4.000000000000000000e+01,1.366934000000000082e-06,0.000000000000000000e+00
8.465599764399028970e+01,2.054933190023560030e+02,4.000000000000000000e+01,1.390086000000000077e-06,0.000000000000000000e+00
8.507803666342817905e+01,2.054928969633365625e+02,4.000000000000000000e+01,1.244071999999999945e-06,0.000000000000000000e+00
8.551007957212719646e+01,2.054924649204278637e+02,4.000000000000000000e+01,1.367822000000000031e-06,0.000000000000000000e+00
8.591742931378630033e+01,2.054920575706862280e+02,4.000000000000000000e+01,1.361303000000000077e-06,0.000000000000000000e+00
8.631459956296552605e+01,2.054916604004370413e+02,4.000000000000000000e+01,1.288426999999999921e-06,0.000000000000000000e+00
8.675789122739682568e+01,2.054912171087726165e+02,4.000000000000000000e+01,1.173393999999999899e-06,0.000000000000000000e+00
8.718734064107569282e+01,2.054907876593589151e+02,4.000000000000000000e+01,1.305495999999999926e-06,0.000000000000000000e+00
8.761785575052046227e+01,2.054903571442494865e+02,4.000000000000000000e+01,1.267616999999999988e-06,0.000000000000000000e+00
8.802602744552393688e+01,2.054899489725544868e+02,4.000000000000000000e+01,1.100139000000000081e-06,0.000000000000000000e+00
8.844694142310342500e+01,2.054895280585768944e+02,4.000000000000000000e+01,1.321007999999999940e-06,0.000000000000000000e+00
8.886246260640919559e+01,2.054891125373935949e+02,4.000000000000000000e+01,1.359133999999999920e-06,0.000000000000000000e+00
8.929559959228816979e+01,2.054886794004077046e+02,4.000000000000000000e+01,1.314576000000000058e-06,0.000000000000000000e+00
8.969902700732363598e+01,2.054882759729926818e+02,4.000000000000000000e+01,1.270177999999999954e-06,0.000000000000000000e+00
9.012281990772679308e+01,2.054878521800922613e+02,4.000000000000000000e+01,1.359716000000000103e-06,0.000000000000000000e+00
9.052178134821917865e+01,2.054874532186517797e+02,4.000000000000000000e+01,1.278720000000000058e-06,0.000000000000000000e+00
9.096724970912077879e+01,2.054870077502908714e+02,4.000000000000000000e+01,1.065258000000000101e-06,0.000000000000000000e+00
9.135847529587300642e+01,2.054866165247041181e+02,4.000000000000000000e+01,1.084699999999999965e-06,0.000000000000000000e+00
9.177035007336728256e+01,2.054862046499266341e+02,4.000000000000000000e+01,1.287698999999999942e-06,0.000000000000000000e+00
9.219754789026480069e+01,2.054857774521097440e+02,4.000000000000000000e+01,1.296488000000000088e-06,0.000000000000000000e+00
9.260554109344842288e+01,2.054853694589065469e+02,4.000000000000000000e+01,1.172199999999999975e-06,0.000000000000000000e+00
9.303664864661359957e+01,2.054849383513533780e+02,4.000000000000000000e+01,1.259075000000000096e-06,0.000000000000000000e+00
9.343958117512343620e+01,2.054845354188248905e+02,4.000000000000000000e+01,1.367704999999999977e-06,0.000000000000000000e+00
9.384827639621491358e+01,2.054841267236037936e+02,4.000000000000000000e+01,1.315492999999999960e-06,0.000000000000000000e+00
9.428736709062715704e+01,2.054836876329093798e+02,4.000000000000000000e+01,1.060121999999999995e-06,0.000000000000000000e+00
9.467609453143016651e+01,2.054832989054685584e+02,4.000000000000000000e+01,1.164561000000000021e-06,0.000000000000000000e+00
9.511017742407976527e+01,2.054828648225759196e+02,4.000000000000000000e+01,1.307707999999999999e-06,0.000000000000000000e+00
9.555358707154475439e+01,2.054824214129284599e+02,4.000000000000000000e+01,1.250882999999999912e-06,0.000000000000000000e+00
9.593875745454543846e+01,2.054820362425454618e+02,4.000000000000000000e+01,1.185063999999999950e-06,0.000000000000000000e+00
9.636797181265406209e+01,2.054816070281873408e+02,4.000000000000000000e+01,1.155159999999999923e-06,0.000000000000000000e+00
9.677986790552984075e+01,2.054811951320944843e+02,4.000000000000000000e+01,1.170788999999999989e-06,0.000000000000000000e+00
9.718496863759192195e+01,2.054807900313624032e+02,4.000000000000000000e+01,1.303196999999999993e-06,0.000000000000000000e+00
9.761595706777123382e+01,2.054803590429322355e+02,4.000000000000000000e+01,1.199892999999999957e-06,0.000000000000000000e+00
9.805132093723608477e+01,2.054799236790627788e+02,4.000000000000000000e+01,1.136606000000000007e-06,0.000000000000000000e+00
9.847528893799947980e+01,2.054794997110620045e+02,4.000000000000000000e+01,1.289430999999999895e-06,0.000000000000000000e+00
9.886016957302655328e+01,2.054791148304269655e+02,4.000000000000000000e+01,1.298699999999999949e-06,0.000000000000000000e+00
9.930341598282396376e+01,2.054786715840171780e+02,4.000000000000000000e+01,1.262872999999999903e-06,0.000000000000000000e+00
9.972453844540348200e+01,2.054782504615546088e+02,4.000000000000000000e+01,1.080726999999999987e-06,0.000000000000000000e+00
1.001553958557393997e+02,2.054778196041442584e+02,4.000000000000000000e+01,1.189560999999999994e-06,0.000000000000000000e+00
1.005637929618529256e+02,2.054774112070381591e+02,4.000000000000000000e+01,1.319640000000000083e-06,0.000000000000000000e+00
1.009935171220611210e+02,2.054769814828779317e+02,4.000000000000000000e+01,1.434760999999999992e-06,0.000000000000000000e+00
1.014029879970505164e+02,2.054765720120029471e+02,4.000000000000000000e+01,1.412947000000000086e-06,0.000000000000000000e+00
1.017967580892733821e+02,2.054761782419107305e+02,4.000000000000000000e+01,1.327688000000000103e-06,0.000000000000000000e+00
1.022410688312221225e+02,2.054757339311687758e+02,4.000000000000000000e+01,1.338311000000000052e-06,0.000000000000000000e+00
1.026400112212600391e+02,2.054753349887787408e+02,4.000000000000000000e+01,1.403794000000000057e-06,0.000000000000000000e+00
1.030805931974323641e+02,2.054748944068025764e+02,4.000000000000000000e+01,1.397711000000000067e-06,0.000000000000000000e+00
1.034659506054218241e+02,2.054745090493945838e+02,4.000000000000000000e+01,1.403910999999999898e-06,0.000000000000000000e+00
1.039012701691141416e+02,2.054740737298308773e+02,4.000000000000000000e+01,1.315812999999999899e-06,0.000000000000000000e+00
1.043099056396946622e+02,2.054736650943603138e+02,4.000000000000000000e+01,1.275853999999999931e-06,0.000000000000000000e+00
1.047123121934462375e+02,2.054732626878065673e+02,4.000000000000000000e+01,1.406543999999999945e-06,0.000000000000000000e+00
1.051429453012361819e+02,2.054728320546987561e+02,4.000000000000000000e+01,1.179708999999999940e-06,0.000000000000000000e+00
1.055510306804302587e+02,2.054724239693195784e+02,4.000000000000000000e+01,1.311141999999999923e-06,0.000000000000000000e+00
1.059776076974050341e+02,2.054719973923025975e+02,4.000000000000000000e+01,1.240347000000000036e-06,0.000000000000000000e+00
1.064035648384741961e+02,2.054715714351615361e+02,4.000000000000000000e+01,1.381355000000000050e-06,0.000000000000000000e+00
1.068359810648076973e+02,2.054711390189351903e+02,4.000000000000000000e+01,1.454318000000000066e-06,0.000000000000000000e+00
1.072302039192112062e+02,2.054707447960807940e+02,4.000000000000000000e+01,1.375563000000000047e-06,0.000000000000000000e+00
1.076589008194318069e+02,2.054703160991805646e+02,4.000000000000000000e+01,1.299763000000000069e-06,0.000000000000000000e+00
1.080899648677322205e+02,2.054698850351322790e+02,4.000000000000000000e+01,1.241482000000000026e-06,0.000000000000000000e+00
1.085231791603053608e+02,2.054694518208397085e+02,4.000000000000000000e+01,1.385881000000000047e-06,0.000000000000000000e+00
1.089292648646960373e+02,2.054690457351352961e+02,4.000000000000000000e+01,1.498890999999999919e-06,0.000000000000000000e+00
1.093457589537918437e+02,2.054686292410462158e+02,4.000000000000000000e+01,1.494379999999999912e-06,0.000000000000000000e+00
1.097680017769295802e+02,2.054682069982230814e+02,4.000000000000000000e+01,1.491077000000000005e-06,0.000000000000000000e+00
1.101686443302559582e+02,2.054678063556697509e+02,4.000000000000000000e+01,1.286286999999999929e-06,0.000000000000000000e+00
1.105923121589732432e+02,2.054673826878410239e+02,4.000000000000000000e+01,1.372681999999999930e-06,0.000000000000000000e+00
1.110373686969269755e+02,2.054669376313030682e+02,4.000000000000000000e+01,1.557841000000000006e-06,0.000000000000000000e+00
1.114398684160305351e+02,2.054665351315839814e+02,4.000000000000000000e+01,1.656212000000000034e-06,0.000000000000000000e+00
1.118487395552256771e+02,2.054661262604447813e+02,4.000000000000000000e+01,1.517938999999999918e-06,0.000000000000000000e+00
1.122398815259527254e+02,2.054657351184740435e+02,4.000000000000000000e+01,1.237610999999999898e-06,0.000000000000000000e+00
1.126694742758501064e+02,2.054653055257241476e+02,4.000000000000000000e+01,1.319334999999999922e-06,0.000000000000000000e+00
1.130916979577361161e+02,2.054648833020422671e+02,4.000000000000000000e+01,1.517445000000000046e-06,0.000000000000000000e+00
1.135079594715246003e+02,2.054644670405284899e+02,4.000000000000000000e+01,1.501074000000000038e-06,0.000000000000000000e+00
1.139249487507620842e+02,2.054640500512492451e+02,4.000000000000000000e+01,1.510110000000000014e-06,0.000000000000000000e+00
1.143125444181620622e+02,2.054636624555818400e+02,4.000000000000000000e+01,1.439984999999999987e-06,0.000000000000000000e+00
1.147551583669457784e+02,2.054632198416330482e+02,4.000000000000000000e+01,1.475491000000000066e-06,0.000000000000000000e+00
1.151794015254180863e+02,2.054627955984745711e+02,4.000000000000000000e+01,1.551830999999999915e-06,0.000000000000000000e+00
1.155781938294329620e+02,2.054623968061705739e+02,4.000000000000000000e+01,1.451567999999999965e-06,0.000000000000000000e+00
1.160248522433258813e+02,2.054619501477566814e+02,4.000000000000000000e+01,1.487845999999999968e-06,0.000000000000000000e+00
1.164262549026455531e+02,2.054615487450973603e+02,4.000000000000000000e+01,1.304636999999999932e-06,0.000000000000000000e+00
1.168331080683860392e+02,2.054611418919316179e+02,4.000000000000000000e+01,1.417662000000000006e-06,0.000000000000000000e+00
1.172484626204024778e+02,2.054607265373795997e+02,4.000000000000000000e+01,1.581879999999999922e-06,0.000000000000000000e+00
1.176968819065795060e+02,2.054602781180934130e+02,4.000000000000000000e+01,1.521228000000000074e-06,0.000000000000000000e+00
1.180867901746654809e+02,2.054598882098253227e+02,4.000000000000000000e+01,1.503270999999999909e-06,0.000000000000000000e+00
1.185190871992175374e+02,2.054594559128007916e+02,4.000000000000000000e+01,1.265726000000000094e-06,0.000000000000000000e+00
1.189427300135976395e+02,2.054590322699864089e+02,4.000000000000000000e+01,1.376363999999999923e-06,0.000000000000000000e+00
1.193795536289659935e+02,2.054585954463710493e+02,4.000000000000000000e+01,1.573687999999999950e-06,0.000000000000000000e+00
1.197949942658432434e+02,2.054581800057341638e+02,4.000000000000000000e+01,1.607506000000000021e-06,0.000000000000000000e+00
1.201994435688442024e+02,2.054577755564311587e+02,4.000000000000000000e+01,1.545281999999999980e-06,0.000000000000000000e+00
1.206253875731170382e+02,2.054573496124268956e+02,4.000000000000000000e+01,1.406777000000000024e-06,0.000000000000000000e+00
1.210616900233789579e+02,2.054569133099766134e+02,4.000000000000000000e+01,1.490189000000000057e-06,0.000000000000000000e+00
1.214641880610686968e+02,2.054565108119389265e+02,4.000000000000000000e+01,1.634180000000000039e-06,0.000000000000000000e+00
1.218714771578975160e+02,2.054561035228421133e+02,4.000000000000000000e+01,1.567080999999999896e-06,0.000000000000000000e+00
1.223028613975840813e+02,2.054556721386024094e+02,4.000000000000000000e+01,1.531792999999999905e-06,0.000000000000000000e+00
1.227070851133587581e+02,2.054552679148866332e+02,4.000000000000000000e+01,1.449181999999999960e-06,0.000000000000000000e+00
1.231298766270003995e+02,2.054548451233729907e+02,4.000000000000000000e+01,1.646126999999999901e-06,0.000000000000000000e+00
1.235298701212844037e+02,2.054544451298787067e+02,4.000000000000000000e+01,1.694716000000000072e-06,0.000000000000000000e+00
1.239760921387791939e+02,2.054539989078612336e+02,4.000000000000000000e+01,1.629857999999999956e-06,0.000000000000000000e+00
1.243635886167466396e+02,2.054536114113832639e+02,4.000000000000000000e+01,1.308101000000000048e-06,1.000000000000000000e+00
1.247791917750152351e+02,2.054531958082249901e+02,4.000000000000000000e+01,1.232095999999999918e-06,1.000000000000000000e+00
1.252044685917026356e+02,2.054527705314083050e+02,4.000000000000000000e+01,1.349443000000000075e-06,1.000000000000000000e+00
1.256123223675558336e+02,2.054523626776324363e+02,4.000000000000000000e+01,1.574444000000000066e-06,1.000000000000000000e+00
1.260473760713757656e+02,2.054519276239286398e+02,4.000000000000000000e+01,1.486317999999999929e-06,1.000000000000000000e+00
1.264709385721373991e+02,2.054515040614278689e+02,4.000000000000000000e+01,1.415755999999999909e-06,1.000000000000000000e+00
1.268817576367106170e+02,2.054510932423632994e+02,4.000000000000000000e+01,1.298322000000000103e-06,1.000000000000000000e+00
1.272984424909481191e+02,2.054506765575090412e+02,4.000000000000000000e+01,1.474371000000000067e-06,1.000000000000000000e+00
1.277201281405304627e+02,2.054502548718594710e+02,4.000000000000000000e+01,1.469423000000000068e-06,1.000000000000000000e+00
1.281510743665148482e+02,2.054498239256334955e+02,4.000000000000000000e+01,1.666019999999999932e-06,1.000000000000000000e+00
1.285589105332784072e+02,2.054494160894667232e+02,4.000000000000000000e+01,1.569176999999999943e-06,1.000000000000000000e+00
1.289875218868184561e+02,2.054489874781131959e+02,4.000000000000000000e+01,1.275111999999999990e-06,1.000000000000000000e+00
1.294129128290274195e+02,2.054485620871709841e+02,4.000000000000000000e+01,1.312829999999999931e-06,1.000000000000000000e+00
1.298292726028930133e+02,2.054481457273971046e+02,4.000000000000000000e+01,1.581924000000000077e-06,1.000000000000000000e+00
1.302359979861634258e+02,2.054477390020138330e+02,4.000000000000000000e+01,1.642489000000000064e-06,1.000000000000000000e+00
1.306602126423664174e+02,2.054473147873576409e+02,4.000000000000000000e+01,1.591266000000000030e-06,1.000000000000000000e+00
1.310587776754216520e+02,2.054469162223245746e+02,4.000000000000000000e+01,1.363995000000000059e-06,1.000000000000000000e+00
1.315067919078744865e+02,2.054464682080921420e+02,4.000000000000000000e+01,1.177889999999999915e-06,1.000000000000000000e+00
1.319060132755075188e+02,2.054460689867244980e+02,4.000000000000000000e+01,1.328327999999999981e-06,1.000000000000000000e+00
1.323111503994910834e+02,2.054456638496005212e+02,4.000000000000000000e+01,1.407083000000000001e-06,1.000000000000000000e+00
1.327309079589685723e+02,2.054452440920410368e+02,4.000000000000000000e+01,1.298322000000000103e-06,1.000000000000000000e+00
1.331389921231810263e+02,2.054448360078768303e+02,4.000000000000000000e+01,1.184308000000000046e-06,1.000000000000000000e+00
1.335698683672956122e+02,2.054444051316327204e+02,4.000000000000000000e+01,7.717171999999999853e-07,1.000000000000000000e+00
1.339757520291992137e+02,2.054439992479707939e+02,4.000000000000000000e+01,4.916365000000000362e-07,1.000000000000000000e+00
1.343883829592599568e+02,2.054435866170407508e+02,4.000000000000000000e+01,1.384469000000000034e-07,1.000000000000000000e+00
1.348312899826123612e+02,2.054431437100173810e+02,4.000000000000000000e+01,7.648487000000000453e-08,1.000000000000000000e+00
1.352267285437449118e+02,2.054427482714562530e+02,4.000000000000000000e+01,3.087915999999999948e-08,1.000000000000000000e+00
1.356460171278895075e+02,2.054423289828721124e+02,4.000000000000000000e+01,1.183506999999999958e-07,1.000000000000000000e+00
1.360788224999403440e+02,2.054418961775000696e+02,4.000000000000000000e+01,1.320150000000000079e-07,1.000000000000000000e+00
1.364926143821034827e+02,2.054414823856178884e+02,4.000000000000000000e+01,4.188186999999999835e-07,0.000000000000000000e+00
1.369084396948604478e+02,2.054410665603051314e+02,4.000000000000000000e+01,1.494598000000000001e-06,0.000000000000000000e+00
1.373165133194971190e+02,2.054406584866805190e+02,4.000000000000000000e+01,1.526161000000000083e-06,0.000000000000000000e+00
1.377188415645385078e+02,2.054402561584354601e+02,4.000000000000000000e+01,1.537643000000000026e-06,0.000000000000000000e+00
1.381647474593253264e+02,2.054398102525406671e+02,4.000000000000000000e+01,1.541804999999999928e-06,0.000000000000000000e+00
1.385888154324427433e+02,2.054393861845675531e+02,4.000000000000000000e+01,1.556997000000000002e-06,0.000000000000000000e+00
1.390312584131679330e+02,2.054389437415868258e+02,4.000000000000000000e+01,1.584965999999999980e-06,0.000000000000000000e+00
1.394291877562306468e+02,2.054385458122437740e+02,4.000000000000000000e+01,1.659282000000000074e-06,0.000000000000000000e+00
1.398445720830174537e+02,2.054381304279169740e+02,4.000000000000000000e+01,1.588589000000000038e-06,0.000000000000000000e+00
1.402599034050200260e+02,2.054377150965949852e+02,4.000000000000000000e+01,1.432970999999999921e-06,0.000000000000000000e+00
1.407078000969511891e+02,2.054372671999030615e+02,4.000000000000000000e+01,1.566543000000000080e-06,0.000000000000000000e+00
1.411066934650158942e+02,2.054368683065349899e+02,4.000000000000000000e+01,1.437859999999999986e-06,0.000000000000000000e+00
1.415302309793406152e+02,2.054364447690206532e+02,4.000000000000000000e+01,1.487292999999999949e-06,0.000000000000000000e+00
1.419352719378903771e+02,2.054360397280620987e+02,4.000000000000000000e+01,1.453227000000000020e-06,0.000000000000000000e+00
1.423637920811040374e+02,2.054356112079188961e+02,4.000000000000000000e+01,1.406224000000000006e-06,0.000000000000000000e+00
1.427517374510562718e+02,2.054352232625489592e+02,4.000000000000000000e+01,1.471562000000000032e-06,0.000000000000000000e+00
1.431823659604441445e+02,2.054347926340395531e+02,4.000000000000000000e+01,1.431995999999999901e-06,0.000000000000000000e+00
1.436034738798083481e+02,2.054343715261202021e+02,4.000000000000000000e+01,1.074732000000000097e-06,0.000000000000000000e+00
1.440211018635436915e+02,2.054339538981364512e+02,4.000000000000000000e+01,1.171298000000000064e-06,0.000000000000000000e+00
1.444414005163411048e+02,2.054335335994836669e+02,4.000000000000000000e+01,1.370251999999999980e-06,0.000000000000000000e+00
1.448291003834745823e+02,2.054331458996165338e+02,4.000000000000000000e+01,1.499211000000000070e-06,0.000000000000000000e+00
1.452458513051064415e+02,2.054327291486949036e+02,4.000000000000000000e+01,1.414388000000000052e-06,0.000000000000000000e+00
1.456944582185643924e+02,2.054322805417814379e+02,4.000000000000000000e+01,1.398861000000000048e-06,0.000000000000000000e+00
1.460931945300222026e+02,2.054318818054699705e+02,4.000000000000000000e+01,1.420513999999999957e-06,0.000000000000000000e+00
1.465172435376798035e+02,2.054314577564623221e+02,4.000000000000000000e+01,1.276842999999999915e-06,0.000000000000000000e+00
1.469621243027009712e+02,2.054310128756972915e+02,4.000000000000000000e+01,1.522669000000000041e-06,0.000000000000000000e+00
1.473649516679389251e+02,2.054306100483320563e+02,4.000000000000000000e+01,1.496286000000000009e-06,0.000000000000000000e+00
1.477889664757269941e+02,2.054301860335242793e+02,4.000000000000000000e+01,1.566076999999999922e-06,0.000000000000000000e+00
1.481933717146884817e+02,2.054297816282853262e+02,4.000000000000000000e+01,1.379522000000000063e-06,0.000000000000000000e+00
1.486363804296006492e+02,2.054293386195703874e+02,4.000000000000000000e+01,1.372595000000000069e-06,0.000000000000000000e+00
1.490500541754999801e+02,2.054289249458244910e+02,4.000000000000000000e+01,1.370732000000000101e-06,0.000000000000000000e+00
1.494543469366766431e+02,2.054285206530633161e+02,4.000000000000000000e+01,1.357838999999999960e-06,0.000000000000000000e+00
1.498973672898454481e+02,2.054280776327101705e+02,4.000000000000000000e+01,1.304636999999999932e-06,0.000000000000000000e+00
1.503066422748634352e+02,2.054276683577251390e+02,4.000000000000000000e+01,1.276785000000000008e-06,0.000000000000000000e+00
1.507093541673389723e+02,2.054272656458326765e+02,4.000000000000000000e+01,1.285166999999999930e-06,0.000000000000000000e+00
1.511401897188956980e+02,2.054268348102810933e+02,4.000000000000000000e+01,1.325345000000000014e-06,0.000000000000000000e+00
1.515483821626943666e+02,2.054264266178373077e+02,4.000000000000000000e+01,1.241088999999999977e-06,0.000000000000000000e+00
1.519748483727834127e+02,2.054260001516272212e+02,4.000000000000000000e+01,1.243301000000000050e-06,0.000000000000000000e+00
1.523626452232088297e+02,2.054256123547768027e+02,4.000000000000000000e+01,1.263354000000000051e-06,0.000000000000000000e+00
1.527781708799830369e+02,2.054251968291200114e+02,4.000000000000000000e+01,1.217049000000000034e-06,0.000000000000000000e+00
1.532136733194753333e+02,2.054247613266805388e+02,4.000000000000000000e+01,1.298060000000000071e-06,0.000000000000000000e+00
1.536233484887443126e+02,2.054243516515112447e+02,4.000000000000000000e+01,1.248743999999999949e-06,0.000000000000000000e+00
1.540542756894517709e+02,2.054239207243105625e+02,4.000000000000000000e+01,1.148247999999999920e-06,0.000000000000000000e+00
1.544818240687040998e+02,2.054234931759312985e+02,4.000000000000000000e+01,1.039603000000000048e-06,0.000000000000000000e+00
1.548694541564396729e+02,2.054231055458435549e+02,4.000000000000000000e+01,1.295120000000000019e-06,0.000000000000000000e+00
1.552847793768918905e+02,2.054226902206231102e+02,4.000000000000000000e+01,1.227569999999999921e-06,0.000000000000000000e+00
1.557300198100145394e+02,2.054222449801899870e+02,4.000000000000000000e+01,1.156513000000000001e-06,0.000000000000000000e+00
1.561287620853550777e+02,2.054218462379146501e+02,4.000000000000000000e+01,1.090273000000000064e-06,0.000000000000000000e+00
1.565526800574441211e+02,2.054214223199425646e+02,4.000000000000000000e+01,1.255669999999999914e-06,0.000000000000000000e+00
1.569557658969465592e+02,2.054210192341030563e+02,4.000000000000000000e+01,1.197607999999999986e-06,0.000000000000000000e+00
1.573753093266537917e+02,2.054205996906733560e+02,4.000000000000000000e+01,1.155567999999999962e-06,0.000000000000000000e+00
1.578046481825748231e+02,2.054201703518174327e+02,4.000000000000000000e+01,1.134510999999999987e-06,0.000000000000000000e+00
1.582255011234629478e+02,2.054197494988765413e+02,4.000000000000000000e+01,1.139894999999999951e-06,0.000000000000000000e+00
1.586562848913274308e+02,2.054193187151086875e+02,4.000000000000000000e+01,1.182691999999999907e-06,0.000000000000000000e+00
1.590640734321962100e+02,2.054189109265678042e+02,4.000000000000000000e+01,1.214052000000000104e-06,0.000000000000000000e+00
1.594936653643279385e+02,2.054184813346356862e+02,4.000000000000000000e+01,1.134613000000000050e-06,0.000000000000000000e+00
1.599092987205258680e+02,2.054180657012794882e+02,4.000000000000000000e+01,1.088118999999999898e-06,0.000000000000000000e+00
1.603527096865988142e+02,2.054176222903134033e+02,4.000000000000000000e+01,1.120278999999999943e-06,0.000000000000000000e+00
1.607650254507601062e+02,2.054172099745492517e+02,4.000000000000000000e+01,1.204141999999999931e-06,0.000000000000000000e+00
1.611651412958015328e+02,2.054168098587041982e+02,4.000000000000000000e+01,1.194246999999999960e-06,0.000000000000000000e+00
1.616034840582073571e+02,2.054163715159417904e+02,4.000000000000000000e+01,1.161970000000000074e-06,0.000000000000000000e+00
1.620115963843768156e+02,2.054159634036156206e+02,4.000000000000000000e+01,1.214604999999999910e-06,0.000000000000000000e+00
1.624293596785326201e+02,2.054155456403214828e+02,4.000000000000000000e+01,1.138628999999999945e-06,0.000000000000000000e+00
1.628351601906533972e+02,2.054151398398093420e+02,4.000000000000000000e+01,1.049309999999999911e-06,0.000000000000000000e+00
1.632355478319706776e+02,2.054147394521680212e+02,4.000000000000000000e+01,1.085937000000000018e-06,0.000000000000000000e+00
1.636662724066796670e+02,2.054143087275933226e+02,4.000000000000000000e+01,1.116771999999999910e-06,0.000000000000000000e+00
1.640740468762564888e+02,2.054139009531237434e+02,4.000000000000000000e+01,1.179927000000000028e-06,0.000000000000000000e+00
1.645052561528662523e+02,2.054134697438471449e+02,4.000000000000000000e+01,1.167093000000000034e-06,0.000000000000000000e+00
1.649129989161805270e+02,2.054130620010838300e+02,4.000000000000000000e+01,1.180233000000000004e-06,0.000000000000000000e+00
1.653091274516539499e+02,2.054126658725483594e+02,4.000000000000000000e+01,1.154010999999999970e-06,0.000000000000000000e+00
1.657520037766056191e+02,2.054122229962233916e+02,4.000000000000000000e+01,1.192486000000000055e-06,0.000000000000000000e+00
1.661673334992644584e+02,2.054118076665007493e+02,4.000000000000000000e+01,1.193039000000000073e-06,0.000000000000000000e+00
1.665746929526717679e+02,2.054114003070473302e+02,4.000000000000000000e+01,1.220104999999999900e-06,0.000000000000000000e+00
1.670215293915985342e+02,2.054109534706084048e+02,4.000000000000000000e+01,1.236564000000000008e-06,0.000000000000000000e+00
1.674418058107986269e+02,2.054105331941892132e+02,4.000000000000000000e+01,1.224208999999999895e-06,0.000000000000000000e+00
1.678463903587786206e+02,2.054101286096412196e+02,4.000000000000000000e+01,1.312233999999999996e-06,0.000000000000000000e+00
1.682458727557579721e+02,2.054097291272442476e+02,4.000000000000000000e+01,1.242791999999999976e-06,0.000000000000000000e+00
1.686941035307140169e+02,2.054092808964692836e+02,4.000000000000000000e+01,1.265637999999999994e-06,0.000000000000000000e+00
1.691181465744888897e+02,2.054088568534255046e+02,4.000000000000000000e+01,1.257066999999999937e-06,0.000000000000000000e+00
1.695170385293893105e+02,2.054084579614706172e+02,4.000000000000000000e+01,1.284337000000000101e-06,0.000000000000000000e+00
1.699619181339623992e+02,2.054080130818660450e+02,4.000000000000000000e+01,1.202803000000000027e-06,0.000000000000000000e+00
1.703646497509959659e+02,2.054076103502490014e+02,4.000000000000000000e+01,1.239663000000000001e-06,0.000000000000000000e+00
1.707649850144727850e+02,2.054072100149855373e+02,4.000000000000000000e+01,1.268475999999999983e-06,0.000000000000000000e+00
1.711928003695350640e+02,2.054067821996304701e+02,4.000000000000000000e+01,1.281805000000000088e-06,0.000000000000000000e+00
1.716007468517273651e+02,2.054063742531482717e+02,4.000000000000000000e+01,1.290173000000000048e-06,0.000000000000000000e+00
1.720345396346286861e+02,2.054059404603653718e+02,4.000000000000000000e+01,1.256368999999999939e-06,0.000000000000000000e+00
1.724393245821604239e+02,2.054055356754178376e+02,4.000000000000000000e+01,1.360022000000000080e-06,0.000000000000000000e+00
1.728409714625599634e+02,2.054051340285374465e+02,4.000000000000000000e+01,1.272855999999999973e-06,0.000000000000000000e+00
1.732780381460791261e+02,2.054046969618539151e+02,4.000000000000000000e+01,1.212712999999999988e-06,0.000000000000000000e+00
1.736796290365705318e+02,2.054042953709634389e+02,4.000000000000000000e+01,1.330015999999999990e-06,0.000000000000000000e+00
1.741165226288440806e+02,2.054038584773711591e+02,4.000000000000000000e+01,1.344450999999999920e-06,0.000000000000000000e+00
1.745024203195686709e+02,2.054034725796804253e+02,4.000000000000000000e+01,1.312567999999999899e-06,0.000000000000000000e+00
1.749460935195080538e+02,2.054030289064805004e+02,4.000000000000000000e+01,1.348773000000000003e-06,0.000000000000000000e+00
1.753616118675749362e+02,2.054026133881324370e+02,4.000000000000000000e+01,1.402703000000000011e-06,0.000000000000000000e+00
1.757495356962407982e+02,2.054022254643037684e+02,4.000000000000000000e+01,1.428620000000000096e-06,0.000000000000000000e+00
1.761981159845412321e+02,2.054017768840154474e+02,4.000000000000000000e+01,1.440509000000000051e-06,0.000000000000000000e+00
1.766015685006361196e+02,2.054013734314993656e+02,4.000000000000000000e+01,1.432913000000000014e-06,0.000000000000000000e+00
1.770209466061690478e+02,2.054009540533938321e+02,4.000000000000000000e+01,1.391017999999999969e-06,0.000000000000000000e+00
1.774662110403689610e+02,2.054005087889596268e+02,4.000000000000000000e+01,1.447683000000000086e-06,0.000000000000000000e+00
1.778681762423721864e+02,2.054001068237576249e+02,4.000000000000000000e+01,1.435458999999999990e-06,0.000000000000000000e+00
1.782688328231770356e+02,2.053997061671768165e+02,4.000000000000000000e+01,1.409759999999999992e-06,0.000000000000000000e+00
1.786960840875279359e+02,2.053992789159124754e+02,4.000000000000000000e+01,1.363427000000000050e-06,0.000000000000000000e+00
1.791394575232824593e+02,2.053988355424767178e+02,4.000000000000000000e+01,1.341832000000000047e-06,0.000000000000000000e+00
1.795630977006130706e+02,2.053984119022993866e+02,4.000000000000000000e+01,1.412001000000000019e-06,0.000000000000000000e+00
1.800098469519303421e+02,2.053979651530480623e+02,4.000000000000000000e+01,1.418840999999999940e-06,0.000000000000000000e+00
1.803855105358778701e+02,2.053975894894641385e+02,4.000000000000000000e+01,1.342109000000000070e-06,0.000000000000000000e+00
1.808162004503816718e+02,2.053971587995496293e+02,4.000000000000000000e+01,1.319450999999999948e-06,0.000000000000000000e+00
1.812346760642796824e+02,2.053967403239357168e+02,4.000000000000000000e+01,1.217543999999999934e-06,0.000000000000000000e+00
1.816426692674633045e+02,2.053963323307325481e+02,4.000000000000000000e+01,1.271226000000000083e-06,0.000000000000000000e+00
1.820734985158422035e+02,2.053959015014841611e+02,4.000000000000000000e+01,1.243911999999999975e-06,0.000000000000000000e+00
1.824797964147144285e+02,2.053954952035852841e+02,4.000000000000000000e+01,1.036751000000000096e-06,0.000000000000000000e+00
1.828929328559387102e+02,2.053950820671440738e+02,4.000000000000000000e+01,1.229200000000000022e-06,0.000000000000000000e+00
1.832805571270741609e+02,2.053946944428729182e+02,4.000000000000000000e+01,1.250490000000000076e-06,0.000000000000000000e+00
1.837059953088133284e+02,2.053942690046911821e+02,4.000000000000000000e+01,1.264153999999999899e-06,0.000000000000000000e+00
1.841253454901992086e+02,2.053938496545098076e+02,4.000000000000000000e+01,1.216758000000000049e-06,0.000000000000000000e+00
1.845490091801526944e+02,2.053934259908198499e+02,4.000000000000000000e+01,1.149804999999999912e-06,0.000000000000000000e+00
1.849972818126491063e+02,2.053929777181873533e+02,4.000000000000000000e+01,1.192528999999999971e-06,0.000000000000000000e+00
1.853832180361301880e+02,2.053925917819638585e+02,4.000000000000000000e+01,1.219682999999999898e-06,0.000000000000000000e+00
1.858004251228032899e+02,2.053921745748772025e+02,4.000000000000000000e+01,1.218432000000000094e-06,0.000000000000000000e+00
1.862219825027108868e+02,2.053917530174972796e+02,4.000000000000000000e+01,1.248962000000000037e-06,0.000000000000000000e+00
1.866526738064627864e+02,2.053913223261935457e+02,4.000000000000000000e+01,1.154461999999999925e-06,0.000000000000000000e+00
1.870608510423977009e+02,2.053909141489575916e+02,4.000000000000000000e+01,1.234104000000000077e-06,0.000000000000000000e+00
1.874896093426632717e+02,2.053904853906573464e+02,4.000000000000000000e+01,1.222536000000000089e-06,0.000000000000000000e+00
1.879146412004103581e+02,2.053900603587995874e+02,4.000000000000000000e+01,1.141175999999999948e-06,0.000000000000000000e+00
1.883307600582953967e+02,2.053896442399417026e+02,4.000000000000000000e+01,1.199965000000000038e-06,0.000000000000000000e+00
1.887377076411173960e+02,2.053892372923588709e+02,4.000000000000000000e+01,1.236155999999999968e-06,0.000000000000000000e+00
1.891699500242458498e+02,2.053888050499757583e+02,4.000000000000000000e+01,1.264386999999999978e-06,0.000000000000000000e+00
1.896010575774110407e+02,2.053883739424225894e+02,4.000000000000000000e+01,1.276872000000000080e-06,0.000000000000000000e+00
1.900090733240805037e+02,2.053879659266759177e+02,4.000000000000000000e+01,1.219246999999999933e-06,0.000000000000000000e+00
1.904265752688525311e+02,2.053875484247311363e+02,4.000000000000000000e+01,1.164648000000000093e-06,0.000000000000000000e+00
1.908480117992626504e+02,2.053871269882007482e+02,4.000000000000000000e+01,1.171923999999999979e-06,0.000000000000000000e+00
1.912333032732319964e+02,2.053867416967267729e+02,4.000000000000000000e+01,1.297171999999999911e-06,0.000000000000000000e+00
1.916803727259541859e+02,2.053862946272740544e+02,4.000000000000000000e+01,1.234861000000000009e-06,0.000000000000000000e+00
1.920790382972876387e+02,2.053858959617027153e+02,4.000000000000000000e+01,1.227949000000000006e-06,0.000000000000000000e+00
1.925029813548356117e+02,2.053854720186451743e+02,4.000000000000000000e+01,1.202046000000000095e-06,0.000000000000000000e+00
1.929107053917418284e+02,2.053850642946082701e+02,4.000000000000000000e+01,1.202584999999999939e-06,0.000000000000000000e+00
1.933341619393553970e+02,2.053846408380606476e+02,4.000000000000000000e+01,1.226973999999999986e-06,0.000000000000000000e+00
1.937497132505475861e+02,2.053842252867494551e+02,4.000000000000000000e+01,1.112887000000000031e-06,0.000000000000000000e+00
1.941575472719308095e+02,2.053838174527280671e+02,4.000000000000000000e+01,1.253079999999999995e-06,0.000000000000000000e+00
1.945880145849490361e+02,2.053833869854150578e+02,4.000000000000000000e+01,1.224820000000000032e-06,0.000000000000000000e+00
1.950174067439317867e+02,2.053829575932560658e+02,4.000000000000000000e+01,1.198146000000000014e-06,0.000000000000000000e+00
1.954110059961300863e+02,2.053825639940038741e+02,4.000000000000000000e+01,1.153588999999999968e-06,0.000000000000000000e+00
1.958261578273384771e+02,2.053821488421726542e+02,4.000000000000000000e+01,1.181645000000000017e-06,0.000000000000000000e+00
1.962658958252911532e+02,2.053817091041747176e+02,4.000000000000000000e+01,1.202076000000000076e-06,0.000000000000000000e+00
1.966663817762297697e+02,2.053813086182237839e+02,4.000000000000000000e+01,1.288789999999999988e-06,0.000000000000000000e+00
1.970901995339694679e+02,2.053808848004660206e+02,4.000000000000000000e+01,1.254971999999999917e-06,0.000000000000000000e+00
1.975329329506997169e+02,2.053804420670493016e+02,4.000000000000000000e+01,1.315988000000000071e-06,0.000000000000000000e+00
1.979314796384552437e+02,2.053800435203615393e+02,4.000000000000000000e+01,1.291816999999999900e-06,0.000000000000000000e+00
1.983470550029421702e+02,2.053796279449970541e+02,4.000000000000000000e+01,1.291089999999999949e-06,0.000000000000000000e+00
1.987626303674291535e+02,2.053792123696325689e+02,4.000000000000000000e+01,1.248263000000000012e-06,0.000000000000000000e+00
1.992103108833702834e+02,2.053787646891166219e+02,4.000000000000000000e+01,1.252104999999999975e-06,0.000000000000000000e+00
1.996340287407619485e+02,2.053783409712592345e+02,4.000000000000000000e+01,1.279636999999999959e-06,0.000000000000000000e+00
2.000328202618320859e+02,2.053779421797381701e+02,4.000000000000000000e+01,1.366875999999999964e-06,0.000000000000000000e+00
2.004798429699684732e+02,2.053774951570300402e+02,4.000000000000000000e+01,1.321429999999999942e-06,0.000000000000000000e+00
2.008808542613674319e+02,2.053770941457386243e+02,4.000000000000000000e+01,1.326989000000000078e-06,0.000000000000000000e+00
2.012831097586938540e+02,2.053766918902413181e+02,4.000000000000000000e+01,1.309090000000000031e-06,0.000000000000000000e+00
2.017077149761228441e+02,2.053762672850238857e+02,4.000000000000000000e+01,1.320745999999999907e-06,0.000000000000000000e+00
2.021158446208496855e+02,2.053758591553791462e+02,4.000000000000000000e+01,1.323497000000000036e-06,0.000000000000000000e+00
2.025467237581540871e+02,2.053754282762418484e+02,4.000000000000000000e+01,1.321706999999999965e-06,0.000000000000000000e+00
2.029503635803235113e+02,2.053750246364196812e+02,4.000000000000000000e+01,1.291220999999999966e-06,0.000000000000000000e+00
2.033603693689930481e+02,2.053746146306310152e+02,4.000000000000000000e+01,1.321663000000000021e-06,0.000000000000000000e+00
2.037936595491748335e+02,2.053741813404508321e+02,4.000000000000000000e+01,1.293926999999999911e-06,0.000000000000000000e+00
2.041972634645038056e+02,2.053737777365354873e+02,4.000000000000000000e+01,1.328487999999999951e-06,0.000000000000000000e+00
2.046211551641976314e+02,2.053733538448358047e+02,4.000000000000000000e+01,1.299326000000000077e-06,0.000000000000000000e+00
2.050202112324156758e+02,2.053729547887676006e+02,4.000000000000000000e+01,1.247114000000000059e-06,0.000000000000000000e+00
2.054660200748189141e+02,2.053725089799251862e+02,4.000000000000000000e+01,1.203531000000000006e-06,0.000000000000000000e+00
2.058816212372040866e+02,2.053720933787627985e+02,4.000000000000000000e+01,1.219639999999999981e-06,0.000000000000000000e+00
2.062693625000662792e+02,2.053717056374999288e+02,4.000000000000000000e+01,1.205567999999999907e-06,0.000000000000000000e+00
2.066968400898720688e+02,2.053712781599101334e+02,4.000000000000000000e+01,1.208797999999999916e-06,0.000000000000000000e+00
2.071276450973758472e+02,2.053708473549026223e+02,4.000000000000000000e+01,1.066494999999999942e-06,0.000000000000000000e+00
2.075644808885708130e+02,2.053704105191114309e+02,4.000000000000000000e+01,1.157052000000000056e-06,0.000000000000000000e+00
2.079668394682396979e+02,2.053700081605317678e+02,4.000000000000000000e+01,1.099920999999999993e-06,0.000000000000000000e+00
2.083870628232824913e+02,2.053695879371767319e+02,4.000000000000000000e+01,1.174820000000000087e-06,0.000000000000000000e+00
2.088174200999814332e+02,2.053691575799000191e+02,4.000000000000000000e+01,1.192500000000000018e-06,0.000000000000000000e+00
2.092359963042223967e+02,2.053687390036957936e+02,4.000000000000000000e+01,1.193227999999999996e-06,0.000000000000000000e+00
2.096439667671488394e+02,2.053683310332328631e+02,4.000000000000000000e+01,1.190156999999999928e-06,0.000000000000000000e+00
2.100746649956843157e+02,2.053679003350043217e+02,4.000000000000000000e+01,1.175824000000000061e-06,0.000000000000000000e+00
2.105051813021621570e+02,2.053674698186978276e+02,4.000000000000000000e+01,1.178385000000000026e-06,0.000000000000000000e+00
2.109045130770992387e+02,2.053670704869228985e+02,4.000000000000000000e+01,1.288266999999999951e-06,0.000000000000000000e+00
2.113092046600047524e+02,2.053666657953399977e+02,4.000000000000000000e+01,1.220818000000000099e-06,0.000000000000000000e+00
2.117518204565504902e+02,2.053662231795434536e+02,4.000000000000000000e+01,1.135035000000000052e-06,0.000000000000000000e+00
2.121374694972241741e+02,2.053658375305027732e+02,4.000000000000000000e+01,1.091203999999999929e-06,0.000000000000000000e+00
2.125752362889312792e+02,2.053653997637110820e+02,4.000000000000000000e+01,1.057909999999999922e-06,0.000000000000000000e+00
2.129763631508317019e+02,2.053649986368491795e+02,4.000000000000000000e+01,1.203253999999999983e-06,0.000000000000000000e+00
2.133979483598367892e+02,2.053645770516401683e+02,4.000000000000000000e+01,1.148466000000000008e-06,0.000000000000000000e+00
2.138154184266660991e+02,2.053641595815733467e+02,4.000000000000000000e+01,1.176914999999999895e-06,0.000000000000000000e+00
2.142209528441040902e+02,2.053637540471559078e+02,4.000000000000000000e+01,1.198349999999999928e-06,0.000000000000000000e+00
2.146543827414716930e+02,2.053633206172585233e+02,4.000000000000000000e+01,1.093416000000000002e-06,0.000000000000000000e+00
2.150435880771964889e+02,2.053629314119228013e+02,4.000000000000000000e+01,1.127715000000000010e-06,0.000000000000000000e+00
2.154913405033000515e+02,2.053624836594966894e+02,4.000000000000000000e+01,1.151391000000000069e-06,0.000000000000000000e+00
2.159063599921541652e+02,2.053620686400078341e+02,4.000000000000000000e+01,1.230232999999999949e-06,0.000000000000000000e+00
2.163144899675572503e+02,2.053616605100324364e+02,4.000000000000000000e+01,1.190216000000000075e-06,0.000000000000000000e+00
2.167166390364121185e+02,2.053612583609636033e+02,4.000000000000000000e+01,1.122200000000000030e-06,0.000000000000000000e+00
2.171618500749081306e+02,2.053608131499250931e+02,4.000000000000000000e+01,1.055086999999999924e-06,0.000000000000000000e+00
2.175549253740457516e+02,2.053604200746259494e+02,4.000000000000000000e+01,1.039065000000000020e-06,0.000000000000000000e+00
2.179827076982452354e+02,2.053599922923017687e+02,4.000000000000000000e+01,1.078573000000000032e-06,0.000000000000000000e+00
2.184255551205237680e+02,2.053595494448794909e+02,4.000000000000000000e+01,1.008781999999999907e-06,0.000000000000000000e+00
2.188412138663556732e+02,2.053591337861336399e+02,4.000000000000000000e+01,1.105218000000000097e-06,0.000000000000000000e+00
2.192559911837591926e+02,2.053587190088162515e+02,4.000000000000000000e+01,1.104751999999999939e-06,0.000000000000000000e+00
2.196635271367106270e+02,2.053583114728632779e+02,4.000000000000000000e+01,1.028020000000000069e-06,0.000000000000000000e+00
2.201039462357404091e+02,2.053578710537642564e+02,4.000000000000000000e+01,1.118504000000000074e-06,0.000000000000000000e+00
2.205275133507633711e+02,2.053574474866492494e+02,4.000000000000000000e+01,1.188992999999999985e-06,0.000000000000000000e+00
2.209330686817462492e+02,2.053570419313182640e+02,4.000000000000000000e+01,1.138221999999999933e-06,0.000000000000000000e+00
2.213502457250823170e+02,2.053566247542749181e+02,4.000000000000000000e+01,1.138046999999999973e-06,0.000000000000000000e+00
2.217720384182516113e+02,2.053562029615817437e+02,4.000000000000000000e+01,1.110908000000000037e-06,0.000000000000000000e+00
2.221732597457000509e+02,2.053558017402542930e+02,4.000000000000000000e+01,1.134001999999999913e-06,0.000000000000000000e+00
2.226107471685280927e+02,2.053553642528314640e+02,4.000000000000000000e+01,1.114007000000000031e-06,0.000000000000000000e+00
2.230185361113858278e+02,2.053549564638886125e+02,4.000000000000000000e+01,1.126566000000000057e-06,0.000000000000000000e+00
2.234377822008534338e+02,2.053545372177991624e+02,4.000000000000000000e+01,1.190739999999999928e-06,0.000000000000000000e+00
2.238429495146353645e+02,2.053541320504853616e+02,4.000000000000000000e+01,1.218227999999999968e-06,0.000000000000000000e+00
2.242423561371473113e+02,2.053537326438628554e+02,4.000000000000000000e+01,1.249486000000000102e-06,0.000000000000000000e+00
2.246730998461972320e+02,2.053533019001538094e+02,4.000000000000000000e+01,1.275766000000000043e-06,0.000000000000000000e+00
2.250812067506668939e+02,2.053528937932493363e+02,4.000000000000000000e+01,1.270017999999999984e-06,0.000000000000000000e+00
2.255131955628712888e+02,2.053524618044371266e+02,4.000000000000000000e+01,1.320092000000000066e-06,0.000000000000000000e+00
2.259368633915885596e+02,2.053520381366084280e+02,4.000000000000000000e+01,1.335051000000000061e-06,0.000000000000000000e+00
2.263179488078880297e+02,2.053516570511921202e+02,4.000000000000000000e+01,1.337393999999999938e-06,0.000000000000000000e+00
2.267611866858218264e+02,2.053512138133141889e+02,4.000000000000000000e+01,1.309992999999999970e-06,0.000000000000000000e+00
2.271901010702001713e+02,2.053507848989297884e+02,4.000000000000000000e+01,1.352454999999999996e-06,0.000000000000000000e+00
2.276211631428509179e+02,2.053503538368571526e+02,4.000000000000000000e+01,1.373496999999999981e-06,0.000000000000000000e+00
2.280474769689283221e+02,2.053499275230310843e+02,4.000000000000000000e+01,1.393971999999999984e-06,0.000000000000000000e+00
2.284511832764863186e+02,2.053495238167235186e+02,4.000000000000000000e+01,1.419467000000000067e-06,0.000000000000000000e+00
2.288799330087072974e+02,2.053490950669912820e+02,4.000000000000000000e+01,1.466629000000000023e-06,0.000000000000000000e+00
2.292986997663898023e+02,2.053486763002336204e+02,4.000000000000000000e+01,1.476291999999999942e-06,0.000000000000000000e+00
2.297023669907915462e+02,2.053482726330092021e+02,4.000000000000000000e+01,1.536449000000000102e-06,0.000000000000000000e+00
2.301261860418426011e+02,2.053478488139581657e+02,4.000000000000000000e+01,1.527587000000000059e-06,0.000000000000000000e+00
2.305679302448440069e+02,2.053474070697551497e+02,4.000000000000000000e+01,1.564011000000000068e-06,0.000000000000000000e+00
2.309735157353944714e+02,2.053470014842646094e+02,4.000000000000000000e+01,1.506123000000000072e-06,0.000000000000000000e+00
2.313858148004347015e+02,2.053465891851995764e+02,4.000000000000000000e+01,1.417080000000000034e-06,0.000000000000000000e+00
2.317736672384234282e+02,2.053462013327615807e+02,4.000000000000000000e+01,1.462306999999999940e-06,0.000000000000000000e+00
2.322003123822081250e+02,2.053457746876177907e+02,4.000000000000000000e+01,1.532010999999999993e-06,0.000000000000000000e+00
2.326199260812277601e+02,2.053453550739187676e+02,4.000000000000000000e+01,1.547857999999999936e-06,0.000000000000000000e+00
2.330388437897293556e+02,2.053449361562102808e+02,4.000000000000000000e+01,1.520296999999999998e-06,0.000000000000000000e+00
2.334627678015214940e+02,2.053445122321984684e+02,4.000000000000000000e+01,1.604479999999999925e-06,0.000000000000000000e+00
2.338779427414444001e+02,2.053440970572585513e+02,4.000000000000000000e+01,1.610663999999999950e-06,0.000000000000000000e+00
2.342897576655932141e+02,2.053436852423344021e+02,4.000000000000000000e+01,1.584688999999999957e-06,0.000000000000000000e+00
2.347136705404580539e+02,2.053432613294595512e+02,4.000000000000000000e+01,1.470718000000000028e-06,0.000000000000000000e+00
2.351125370208258971e+02,2.053428624629791841e+02,4.000000000000000000e+01,1.668464000000000057e-06,0.000000000000000000e+00
2.355556196597700875e+02,2.053424193803402318e+02,4.000000000000000000e+01,1.663719999999999971e-06,0.000000000000000000e+00
2.359835326347707962e+02,2.053419914673652329e+02,4.000000000000000000e+01,1.667998999999999927e-06,0.000000000000000000e+00
2.363710727146075499e+02,2.053416039272854050e+02,4.000000000000000000e+01,1.666819999999999993e-06,0.000000000000000000e+00
2.367865924915312519e+02,2.053411884075084686e+02,4.000000000000000000e+01,1.714535999999999994e-06,0.000000000000000000e+00
2.372107283565309501e+02,2.053407642716434793e+02,4.000000000000000000e+01,1.755920999999999938e-06,0.000000000000000000e+00
2.376187869348948141e+02,2.053403562130651210e+02,4.000000000000000000e+01,1.775536999999999946e-06,0.000000000000000000e+00
2.380544369279801629e+02,2.053399205630720132e+02,4.000000000000000000e+01,1.863271000000000062e-06,0.000000000000000000e+00
2.384784049287435721e+02,2.053394965950712674e+02,4.000000000000000000e+01,1.823499999999999990e-06,0.000000000000000000e+00
2.389190212858354414e+02,2.053390559787141569e+02,4.000000000000000000e+01,1.868843999999999949e-06,0.000000000000000000e+00
2.393257846509696662e+02,2.053386492153490224e+02,4.000000000000000000e+01,1.936831000000000040e-06,0.000000000000000000e+00
2.397268248893516045e+02,2.053382481751106639e+02,4.000000000000000000e+01,1.943859000000000069e-06,0.000000000000000000e+00
2.401577436006072332e+02,2.053378172563994042e+02,4.000000000000000000e+01,2.041052000000000190e-06,0.000000000000000000e+00
2.405969776970159160e+02,2.053373780223029996e+02,4.000000000000000000e+01,2.088957000000000115e-06,0.000000000000000000e+00
2.409962521036592875e+02,2.053369787478963531e+02,4.000000000000000000e+01,2.091648999999999885e-06,0.000000000000000000e+00
2.414108036994195174e+02,2.053365641963005714e+02,4.000000000000000000e+01,2.031577999999999982e-06,0.000000000000000000e+00
2.418353977781825961e+02,2.053361396022218059e+02,4.000000000000000000e+01,1.912586999999999972e-06,0.000000000000000000e+00
2.422427590047472279e+02,2.053357322409952417e+02,4.000000000000000000e+01,2.063839999999999878e-06,0.000000000000000000e+00
2.426662977946564865e+02,2.053353087022053387e+02,4.000000000000000000e+01,2.133631000000000003e-06,0.000000000000000000e+00
2.430650130588992965e+02,2.053349099869411134e+02,4.000000000000000000e+01,2.025931999999999986e-06,0.000000000000000000e+00
2.435126775350582307e+02,2.053344623224649581e+02,4.000000000000000000e+01,2.032261999999999805e-06,0.000000000000000000e+00
2.439127700770991964e+02,2.053340622299228926e+02,4.000000000000000000e+01,1.980996000000000066e-06,0.000000000000000000e+00
2.443184349351922720e+02,2.053336565650648140e+02,4.000000000000000000e+01,2.045243000000000045e-06,0.000000000000000000e+00
2.447169404468829157e+02,2.053332580595531169e+02,4.000000000000000000e+01,2.117362000000000057e-06,0.000000000000000000e+00
2.451443846269951621e+02,2.053328306153730125e+02,4.000000000000000000e+01,2.122499000000000191e-06,0.000000000000000000e+00
2.455830600906531913e+02,2.053323919399093427e+02,4.000000000000000000e+01,2.087370000000000142e-06,0.000000000000000000e+00
2.460056723187022953e+02,2.053319693276812927e+02,4.000000000000000000e+01,2.066997999999999806e-06,0.000000000000000000e+00
2.463947775215374350e+02,2.053315802224784647e+02,4.000000000000000000e+01,2.042200999999999931e-06,0.000000000000000000e+00
2.468292902003816778e+02,2.053311457097996140e+02,4.000000000000000000e+01,2.085639000000000006e-06,0.000000000000000000e+00
2.472536435020012107e+02,2.053307213564980032e+02,4.000000000000000000e+01,2.039392999999999923e-06,0.000000000000000000e+00
2.476838839235757064e+02,2.053302911160764381e+02,4.000000000000000000e+01,2.053814000000000103e-06,0.000000000000000000e+00
2.480916062303188028e+02,2.053298833937696770e+02,4.000000000000000000e+01,1.844048000000000102e-06,0.000000000000000000e+00
2.485227399587950856e+02,2.053294522600411938e+02,4.000000000000000000e+01,2.073749999999999839e-06,0.000000000000000000e+00
2.489431683511834024e+02,2.053290318316488197e+02,4.000000000000000000e+01,2.114204000000000129e-06,0.000000000000000000e+00
2.493479971049618484e+02,2.053286270028950469e+02,4.000000000000000000e+01,2.124753999999999969e-06,0.000000000000000000e+00
2.497467997553782482e+02,2.053282282002446379e+02,4.000000000000000000e+01,2.058165000000000139e-06,0.000000000000000000e+00
2.501952290789380129e+02,2.053277797709210688e+02,4.000000000000000000e+01,2.042449000000000001e-06,0.000000000000000000e+00
2.505993563199014034e+02,2.053273756436801136e+02,4.000000000000000000e+01,2.028376999999999926e-06,0.000000000000000000e+00
2.510177142260073140e+02,2.053269572857740002e+02,4.000000000000000000e+01,2.092420000000000204e-06,0.000000000000000000e+00
2.514630086102791040e+02,2.053265119913897365e+02,4.000000000000000000e+01,2.097032999999999849e-06,0.000000000000000000e+00
2.518404457101960929e+02,2.053261345542898084e+02,4.000000000000000000e+01,2.117973000000000194e-06,0.000000000000000000e+00
2.522657693619953534e+02,2.053257092306380116e+02,4.000000000000000000e+01,2.124420000000000067e-06,0.000000000000000000e+00
2.526938008310200985e+02,2.053252811991689839e+02,4.000000000000000000e+01,1.960739999999999967e-06,0.000000000000000000e+00
2.531017473349091915e+02,2.053248732526650997e+02,4.000000000000000000e+01,1.892055000000000090e-06,0.000000000000000000e+00
2.535326495176960861e+02,2.053244423504823146e+02,4.000000000000000000e+01,2.034415999999999971e-06,0.000000000000000000e+00
2.539346560427501061e+02,2.053240403439572503e+02,4.000000000000000000e+01,2.057408000000000208e-06,0.000000000000000000e+00
2.543427652169312125e+02,2.053236322347830765e+02,4.000000000000000000e+01,1.856954999999999994e-06,0.000000000000000000e+00
2.547576488167938749e+02,2.053232173511832173e+02,4.000000000000000000e+01,1.877283999999999990e-06,0.000000000000000000e+00
2.551646685190084725e+02,2.053228103314809800e+02,4.000000000000000000e+01,1.960157999999999995e-06,0.000000000000000000e+00
2.556048786354635922e+02,2.053223701213645427e+02,4.000000000000000000e+01,1.991865999999999845e-06,0.000000000000000000e+00
2.560037305127092964e+02,2.053219712694873067e+02,4.000000000000000000e+01,2.026601999999999846e-06,0.000000000000000000e+00
2.564201176728776659e+02,2.053215548823271206e+02,4.000000000000000000e+01,1.967229999999999967e-06,0.000000000000000000e+00
2.568631682116256343e+02,2.053211118317883859e+02,4.000000000000000000e+01,1.962179999999999906e-06,0.000000000000000000e+00
2.572746611504594512e+02,2.053207003388495480e+02,4.000000000000000000e+01,1.949666000000000062e-06,0.000000000000000000e+00
2.576809914604207279e+02,2.053202940085395767e+02,4.000000000000000000e+01,1.959822999999999854e-06,0.000000000000000000e+00
2.581118879996530495e+02,2.053198631120003483e+02,4.000000000000000000e+01,2.001965000000000152e-06,0.000000000000000000e+00
2.585468274541984783e+02,2.053194281725457984e+02,4.000000000000000000e+01,2.047294000000000121e-06,0.000000000000000000e+00
2.589708156225100879e+02,2.053190041843774907e+02,4.000000000000000000e+01,2.048778999999999820e-06,0.000000000000000000e+00
2.593816439305155086e+02,2.053185933560694991e+02,4.000000000000000000e+01,1.933979000000000089e-06,0.000000000000000000e+00
2.597981108184902155e+02,2.053181768891815011e+02,4.000000000000000000e+01,1.931578000000000093e-06,0.000000000000000000e+00
2.602202617197631866e+02,2.053177547382802288e+02,4.000000000000000000e+01,1.884429000000000072e-06,0.000000000000000000e+00
2.606507130739536251e+02,2.053173242869260378e+02,4.000000000000000000e+01,1.881752000000000080e-06,0.000000000000000000e+00
2.610586604055255862e+02,2.053169163395944850e+02,4.000000000000000000e+01,1.848951999999999946e-06,0.000000000000000000e+00
2.614872464010603039e+02,2.053164877535989490e+02,4.000000000000000000e+01,1.798543999999999962e-06,0.000000000000000000e+00
2.618875148185787225e+02,2.053160874851814128e+02,4.000000000000000000e+01,1.664215000000000083e-06,0.000000000000000000e+00
2.622900012023219460e+02,2.053156849987976784e+02,4.000000000000000000e+01,1.712163999999999952e-06,0.000000000000000000e+00
2.627346196008193147e+02,2.053152403803991888e+02,4.000000000000000000e+01,1.652370000000000072e-06,0.000000000000000000e+00
2.631215841339376880e+02,2.053148534158660539e+02,4.000000000000000000e+01,1.644118999999999954e-06,0.000000000000000000e+00
2.635579800319663946e+02,2.053144170199680332e+02,4.000000000000000000e+01,1.616295999999999983e-06,0.000000000000000000e+00
2.639611069552394156e+02,2.053140138930447733e+02,4.000000000000000000e+01,1.643231000000000005e-06,0.000000000000000000e+00
2.643812187394436819e+02,2.053135937812605505e+02,4.000000000000000000e+01,1.643536999999999982e-06,0.000000000000000000e+00
2.647999664850798354e+02,2.053131750335149093e+02,4.000000000000000000e+01,1.643915000000000040e-06,0.000000000000000000e+00
2.652036958969465559e+02,2.053127713041030518e+02,4.000000000000000000e+01,1.618217000000000070e-06,0.000000000000000000e+00
2.656276907251908028e+02,2.053123473092747986e+02,4.000000000000000000e+01,1.598993999999999899e-06,0.000000000000000000e+00
2.660694804190071068e+02,2.053119055195809892e+02,4.000000000000000000e+01,1.536550999999999953e-06,0.000000000000000000e+00
2.664749240057251995e+02,2.053115000759942745e+02,4.000000000000000000e+01,1.538791999999999979e-06,0.000000000000000000e+00
2.668874133050600221e+02,2.053110875866949527e+02,4.000000000000000000e+01,1.480017000000000063e-06,0.000000000000000000e+00
2.673026763113950324e+02,2.053106723236886069e+02,4.000000000000000000e+01,1.395542999999999938e-06,0.000000000000000000e+00
2.677235466782329354e+02,2.053102514533217686e+02,4.000000000000000000e+01,1.470864000000000034e-06,0.000000000000000000e+00
2.681698948944392669e+02,2.053098051051055677e+02,4.000000000000000000e+01,1.453808999999999992e-06,0.000000000000000000e+00
2.685686371697798336e+02,2.053094063628302308e+02,4.000000000000000000e+01,1.475797000000000043e-06,0.000000000000000000e+00
2.690158005456398769e+02,2.053089591994543639e+02,4.000000000000000000e+01,1.496126000000000039e-06,0.000000000000000000e+00
2.694345717193670566e+02,2.053085404282806223e+02,4.000000000000000000e+01,1.375199999999999979e-06,0.000000000000000000e+00
2.698401121141275780e+02,2.053081348878858705e+02,4.000000000000000000e+01,1.352179000000000001e-06,0.000000000000000000e+00
2.702400933119361639e+02,2.053077349066880686e+02,4.000000000000000000e+01,1.344902999999999903e-06,0.000000000000000000e+00
2.706709959879420921e+02,2.053073040040120532e+02,4.000000000000000000e+01,1.279491999999999980e-06,0.000000000000000000e+00
2.710784510671660996e+02,2.053068965489328264e+02,4.000000000000000000e+01,1.202949000000000034e-06,0.000000000000000000e+00
2.715100742225113777e+02,2.053064649257775045e+02,4.000000000000000000e+01,1.205407999999999937e-06,0.000000000000000000e+00
2.719100759923664441e+02,2.053060649240076430e+02,4.000000000000000000e+01,1.260763000000000104e-06,0.000000000000000000e+00
2.723158957896411039e+02,2.053056591042103491e+02,4.000000000000000000e+01,1.241088999999999977e-06,0.000000000000000000e+00
2.727573271453666166e+02,2.053052176728546385e+02,4.000000000000000000e+01,1.281033999999999982e-06,0.000000000000000000e+00
2.731425471024268177e+02,2.053048324528975854e+02,4.000000000000000000e+01,1.270513000000000095e-06,0.000000000000000000e+00
2.735805409819170677e+02,2.053043944590180843e+02,4.000000000000000000e+01,1.322187000000000086e-06,0.000000000000000000e+00
2.740244020102180684e+02,2.053039505979897967e+02,4.000000000000000000e+01,1.376538000000000067e-06,0.000000000000000000e+00
2.744030169070394436e+02,2.053035719830929509e+02,4.000000000000000000e+01,1.379579999999999970e-06,0.000000000000000000e+00
2.748353036074959164e+02,2.053031396963925204e+02,4.000000000000000000e+01,1.436856000000000012e-06,0.000000000000000000e+00
2.752505159026717365e+02,2.053027244840973253e+02,4.000000000000000000e+01,1.414605999999999929e-06,0.000000000000000000e+00
2.756584113135694452e+02,2.053023165886864376e+02,4.000000000000000000e+01,1.342254000000000049e-06,0.000000000000000000e+00
2.760893176891048029e+02,2.053018856823109104e+02,4.000000000000000000e+01,1.341074999999999904e-06,0.000000000000000000e+00
2.764848903017378348e+02,2.053014901096982783e+02,4.000000000000000000e+01,1.354245000000000067e-06,0.000000000000000000e+00
2.769081088773319266e+02,2.053010668911226730e+02,4.000000000000000000e+01,1.323191000000000059e-06,0.000000000000000000e+00
2.773414983136744922e+02,2.053006335016863204e+02,4.000000000000000000e+01,1.364140000000000038e-06,0.000000000000000000e+00
2.777560970996445349e+02,2.053002189029003546e+02,4.000000000000000000e+01,1.393521000000000028e-06,0.000000000000000000e+00
2.781637179310793613e+02,2.052998112820689300e+02,4.000000000000000000e+01,1.325476000000000030e-06,0.000000000000000000e+00
2.785950668453697858e+02,2.052993799331546256e+02,4.000000000000000000e+01,1.187493999999999900e-06,0.000000000000000000e+00
2.790285697862595384e+02,2.052989464302137321e+02,4.000000000000000000e+01,1.232547000000000085e-06,0.000000000000000000e+00
2.794745145819858863e+02,2.052985004854180033e+02,4.000000000000000000e+01,1.176463999999999939e-06,0.000000000000000000e+00
2.798643718459402976e+02,2.052981106281540633e+02,4.000000000000000000e+01,1.209889999999999990e-06,0.000000000000000000e+00
2.802778267217893813e+02,2.052976971732782090e+02,4.000000000000000000e+01,1.258900999999999951e-06,0.000000000000000000e+00
2.807034310276320070e+02,2.052972715689723771e+02,4.000000000000000000e+01,1.202118999999999993e-06,0.000000000000000000e+00
2.811343385630950138e+02,2.052968406614369030e+02,4.000000000000000000e+01,1.139677000000000074e-06,0.000000000000000000e+00
2.815425114374945679e+02,2.052964324885625160e+02,4.000000000000000000e+01,1.159219999999999974e-06,0.000000000000000000e+00
2.819672390479220212e+02,2.052960077609520795e+02,4.000000000000000000e+01,1.154651000000000060e-06,0.000000000000000000e+00
2.823695008945824156e+02,2.052956054991054202e+02,4.000000000000000000e+01,1.123466000000000036e-06,0.000000000000000000e+00
2.827702707798335382e+02,2.052952047292201598e+02,4.000000000000000000e+01,1.015214000000000001e-06,0.000000000000000000e+00
2.831970296254851860e+02,2.052947779703745255e+02,4.000000000000000000e+01,1.137130000000000072e-06,0.000000000000000000e+00
2.836049796039818602e+02,2.052943700203960304e+02,4.000000000000000000e+01,1.158056000000000030e-06,0.000000000000000000e+00
2.840356613823165617e+02,2.052939393386176903e+02,4.000000000000000000e+01,1.203137999999999957e-06,0.000000000000000000e+00
2.844585780390701757e+02,2.052935164219609305e+02,4.000000000000000000e+01,1.269072999999999945e-06,0.000000000000000000e+00
2.848463470957138952e+02,2.052931286529043007e+02,4.000000000000000000e+01,1.273845999999999984e-06,0.000000000000000000e+00
2.852613384902459757e+02,2.052927136615097652e+02,4.000000000000000000e+01,1.319188999999999915e-06,0.000000000000000000e+00
2.856901787412708700e+02,2.052922848212587326e+02,4.000000000000000000e+01,1.258013000000000003e-06,0.000000000000000000e+00
2.860981256332408407e+02,2.052918768743667499e+02,4.000000000000000000e+01,1.255058999999999989e-06,0.000000000000000000e+00
2.865288032495500374e+02,2.052914461967504565e+02,4.000000000000000000e+01,1.276406999999999950e-06,0.000000000000000000e+00
2.869507517120364923e+02,2.052910242482879539e+02,4.000000000000000000e+01,1.255538999999999898e-06,0.000000000000000000e+00
2.873940711702494468e+02,2.052905809288297405e+02,4.000000000000000000e+01,1.303604000000000004e-06,0.000000000000000000e+00
2.877987841564919336e+02,2.052901762158435020e+02,4.000000000000000000e+01,1.276872000000000080e-06,0.000000000000000000e+00
2.882026551072306120e+02,2.052897723448927820e+02,4.000000000000000000e+01,1.228909000000000036e-06,0.000000000000000000e+00
2.886378591828591880e+02,2.052893371408171390e+02,4.000000000000000000e+01,1.276756000000000054e-06,0.000000000000000000e+00
2.890687596417340615e+02,2.052889062403582727e+02,4.000000000000000000e+01,1.289648999999999983e-06,0.000000000000000000e+00
2.894743780452777742e+02,2.052885006219547108e+02,4.000000000000000000e+01,1.241379999999999963e-06,0.000000000000000000e+00
2.898868037192535780e+02,2.052880881962807393e+02,4.000000000000000000e+01,1.279885000000000029e-06,0.000000000000000000e+00
2.903298488657990220e+02,2.052876451511341998e+02,4.000000000000000000e+01,1.270323999999999961e-06,0.000000000000000000e+00
2.907255051507862049e+02,2.052872494948492204e+02,4.000000000000000000e+01,1.249631000000000081e-06,0.000000000000000000e+00
2.911445990791764871e+02,2.052868304009208202e+02,4.000000000000000000e+01,1.315958999999999906e-06,0.000000000000000000e+00
2.915430862751085215e+02,2.052864319137248970e+02,4.000000000000000000e+01,1.326537999999999911e-06,0.000000000000000000e+00
2.919909273973546533e+02,2.052859840726026448e+02,4.000000000000000000e+01,1.349253999999999940e-06,0.000000000000000000e+00
2.924059190924271547e+02,2.052855690809075782e+02,4.000000000000000000e+01,1.312102999999999980e-06,0.000000000000000000e+00
2.927936815225170335e+02,2.052851813184774983e+02,4.000000000000000000e+01,1.306966000000000058e-06,0.000000000000000000e+00
2.932166421461256505e+02,2.052847583578538888e+02,4.000000000000000000e+01,1.309322999999999898e-06,0.000000000000000000e+00
2.936354605176732662e+02,2.052843395394823176e+02,4.000000000000000000e+01,1.273482000000000100e-06,0.000000000000000000e+00
2.940554969777932115e+02,2.052839195030222186e+02,4.000000000000000000e+01,1.280030000000000008e-06,0.000000000000000000e+00
2.944830944437670723e+02,2.052834919055562466e+02,4.000000000000000000e+01,1.277657999999999965e-06,0.000000000000000000e+00
2.948840276018034956e+02,2.052830909723981847e+02,4.000000000000000000e+01,1.315958999999999906e-06,0.000000000000000000e+00
2.952866880364716167e+02,2.052826883119635397e+02,4.000000000000000000e+01,1.339474999999999995e-06,0.000000000000000000e+00
2.957320076681218666e+02,2.052822429923318737e+02,4.000000000000000000e+01,1.376728000000000018e-06,0.000000000000000000e+00
2.961305057639733604e+02,2.052818444942360259e+02,4.000000000000000000e+01,1.376334999999999969e-06,0.000000000000000000e+00
2.965544987790739242e+02,2.052814205012209356e+02,4.000000000000000000e+01,1.277469000000000042e-06,0.000000000000000000e+00
2.970031694719264692e+02,2.052809718305280740e+02,4.000000000000000000e+01,1.187669000000000072e-06,0.000000000000000000e+00
2.973883894289865566e+02,2.052805866105710209e+02,4.000000000000000000e+01,1.255845000000000086e-06,0.000000000000000000e+00
2.978066411959604807e+02,2.052801683588040476e+02,4.000000000000000000e+01,1.219100999999999926e-06,0.000000000000000000e+00
2.982272405360860148e+02,2.052797477594639304e+02,4.000000000000000000e+01,1.210559000000000034e-06,0.000000000000000000e+00
2.986734573172070100e+02,2.052793015426827878e+02,4.000000000000000000e+01,1.247812000000000056e-06,0.000000000000000000e+00
2.990972001889358012e+02,2.052788777998110561e+02,4.000000000000000000e+01,1.281353999999999921e-06,0.000000000000000000e+00
2.994963059975711417e+02,2.052784786940024446e+02,4.000000000000000000e+01,1.265244999999999945e-06,0.000000000000000000e+00
2.999385331354202435e+02,2.052780364668645916e+02,4.000000000000000000e+01,1.181499000000000011e-06,0.000000000000000000e+00
3.003540873326795122e+02,2.052776209126673166e+02,4.000000000000000000e+01,1.248802000000000067e-06,0.000000000000000000e+00
3.007681712194656711e+02,2.052772068287805496e+02,4.000000000000000000e+01,1.303472999999999988e-06,0.000000000000000000e+00
3.011746893522152959e+02,2.052768003106477863e+02,4.000000000000000000e+01,1.307548000000000030e-06,0.000000000000000000e+00
3.016053617037518961e+02,2.052763696382962451e+02,4.000000000000000000e+01,1.295703000000000019e-06,0.000000000000000000e+00
3.020133125631627991e+02,2.052759616874368476e+02,4.000000000000000000e+01,1.216729000000000095e-06,0.000000000000000000e+00
3.024315454339182452e+02,2.052755434545660762e+02,4.000000000000000000e+01,1.228225000000000002e-06,0.000000000000000000e+00
3.028521631766823816e+02,2.052751228368233285e+02,4.000000000000000000e+01,1.053689999999999901e-06,0.000000000000000000e+00
3.032373831337425258e+02,2.052747376168662470e+02,4.000000000000000000e+01,1.039763000000000018e-06,0.000000000000000000e+00
3.036848604751908738e+02,2.052742901395248225e+02,4.000000000000000000e+01,1.215754000000000075e-06,0.000000000000000000e+00
3.040762299787464826e+02,2.052738987700212476e+02,4.000000000000000000e+01,1.214357000000000052e-06,0.000000000000000000e+00
3.045073500322048972e+02,2.052734676499677846e+02,4.000000000000000000e+01,1.231804999999999932e-06,0.000000000000000000e+00
3.049150807807078536e+02,2.052730599192192926e+02,4.000000000000000000e+01,1.158856000000000090e-06,0.000000000000000000e+00
3.053395331767699190e+02,2.052726354668232318e+02,4.000000000000000000e+01,1.203413999999999952e-06,0.000000000000000000e+00
3.057548028096588268e+02,2.052722201971903360e+02,4.000000000000000000e+01,1.225736999999999933e-06,0.000000000000000000e+00
3.061692243457516724e+02,2.052718057756542578e+02,4.000000000000000000e+01,1.252933999999999988e-06,0.000000000000000000e+00
3.065927801661209173e+02,2.052713822198338676e+02,4.000000000000000000e+01,1.191146999999999939e-06,0.000000000000000000e+00
3.070234556543991857e+02,2.052709515443455928e+02,4.000000000000000000e+01,1.243256999999999894e-06,0.000000000000000000e+00
3.074444936687253289e+02,2.052705305063312835e+02,4.000000000000000000e+01,1.244814000000000098e-06,0.000000000000000000e+00
3.078627610730628135e+02,2.052701122389269415e+02,4.000000000000000000e+01,1.236083000000000071e-06,0.000000000000000000e+00
3.082732800114506517e+02,2.052697017199885465e+02,4.000000000000000000e+01,1.262510000000000047e-06,0.000000000000000000e+00
3.086975231699229312e+02,2.052692774768300694e+02,4.000000000000000000e+01,1.246415000000000034e-06,0.000000000000000000e+00
3.091331938965996073e+02,2.052688418061034099e+02,4.000000000000000000e+01,1.229679999999999931e-06,0.000000000000000000e+00
3.095413710131853122e+02,2.052684336289868270e+02,4.000000000000000000e+01,1.221299000000000036e-06,0.000000000000000000e+00
3.099661068560977810e+02,2.052680088931439002e+02,4.000000000000000000e+01,1.264560999999999911e-06,0.000000000000000000e+00
3.103813831155405865e+02,2.052675936168844544e+02,4.000000000000000000e+01,1.268840000000000078e-06,0.000000000000000000e+00
3.107688737340967009e+02,2.052672061262659042e+02,4.000000000000000000e+01,1.279665999999999913e-06,0.000000000000000000e+00
3.111963399501203753e+02,2.052667786600498800e+02,4.000000000000000000e+01,1.137436000000000048e-06,0.000000000000000000e+00
3.116399674286123513e+02,2.052663350325713907e+02,4.000000000000000000e+01,1.236010999999999989e-06,0.000000000000000000e+00
3.120351859050097687e+02,2.052659398140949918e+02,4.000000000000000000e+01,1.302993000000000079e-06,0.000000000000000000e+00
3.124582805290640977e+02,2.052655167194709520e+02,4.000000000000000000e+01,1.311506000000000018e-06,0.000000000000000000e+00
3.128454937100750044e+02,2.052651295062899237e+02,4.000000000000000000e+01,1.344130999999999981e-06,0.000000000000000000e+00
3.132885408354537731e+02,2.052646864591645510e+02,4.000000000000000000e+01,1.351086999999999927e-06,0.000000000000000000e+00
3.136947285815955411e+02,2.052642802714184143e+02,4.000000000000000000e+01,1.312728000000000080e-06,0.000000000000000000e+00
3.141076696178253087e+02,2.052638673303821690e+02,4.000000000000000000e+01,1.359062000000000050e-06,0.000000000000000000e+00
3.145515138844552325e+02,2.052634234861155562e+02,4.000000000000000000e+01,1.398482999999999990e-06,0.000000000000000000e+00
3.149556579855909035e+02,2.052630193420144167e+02,4.000000000000000000e+01,1.398336999999999983e-06,0.000000000000000000e+00
3.153659951461817741e+02,2.052626090048538288e+02,4.000000000000000000e+01,1.351930999999999932e-06,0.000000000000000000e+00
3.157818206547035516e+02,2.052621931793453030e+02,4.000000000000000000e+01,1.311477000000000064e-06,0.000000000000000000e+00
3.161896964542165165e+02,2.052617853035457927e+02,4.000000000000000000e+01,1.330700000000000024e-06,0.000000000000000000e+00
3.166268746868962012e+02,2.052613481253131056e+02,4.000000000000000000e+01,1.400287000000000024e-06,0.000000000000000000e+00
3.170419718447836885e+02,2.052609330281552218e+02,4.000000000000000000e+01,1.340697000000000057e-06,0.000000000000000000e+00
3.174434484353380412e+02,2.052605315515646680e+02,4.000000000000000000e+01,1.365799000000000092e-06,0.000000000000000000e+00
3.178864995907548519e+02,2.052600885004092390e+02,4.000000000000000000e+01,1.346911000000000063e-06,0.000000000000000000e+00
3.183014882773610452e+02,2.052596735117226388e+02,4.000000000000000000e+01,1.262233000000000024e-06,0.000000000000000000e+00
3.187232617046194036e+02,2.052592517382953758e+02,4.000000000000000000e+01,1.176944000000000060e-06,0.000000000000000000e+00
3.191408981170483230e+02,2.052588341018829681e+02,4.000000000000000000e+01,1.208697000000000093e-06,0.000000000000000000e+00
3.195618787317835086e+02,2.052584131212682053e+02,4.000000000000000000e+01,1.221749999999999992e-06,0.000000000000000000e+00
3.199909009574299148e+02,2.052579840990425737e+02,4.000000000000000000e+01,1.180801000000000013e-06,0.000000000000000000e+00
3.204342224003392516e+02,2.052575407775996723e+02,4.000000000000000000e+01,1.262510000000000047e-06,0.000000000000000000e+00
3.208316299266970191e+02,2.052571433700732939e+02,4.000000000000000000e+01,1.384701999999999901e-06,0.000000000000000000e+00
3.212385394059972441e+02,2.052567364605939986e+02,4.000000000000000000e+01,1.379100000000000061e-06,0.000000000000000000e+00
3.216704841916244959e+02,2.052563045158083810e+02,4.000000000000000000e+01,1.323103999999999987e-06,0.000000000000000000e+00
3.220784264925940192e+02,2.052558965735074139e+02,4.000000000000000000e+01,1.281659999999999897e-06,0.000000000000000000e+00
3.225093295857731732e+02,2.052554656704142246e+02,4.000000000000000000e+01,1.318155999999999988e-06,0.000000000000000000e+00
3.229090105832677295e+02,2.052550659894167211e+02,4.000000000000000000e+01,1.193838999999999921e-06,0.000000000000000000e+00
3.233147192620669443e+02,2.052546602807379372e+02,4.000000000000000000e+01,1.185936999999999908e-06,0.000000000000000000e+00
3.237565825247771727e+02,2.052542184174752151e+02,4.000000000000000000e+01,1.166844999999999964e-06,0.000000000000000000e+00
3.241420298844093963e+02,2.052538329701155817e+02,4.000000000000000000e+01,1.232722000000000045e-06,0.000000000000000000e+00
3.245668549231656357e+02,2.052534081450768326e+02,4.000000000000000000e+01,1.243213999999999978e-06,0.000000000000000000e+00
3.249766316070718517e+02,2.052529983683929231e+02,4.000000000000000000e+01,1.145671999999999964e-06,0.000000000000000000e+00
3.254029615172117360e+02,2.052525720384827821e+02,4.000000000000000000e+01,1.164312999999999952e-06,0.000000000000000000e+00
3.258195022015960944e+02,2.052521554977984124e+02,4.000000000000000000e+01,1.317589000000000007e-06,0.000000000000000000e+00
3.262249404136549060e+02,2.052517500595863567e+02,4.000000000000000000e+01,1.256935999999999920e-06,0.000000000000000000e+00
3.266581249273476715e+02,2.052513168750726607e+02,4.000000000000000000e+01,1.227308999999999916e-06,0.000000000000000000e+00
3.270888024081021968e+02,2.052508861975919103e+02,4.000000000000000000e+01,1.261375000000000057e-06,0.000000000000000000e+00
3.275216389394697103e+02,2.052504533610605222e+02,4.000000000000000000e+01,1.251887000000000098e-06,0.000000000000000000e+00
3.279275533317409099e+02,2.052500474466682476e+02,4.000000000000000000e+01,1.269436000000000012e-06,0.000000000000000000e+00
3.283268410485302979e+02,2.052496481589514588e+02,4.000000000000000000e+01,1.236142000000000006e-06,0.000000000000000000e+00
3.287698861153519942e+02,2.052492051138846421e+02,4.000000000000000000e+01,1.272783000000000075e-06,0.000000000000000000e+00
3.291967177410539875e+02,2.052487782822589395e+02,4.000000000000000000e+01,1.231601000000000018e-06,0.000000000000000000e+00
3.296051214243889831e+02,2.052483698785756019e+02,4.000000000000000000e+01,1.144565999999999927e-06,0.000000000000000000e+00
3.300360188935395058e+02,2.052479389811064721e+02,4.000000000000000000e+01,1.312597000000000064e-06,0.000000000000000000e+00
3.304383631441589841e+02,2.052475366368558412e+02,4.000000000000000000e+01,1.256398000000000104e-06,0.000000000000000000e+00
3.308470686203514788e+02,2.052471279313796515e+02,4.000000000000000000e+01,1.234875999999999999e-06,0.000000000000000000e+00
3.312613488487045856e+02,2.052467136511513104e+02,4.000000000000000000e+01,1.277906000000000035e-06,0.000000000000000000e+00
3.316682663619014306e+02,2.052463067336381073e+02,4.000000000000000000e+01,1.297419999999999980e-06,0.000000000000000000e+00
3.320906949072619909e+02,2.052458843050927442e+02,4.000000000000000000e+01,1.361636999999999979e-06,0.000000000000000000e+00
3.325078269268572058e+02,2.052454671730731377e+02,4.000000000000000000e+01,1.362452000000000029e-06,0.000000000000000000e+00
3.329315712442748350e+02,2.052450434287557357e+02,4.000000000000000000e+01,1.342429000000000010e-06,0.000000000000000000e+00
3.333455110112554962e+02,2.052446294889887497e+02,4.000000000000000000e+01,1.329782999999999911e-06,0.000000000000000000e+00
3.337545118066157670e+02,2.052442204881933776e+02,4.000000000000000000e+01,1.311491000000000027e-06,0.000000000000000000e+00
3.341845890273470445e+02,2.052437904109726503e+02,4.000000000000000000e+01,1.328487999999999951e-06,0.000000000000000000e+00
3.345765357679278509e+02,2.052433984642320866e+02,4.000000000000000000e+01,1.313732000000000054e-06,0.000000000000000000e+00
3.350232122382945477e+02,2.052429517877617116e+02,4.000000000000000000e+01,1.306164999999999970e-06,0.000000000000000000e+00
3.354436351505513016e+02,2.052425313648494409e+02,4.000000000000000000e+01,1.363339999999999978e-06,0.000000000000000000e+00
3.358308468375433904e+02,2.052421441531624566e+02,4.000000000000000000e+01,1.227949000000000006e-06,0.000000000000000000e+00
3.362470499846024268e+02,2.052417279500153882e+02,4.000000000000000000e+01,1.282881999999999960e-06,0.000000000000000000e+00
3.366952483007705155e+02,2.052412797516992384e+02,4.000000000000000000e+01,1.406864999999999912e-06,0.000000000000000000e+00
3.370944945725190678e+02,2.052408805054274694e+02,4.000000000000000000e+01,1.355612999999999924e-06,0.000000000000000000e+00
3.375182337345833616e+02,2.052404567662654244e+02,4.000000000000000000e+01,1.341453999999999989e-06,0.000000000000000000e+00
3.379635858435603382e+02,2.052400114141564416e+02,4.000000000000000000e+01,1.378095000000000059e-06,0.000000000000000000e+00
3.383510742832909273e+02,2.052396239257166997e+02,4.000000000000000000e+01,1.315610000000000013e-06,0.000000000000000000e+00
3.387666179065390679e+02,2.052392083820934658e+02,4.000000000000000000e+01,1.399720000000000043e-06,0.000000000000000000e+00
3.391940486974626197e+02,2.052387809513025445e+02,4.000000000000000000e+01,1.171064999999999985e-06,0.000000000000000000e+00
3.396371949637404555e+02,2.052383378050362523e+02,4.000000000000000000e+01,1.274165999999999923e-06,0.000000000000000000e+00
3.400781269587092197e+02,2.052378968730412794e+02,4.000000000000000000e+01,1.311360000000000011e-06,0.000000000000000000e+00
3.404633431883932531e+02,2.052375116568116198e+02,4.000000000000000000e+01,1.328270000000000075e-06,0.000000000000000000e+00
3.408979672234739269e+02,2.052370770327765399e+02,4.000000000000000000e+01,1.469073999999999963e-06,0.000000000000000000e+00
3.413069176259542132e+02,2.052366680823740523e+02,4.000000000000000000e+01,1.459994000000000044e-06,0.000000000000000000e+00
3.417096867194379115e+02,2.052362653132805690e+02,4.000000000000000000e+01,1.283041999999999929e-06,0.000000000000000000e+00
3.421403622077161799e+02,2.052358346377922942e+02,4.000000000000000000e+01,1.431776999999999997e-06,0.000000000000000000e+00
3.425485319112576121e+02,2.052354264680887468e+02,4.000000000000000000e+01,1.194638999999999981e-06,0.000000000000000000e+00
3.429748646369973812e+02,2.052350001353630091e+02,4.000000000000000000e+01,1.250154999999999934e-06,0.000000000000000000e+00
3.433623623823786488e+02,2.052346126376176301e+02,4.000000000000000000e+01,1.358174000000000102e-06,0.000000000000000000e+00
3.437773481757938612e+02,2.052341976518242177e+02,4.000000000000000000e+01,1.408611000000000039e-06,0.000000000000000000e+00
3.442238570190839368e+02,2.052337511429809069e+02,4.000000000000000000e+01,1.223058999999999914e-06,0.000000000000000000e+00
3.446225986707697757e+02,2.052333524013292276e+02,4.000000000000000000e+01,1.422201999999999966e-06,0.000000000000000000e+00
3.450653111543883256e+02,2.052329096888456093e+02,4.000000000000000000e+01,1.333871999999999915e-06,0.000000000000000000e+00
3.454507585140204924e+02,2.052325242414859758e+02,4.000000000000000000e+01,1.413194999999999943e-06,0.000000000000000000e+00
3.458834196941182881e+02,2.052320915803058767e+02,4.000000000000000000e+01,1.403458999999999915e-06,0.000000000000000000e+00
3.462986893270071960e+02,2.052316763106729809e+02,4.000000000000000000e+01,1.454565999999999924e-06,0.000000000000000000e+00
3.467207394209624454e+02,2.052312542605790497e+02,4.000000000000000000e+01,1.498337999999999900e-06,0.000000000000000000e+00
3.471286845126870730e+02,2.052308463154873266e+02,4.000000000000000000e+01,1.445615999999999993e-06,0.000000000000000000e+00
3.475655491800853838e+02,2.052304094508199057e+02,4.000000000000000000e+01,1.472115000000000050e-06,0.000000000000000000e+00
3.480129932883693868e+02,2.052299620067116450e+02,4.000000000000000000e+01,1.461346999999999910e-06,0.000000000000000000e+00
3.483979826335877874e+02,2.052295770173664096e+02,4.000000000000000000e+01,1.392662000000000033e-06,0.000000000000000000e+00
3.488183569496646896e+02,2.052291566430503451e+02,4.000000000000000000e+01,1.349559000000000101e-06,0.000000000000000000e+00
3.492363762295331071e+02,2.052287386237704823e+02,4.000000000000000000e+01,1.367632999999999896e-06,0.000000000000000000e+00
3.496529200827005184e+02,2.052283220799172909e+02,4.000000000000000000e+01,1.365843000000000037e-06,0.000000000000000000e+00
3.500749994404806102e+02,2.052279000005595151e+02,4.000000000000000000e+01,1.432097999999999964e-06,0.000000000000000000e+00
3.505062424351726236e+02,2.052274687575648215e+02,4.000000000000000000e+01,1.374224999999999959e-06,0.000000000000000000e+00
3.509136191030534633e+02,2.052270613808969415e+02,4.000000000000000000e+01,1.424457999999999983e-06,0.000000000000000000e+00
3.513287234963499941e+02,2.052266462765036579e+02,4.000000000000000000e+01,1.392094000000000025e-06,1.000000000000000000e+00
3.517520184598035371e+02,2.052262229815401895e+02,4.000000000000000000e+01,1.237204000000000098e-06,1.000000000000000000e+00
3.521509589847328243e+02,2.052258240410152723e+02,4.000000000000000000e+01,9.318754999999999855e-07,1.000000000000000000e+00
3.525910945003469692e+02,2.052253839054996547e+02,4.000000000000000000e+01,6.969931000000000183e-07,1.000000000000000000e+00
3.529765384138274840e+02,2.052249984615861820e+02,4.000000000000000000e+01,1.252715999999999900e-06,1.000000000000000000e+00
3.534143793633206769e+02,2.052245606206366801e+02,4.000000000000000000e+01,1.179592999999999914e-06,1.000000000000000000e+00
3.538216779426990115e+02,2.052241533220573046e+02,4.000000000000000000e+01,1.216336000000000046e-06,1.000000000000000000e+00
3.542233367500163013e+02,2.052237516632499990e+02,4.000000000000000000e+01,1.209190999999999965e-06,1.000000000000000000e+00
3.546542396408665923e+02,2.052233207603591438e+02,4.000000000000000000e+01,1.339591000000000021e-06,1.000000000000000000e+00
3.550780437612818332e+02,2.052228969562387135e+02,4.000000000000000000e+01,1.314095999999999937e-06,1.000000000000000000e+00
3.554918326524770009e+02,2.052224831673475194e+02,4.000000000000000000e+01,1.388368999999999904e-06,1.000000000000000000e+00
3.559071022853660224e+02,2.052220678977146235e+02,4.000000000000000000e+01,1.423876000000000011e-06,1.000000000000000000e+00
3.563319408679057005e+02,2.052216430591321057e+02,4.000000000000000000e+01,1.345818999999999989e-06,1.000000000000000000e+00
3.567173835131853252e+02,2.052212576164868096e+02,4.000000000000000000e+01,1.365988000000000016e-06,1.000000000000000000e+00
3.571626143333572259e+02,2.052208123856666475e+02,4.000000000000000000e+01,1.431908000000000013e-06,1.000000000000000000e+00
3.576014583266102704e+02,2.052203735416733821e+02,4.000000000000000000e+01,1.443258999999999940e-06,1.000000000000000000e+00
3.580094144882026512e+02,2.052199655855118010e+02,4.000000000000000000e+01,1.477688999999999965e-06,1.000000000000000000e+00
3.584270478458398657e+02,2.052195479521541586e+02,4.000000000000000000e+01,1.467997000000000092e-06,1.000000000000000000e+00
3.588425954165451799e+02,2.052191324045834619e+02,4.000000000000000000e+01,1.476684999999999991e-06,1.000000000000000000e+00
3.592820731582337430e+02,2.052186929268417543e+02,4.000000000000000000e+01,1.456749000000000043e-06,1.000000000000000000e+00
3.597060661733343068e+02,2.052182689338266641e+02,4.000000000000000000e+01,1.446780999999999964e-06,0.000000000000000000e+00
3.601292185424038621e+02,2.052178457814576120e+02,4.000000000000000000e+01,1.533539000000000031e-06,0.000000000000000000e+00
3.605290568778626152e+02,2.052174459431221294e+02,4.000000000000000000e+01,1.573746000000000069e-06,0.000000000000000000e+00
3.609756057338245796e+02,2.052169993942661677e+02,4.000000000000000000e+01,1.535751000000000104e-06,0.000000000000000000e+00
3.613630968526520064e+02,2.052166119031473386e+02,4.000000000000000000e+01,1.479304000000000076e-06,0.000000000000000000e+00
3.617783731120948119e+02,2.052161966268879212e+02,4.000000000000000000e+01,1.415566999999999986e-06,0.000000000000000000e+00
3.621868948759541809e+02,2.052157881051240622e+02,4.000000000000000000e+01,1.288557999999999937e-06,0.000000000000000000e+00
3.626118320418121357e+02,2.052153631679582020e+02,4.000000000000000000e+01,1.345687999999999973e-06,0.000000000000000000e+00
3.630195519378904123e+02,2.052149554480621134e+02,4.000000000000000000e+01,1.440464999999999896e-06,0.000000000000000000e+00
3.634391604527261279e+02,2.052145358395472670e+02,4.000000000000000000e+01,1.211680000000000061e-06,0.000000000000000000e+00
3.638547146499853966e+02,2.052141202853500204e+02,4.000000000000000000e+01,1.575347000000000005e-06,0.000000000000000000e+00
3.642443628173269872e+02,2.052137306371826639e+02,4.000000000000000000e+01,1.567969000000000056e-06,0.000000000000000000e+00
3.646919742423664275e+02,2.052132830257576472e+02,4.000000000000000000e+01,1.617227000000000059e-06,0.000000000000000000e+00
3.650964293914876180e+02,2.052128785706085239e+02,4.000000000000000000e+01,1.637919999999999939e-06,0.000000000000000000e+00
3.655149586487904685e+02,2.052124600413512212e+02,4.000000000000000000e+01,1.687382000000000068e-06,0.000000000000000000e+00
3.659596751419408065e+02,2.052120153248580721e+02,4.000000000000000000e+01,1.628737999999999956e-06,0.000000000000000000e+00
3.663624440354016087e+02,2.052116125559645923e+02,4.000000000000000000e+01,1.686960000000000066e-06,0.000000000000000000e+00
3.667624292671031299e+02,2.052112125707328971e+02,4.000000000000000000e+01,1.699765999999999922e-06,0.000000000000000000e+00
3.671910722421981745e+02,2.052107839277578023e+02,4.000000000000000000e+01,1.706124999999999907e-06,0.000000000000000000e+00
3.676344198740458182e+02,2.052103405801259441e+02,4.000000000000000000e+01,1.648019000000000035e-06,0.000000000000000000e+00
3.680695100457238027e+02,2.052099054899542807e+02,4.000000000000000000e+01,1.745778999999999926e-06,0.000000000000000000e+00
3.684574085145160893e+02,2.052095175914854792e+02,4.000000000000000000e+01,1.774969999999999965e-06,0.000000000000000000e+00
3.688957202862595182e+02,2.052090792797137340e+02,4.000000000000000000e+01,1.770430000000000005e-06,0.000000000000000000e+00
3.693051384374627446e+02,2.052086698615625266e+02,4.000000000000000000e+01,1.689884999999999915e-06,0.000000000000000000e+00
3.697080779787464735e+02,2.052082669220212665e+02,4.000000000000000000e+01,1.739826999999999953e-06,0.000000000000000000e+00
3.701392091813233378e+02,2.052078357908186774e+02,4.000000000000000000e+01,1.769439999999999994e-06,0.000000000000000000e+00
3.705638474094984645e+02,2.052074111525905096e+02,4.000000000000000000e+01,1.758191999999999945e-06,0.000000000000000000e+00
3.709726215622763448e+02,2.052070023784377213e+02,4.000000000000000000e+01,1.738241000000000007e-06,1.000000000000000000e+00
3.713884434011873736e+02,2.052065865565988076e+02,4.000000000000000000e+01,1.722961000000000045e-06,1.000000000000000000e+00
3.717759381896254922e+02,2.052061990618103664e+02,4.000000000000000000e+01,1.649182999999999978e-06,1.000000000000000000e+00
3.722223379202748106e+02,2.052057526620797319e+02,4.000000000000000000e+01,1.712557000000000000e-06,1.000000000000000000e+00
3.726210773072519942e+02,2.052053539226927512e+02,4.000000000000000000e+01,1.382809999999999979e-06,1.000000000000000000e+00
3.730450721354961843e+02,2.052049299278644980e+02,4.000000000000000000e+01,1.603548000000000033e-06,1.000000000000000000e+00
3.734934009361995209e+02,2.052044815990637971e+02,4.000000000000000000e+01,1.652136999999999993e-06,1.000000000000000000e+00
3.738930566897275298e+02,2.052040819433102854e+02,4.000000000000000000e+01,1.685519000000000099e-06,1.000000000000000000e+00
3.742964450212044198e+02,2.052036785549788078e+02,4.000000000000000000e+01,1.709762999999999956e-06,1.000000000000000000e+00
3.747186713625815742e+02,2.052032563286374227e+02,4.000000000000000000e+01,1.656910000000000032e-06,1.000000000000000000e+00
3.751268464878228883e+02,2.052028481535121784e+02,4.000000000000000000e+01,1.811728000000000088e-06,1.000000000000000000e+00
3.755635244543047975e+02,2.052024114755456878e+02,4.000000000000000000e+01,1.824345000000000022e-06,1.000000000000000000e+00
3.759659245039143798e+02,2.052020090754960790e+02,4.000000000000000000e+01,1.878827000000000020e-06,1.000000000000000000e+00
3.763738995414424267e+02,2.052016011004585607e+02,4.000000000000000000e+01,1.798340000000000048e-06,1.000000000000000000e+00
3.768166697505765228e+02,2.052011583302494273e+02,4.000000000000000000e+01,1.656372000000000004e-06,1.000000000000000000e+00
3.772156165935114132e+02,2.052007593834064778e+02,4.000000000000000000e+01,1.249703999999999978e-06,1.000000000000000000e+00
3.776324817996612637e+02,2.052003425182003298e+02,4.000000000000000000e+01,1.121690999999999956e-06,1.000000000000000000e+00
3.780740700013012656e+02,2.051999009299987051e+02,4.000000000000000000e+01,6.733752999999999562e-07,1.000000000000000000e+00
3.785051986883823929e+02,2.051994698013116079e+02,4.000000000000000000e+01,5.070614999999999774e-07,1.000000000000000000e+00
3.789044608449628981e+02,2.051990705391550307e+02,4.000000000000000000e+01,3.742170999999999873e-07,1.000000000000000000e+00
3.793091147348052914e+02,2.051986658852651999e+02,4.000000000000000000e+01,3.383319999999999885e-07,1.000000000000000000e+00
3.797521967317922531e+02,2.051982228032682087e+02,4.000000000000000000e+01,5.754990999999999496e-07,1.000000000000000000e+00
3.801759354064885201e+02,2.051977990645935108e+02,4.000000000000000000e+01,7.096096000000000440e-07,1.000000000000000000e+00
3.806041076983022435e+02,2.051973708923017057e+02,4.000000000000000000e+01,1.591324999999999964e-06,1.000000000000000000e+00
3.810215226596113780e+02,2.051969534773404007e+02,4.000000000000000000e+01,1.543944000000000104e-06,0.000000000000000000e+00
3.814415691764518783e+02,2.051965334308235640e+02,4.000000000000000000e+01,1.700769999999999896e-06,0.000000000000000000e+00
3.818287823574627851e+02,2.051961462176425357e+02,4.000000000000000000e+01,1.697655999999999912e-06,0.000000000000000000e+00
3.822455936013880091e+02,2.051957294063986126e+02,4.000000000000000000e+01,1.705630000000000007e-06,0.000000000000000000e+00
3.826619966984076200e+02,2.051953130033016066e+02,4.000000000000000000e+01,1.710504999999999897e-06,0.000000000000000000e+00
3.830848900119272571e+02,2.051948901099880800e+02,4.000000000000000000e+01,1.709456999999999979e-06,0.000000000000000000e+00
3.834921251654459979e+02,2.051944828748345628e+02,4.000000000000000000e+01,1.747888999999999936e-06,0.000000000000000000e+00
3.839067939927904831e+02,2.051940682060072163e+02,4.000000000000000000e+01,1.767766999999999977e-06,0.000000000000000000e+00
3.843432969584978878e+02,2.051936317030415182e+02,4.000000000000000000e+01,1.756517999999999900e-06,0.000000000000000000e+00
3.847279040324439734e+02,2.051932470959675641e+02,4.000000000000000000e+01,1.677034999999999902e-06,0.000000000000000000e+00
3.851596624881319144e+02,2.051928153375118598e+02,4.000000000000000000e+01,1.775507999999999993e-06,0.000000000000000000e+00
3.855987726364641617e+02,2.051923762273635248e+02,4.000000000000000000e+01,1.734079000000000105e-06,0.000000000000000000e+00
3.860064983782611421e+02,2.051919685016217443e+02,4.000000000000000000e+01,1.749664000000000016e-06,0.000000000000000000e+00
3.864232121334852650e+02,2.051915517878665298e+02,4.000000000000000000e+01,1.690262999999999973e-06,0.000000000000000000e+00
3.868387573515690860e+02,2.051911362426484402e+02,4.000000000000000000e+01,1.623019000000000062e-06,0.000000000000000000e+00
3.872760239156835382e+02,2.051906989760843203e+02,4.000000000000000000e+01,1.640132000000000012e-06,0.000000000000000000e+00
3.876689712003268937e+02,2.051903060287996823e+02,4.000000000000000000e+01,1.554145000000000051e-06,0.000000000000000000e+00
3.881034729500552771e+02,2.051898715270499451e+02,4.000000000000000000e+01,1.553605999999999995e-06,0.000000000000000000e+00
3.885373081463810649e+02,2.051894376918536125e+02,4.000000000000000000e+01,1.583656000000000030e-06,0.000000000000000000e+00
3.889420961610027803e+02,2.051890329038390064e+02,4.000000000000000000e+01,1.606502000000000048e-06,0.000000000000000000e+00
3.893722764471068558e+02,2.051886027235528900e+02,4.000000000000000000e+01,1.591849000000000029e-06,0.000000000000000000e+00
3.897880953290746788e+02,2.051881869046709141e+02,4.000000000000000000e+01,1.606967999999999994e-06,0.000000000000000000e+00
3.901943986577341548e+02,2.051877806013422685e+02,4.000000000000000000e+01,1.568667000000000053e-06,0.000000000000000000e+00
3.906195178415000555e+02,2.051873554821584946e+02,4.000000000000000000e+01,1.546969999999999988e-06,0.000000000000000000e+00
3.910432638259500209e+02,2.051869317361740457e+02,4.000000000000000000e+01,1.520704000000000010e-06,0.000000000000000000e+00
3.914470467123525168e+02,2.051865279532876514e+02,4.000000000000000000e+01,1.446066999999999948e-06,0.000000000000000000e+00
3.918654928657649066e+02,2.051861095071342334e+02,4.000000000000000000e+01,1.501422999999999931e-06,0.000000000000000000e+00
3.922858969559748630e+02,2.051856891030440408e+02,4.000000000000000000e+01,1.489476000000000069e-06,0.000000000000000000e+00
3.926882341200887936e+02,2.051852867658799084e+02,4.000000000000000000e+01,1.501074000000000038e-06,0.000000000000000000e+00
3.931189943115311962e+02,2.051848560056884594e+02,4.000000000000000000e+01,1.536449000000000102e-06,0.000000000000000000e+00
3.935401631457368126e+02,2.051844348368542796e+02,4.000000000000000000e+01,1.496708000000000011e-06,0.000000000000000000e+00
3.939410372709924104e+02,2.051840339627290177e+02,4.000000000000000000e+01,1.468157000000000062e-06,0.000000000000000000e+00
3.943599348837612979e+02,2.051836150651162427e+02,4.000000000000000000e+01,1.393331000000000077e-06,0.000000000000000000e+00
3.947451571199305818e+02,2.051832298428800812e+02,4.000000000000000000e+01,1.380889000000000104e-06,0.000000000000000000e+00
3.951934164040172277e+02,2.051827815835959825e+02,4.000000000000000000e+01,1.418956999999999965e-06,0.000000000000000000e+00
3.956294579479950357e+02,2.051823455420520190e+02,4.000000000000000000e+01,1.446619999999999966e-06,0.000000000000000000e+00
3.960255324568975084e+02,2.051819494675430917e+02,4.000000000000000000e+01,1.455074999999999998e-06,0.000000000000000000e+00
3.964467540573064639e+02,2.051815282459427010e+02,4.000000000000000000e+01,1.400606999999999963e-06,0.000000000000000000e+00
3.968648353851492061e+02,2.051811101646148643e+02,4.000000000000000000e+01,1.439388000000000024e-06,0.000000000000000000e+00
3.972753083918986476e+02,2.051806996916081118e+02,4.000000000000000000e+01,1.400433000000000031e-06,0.000000000000000000e+00
3.976995515503709271e+02,2.051802754484496347e+02,4.000000000000000000e+01,1.376901999999999950e-06,0.000000000000000000e+00
3.981350436920408242e+02,2.051798399563079727e+02,4.000000000000000000e+01,1.435182999999999994e-06,0.000000000000000000e+00
3.985452224631793570e+02,2.051794297775368250e+02,4.000000000000000000e+01,1.448060999999999933e-06,0.000000000000000000e+00
3.989587370828760982e+02,2.051790162629171164e+02,4.000000000000000000e+01,1.424864999999999994e-06,0.000000000000000000e+00
3.993977573090890019e+02,2.051785772426909205e+02,4.000000000000000000e+01,1.485532000000000044e-06,0.000000000000000000e+00
3.998093762648608163e+02,2.051781656237351399e+02,4.000000000000000000e+01,1.485138999999999995e-06,0.000000000000000000e+00
4.002426869648608090e+02,2.051777323130351363e+02,4.000000000000000000e+01,1.442881000000000094e-06,0.000000000000000000e+00
4.006595197566745128e+02,2.051773154802433226e+02,4.000000000000000000e+01,1.372900000000000018e-06,0.000000000000000000e+00
4.010819695899026556e+02,2.051768930304100991e+02,4.000000000000000000e+01,1.429434999999999935e-06,0.000000000000000000e+00
4.015013910534350998e+02,2.051764736089465657e+02,4.000000000000000000e+01,1.532288000000000016e-06,0.000000000000000000e+00
4.019089829676859722e+02,2.051760660170323263e+02,4.000000000000000000e+01,1.517430000000000056e-06,0.000000000000000000e+00
4.023236260903170205e+02,2.051756513739096874e+02,4.000000000000000000e+01,1.522247000000000039e-06,0.000000000000000000e+00
4.027063484340894206e+02,2.051752686515659150e+02,4.000000000000000000e+01,1.512831999999999977e-06,0.000000000000000000e+00
4.031463613807580941e+02,2.051748286386192319e+02,4.000000000000000000e+01,1.586522999999999972e-06,0.000000000000000000e+00
4.035794587873244836e+02,2.051743955412126752e+02,4.000000000000000000e+01,1.507185999999999981e-06,0.000000000000000000e+00
4.039690966711992246e+02,2.051740059033288048e+02,4.000000000000000000e+01,1.546068000000000077e-06,0.000000000000000000e+00
4.043945235719775724e+02,2.051735804764280147e+02,4.000000000000000000e+01,1.590146000000000030e-06,0.000000000000000000e+00
4.047822917726887795e+02,2.051731927082273046e+02,4.000000000000000000e+01,1.584513999999999997e-06,0.000000000000000000e+00
4.052280509363296233e+02,2.051727469490636793e+02,4.000000000000000000e+01,1.552776999999999982e-06,0.000000000000000000e+00
4.056520439514300733e+02,2.051723229560485606e+02,4.000000000000000000e+01,1.557985999999999986e-06,0.000000000000000000e+00
4.060507921906533966e+02,2.051719242078093544e+02,4.000000000000000000e+01,1.493710000000000052e-06,0.000000000000000000e+00
4.064994774512298932e+02,2.051714755225487750e+02,4.000000000000000000e+01,1.556269000000000024e-06,0.000000000000000000e+00
4.069058880569837129e+02,2.051710691119430123e+02,4.000000000000000000e+01,1.640641000000000086e-06,0.000000000000000000e+00
4.073433099477828137e+02,2.051706316900522324e+02,4.000000000000000000e+01,1.717401999999999909e-06,0.000000000000000000e+00
4.077570194708536064e+02,2.051702179805291451e+02,4.000000000000000000e+01,1.765074999999999995e-06,0.000000000000000000e+00
4.081567117954101036e+02,2.051698182882045955e+02,4.000000000000000000e+01,1.778549999999999895e-06,0.000000000000000000e+00
4.085960943014530926e+02,2.051693789056985509e+02,4.000000000000000000e+01,1.746753999999999946e-06,0.000000000000000000e+00
4.090270005300253615e+02,2.051689479994699639e+02,4.000000000000000000e+01,1.768116000000000081e-06,0.000000000000000000e+00
4.094284429227796522e+02,2.051685465570772351e+02,4.000000000000000000e+01,1.718682999999999906e-06,0.000000000000000000e+00
4.098486572099557179e+02,2.051681263427900603e+02,4.000000000000000000e+01,1.740584000000000096e-06,0.000000000000000000e+00
4.102627783048259857e+02,2.051677122216951830e+02,4.000000000000000000e+01,1.757303999999999997e-06,0.000000000000000000e+00
4.106697917407993259e+02,2.051673052082591937e+02,4.000000000000000000e+01,1.689578999999999938e-06,0.000000000000000000e+00
4.111006946316496737e+02,2.051668743053683386e+02,4.000000000000000000e+01,1.587948999999999948e-06,0.000000000000000000e+00
4.115086371199305404e+02,2.051664663628800724e+02,4.000000000000000000e+01,1.779539000000000090e-06,0.000000000000000000e+00
4.119263884369285051e+02,2.051660486115630704e+02,4.000000000000000000e+01,1.658875000000000063e-06,0.000000000000000000e+00
4.123435939522546505e+02,2.051656314060477371e+02,4.000000000000000000e+01,1.762659000000000008e-06,0.000000000000000000e+00
4.127439368549618166e+02,2.051652310631450291e+02,4.000000000000000000e+01,1.779990000000000046e-06,0.000000000000000000e+00
4.131751634187070295e+02,2.051647998365812953e+02,4.000000000000000000e+01,1.727865000000000100e-06,0.000000000000000000e+00
4.135831093390007140e+02,2.051643918906609940e+02,4.000000000000000000e+01,1.719163000000000027e-06,0.000000000000000000e+00
4.140140089143353066e+02,2.051639609910856734e+02,4.000000000000000000e+01,1.735620999999999895e-06,0.000000000000000000e+00
4.144326759148621022e+02,2.051635423240851424e+02,4.000000000000000000e+01,1.769527000000000066e-06,0.000000000000000000e+00
4.148201670336893585e+02,2.051631548329663133e+02,4.000000000000000000e+01,1.822467000000000063e-06,0.000000000000000000e+00
4.152491674788925025e+02,2.051627258325211187e+02,4.000000000000000000e+01,1.789856000000000063e-06,0.000000000000000000e+00
4.156798815180430324e+02,2.051622951184819499e+02,4.000000000000000000e+01,1.815541000000000097e-06,0.000000000000000000e+00
4.160880570323140546e+02,2.051618869429676977e+02,4.000000000000000000e+01,1.826759999999999981e-06,0.000000000000000000e+00
4.165187360326169141e+02,2.051614562639673807e+02,4.000000000000000000e+01,1.859690999999999920e-06,0.000000000000000000e+00
4.169381643511450761e+02,2.051610368356488436e+02,4.000000000000000000e+01,1.909677000000000114e-06,0.000000000000000000e+00
4.173259317687596877e+02,2.051606490682312369e+02,4.000000000000000000e+01,1.961248999999999829e-06,0.000000000000000000e+00
4.177428011814968158e+02,2.051602321988185054e+02,4.000000000000000000e+01,2.046639999999999856e-06,0.000000000000000000e+00
4.181845694675891423e+02,2.051597904305324107e+02,4.000000000000000000e+01,2.060129000000000143e-06,0.000000000000000000e+00
4.186152424566273567e+02,2.051593597575433705e+02,4.000000000000000000e+01,2.020111000000000029e-06,0.000000000000000000e+00
4.190505066342232112e+02,2.051589244933657881e+02,4.000000000000000000e+01,2.008614999999999911e-06,0.000000000000000000e+00
4.194540945738451114e+02,2.051585209054261441e+02,4.000000000000000000e+01,2.052503999999999941e-06,0.000000000000000000e+00
4.198872167620865525e+02,2.051580877832379031e+02,4.000000000000000000e+01,2.086191999999999812e-06,0.000000000000000000e+00
4.202999279422093082e+02,2.051576750720577991e+02,4.000000000000000000e+01,2.090208000000000131e-06,0.000000000000000000e+00
4.207334598783368165e+02,2.051572415401216745e+02,4.000000000000000000e+01,2.130721000000000144e-06,0.000000000000000000e+00
4.211322021536772695e+02,2.051568427978463376e+02,4.000000000000000000e+01,2.160450000000000211e-06,0.000000000000000000e+00
4.215674507876426560e+02,2.051564075492123607e+02,4.000000000000000000e+01,2.155531999999999982e-06,0.000000000000000000e+00
4.219549374441184568e+02,2.051560200625558821e+02,4.000000000000000000e+01,2.132365000000000208e-06,0.000000000000000000e+00
4.223932564455164993e+02,2.051555817435544782e+02,4.000000000000000000e+01,2.110770000000000206e-06,0.000000000000000000e+00
4.227790820572232064e+02,2.051551959179427911e+02,4.000000000000000000e+01,2.020577000000000187e-06,0.000000000000000000e+00
4.231941637562351275e+02,2.051547808362437593e+02,4.000000000000000000e+01,2.031520000000000075e-06,0.000000000000000000e+00
4.236144292123573791e+02,2.051543605707876452e+02,4.000000000000000000e+01,2.059663999999999801e-06,0.000000000000000000e+00
4.240363112536081189e+02,2.051539386887463934e+02,4.000000000000000000e+01,2.148080999999999924e-06,0.000000000000000000e+00
4.244603042687086827e+02,2.051535146957313032e+02,4.000000000000000000e+01,2.110828000000000113e-06,0.000000000000000000e+00
4.248720855274116275e+02,2.051531029144725835e+02,4.000000000000000000e+01,2.082481000000000077e-06,0.000000000000000000e+00
4.252827842339806352e+02,2.051526922157660238e+02,4.000000000000000000e+01,1.954758999999999829e-06,0.000000000000000000e+00
4.256964873805092680e+02,2.051522785126194890e+02,4.000000000000000000e+01,2.009808999999999835e-06,0.000000000000000000e+00
4.261187454903285925e+02,2.051518562545096813e+02,4.000000000000000000e+01,2.060304000000000103e-06,0.000000000000000000e+00
4.265412374302823082e+02,2.051514337625697237e+02,4.000000000000000000e+01,2.155807999999999977e-06,0.000000000000000000e+00
4.269652304453828151e+02,2.051510097695546335e+02,4.000000000000000000e+01,1.886408000000000066e-06,0.000000000000000000e+00
4.273767884886469801e+02,2.051505982115113511e+02,4.000000000000000000e+01,1.864740999999999982e-06,0.000000000000000000e+00
4.277930125897260041e+02,2.051501819874102637e+02,4.000000000000000000e+01,2.005574000000000036e-06,0.000000000000000000e+00
4.282158719264384104e+02,2.051497591280735548e+02,4.000000000000000000e+01,1.995533000000000059e-06,0.000000000000000000e+00
4.286485969370228872e+02,2.051493264030629859e+02,4.000000000000000000e+01,2.042943000000000084e-06,0.000000000000000000e+00
4.290887162889549131e+02,2.051488862837110503e+02,4.000000000000000000e+01,1.990876999999999861e-06,0.000000000000000000e+00
4.294963304048284272e+02,2.051484786695951641e+02,4.000000000000000000e+01,2.045723000000000166e-06,0.000000000000000000e+00
4.299114702319292860e+02,2.051480635297680806e+02,4.000000000000000000e+01,2.026964999999999913e-06,0.000000000000000000e+00
4.303193158386412165e+02,2.051476556841613501e+02,4.000000000000000000e+01,2.050088000000000166e-06,0.000000000000000000e+00
4.307211893873479198e+02,2.051472538106126535e+02,4.000000000000000000e+01,2.048108999999999960e-06,0.000000000000000000e+00
4.311588765151103075e+02,2.051468161234848822e+02,4.000000000000000000e+01,2.052650000000000159e-06,0.000000000000000000e+00
4.315526785057252255e+02,2.051464223214942706e+02,4.000000000000000000e+01,2.060026999999999869e-06,0.000000000000000000e+00
4.320012884214178825e+02,2.051459737115785913e+02,4.000000000000000000e+01,2.042288999999999819e-06,0.000000000000000000e+00
4.324001631241948758e+02,2.051455748368757952e+02,4.000000000000000000e+01,2.052184000000000001e-06,0.000000000000000000e+00
4.328043421231478760e+02,2.051451706578768608e+02,4.000000000000000000e+01,1.990818000000000139e-06,0.000000000000000000e+00
4.332249047310896231e+02,2.051447500952689040e+02,4.000000000000000000e+01,2.083251999999999972e-06,0.000000000000000000e+00
4.336428228964475124e+02,2.051443321771035642e+02,4.000000000000000000e+01,2.064989999999999858e-06,0.000000000000000000e+00
4.340751113237336085e+02,2.051438998886762590e+02,4.000000000000000000e+01,2.070154999999999918e-06,0.000000000000000000e+00
4.345057181090215295e+02,2.051434692818909866e+02,4.000000000000000000e+01,1.983935000000000090e-06,0.000000000000000000e+00
4.348953997275160646e+02,2.051430796002725003e+02,4.000000000000000000e+01,2.021989000000000200e-06,0.000000000000000000e+00
4.353112252360377852e+02,2.051426637747639745e+02,4.000000000000000000e+01,2.087559999999999881e-06,0.000000000000000000e+00
4.357309960243759974e+02,2.051422440039756339e+02,4.000000000000000000e+01,2.009125000000000013e-06,0.000000000000000000e+00
4.361391687460420599e+02,2.051418358312539567e+02,4.000000000000000000e+01,2.101601999999999975e-06,0.000000000000000000e+00
4.365812156335799159e+02,2.051413937843664144e+02,4.000000000000000000e+01,2.101631000000000140e-06,0.000000000000000000e+00
4.370118857001583024e+02,2.051409631142998364e+02,4.000000000000000000e+01,2.001034000000000076e-06,0.000000000000000000e+00
4.374123168606121226e+02,2.051405626831393931e+02,4.000000000000000000e+01,1.953318000000000074e-06,0.000000000000000000e+00
4.378175657264027905e+02,2.051401574342735898e+02,4.000000000000000000e+01,1.904714999999999940e-06,0.000000000000000000e+00
4.382361836733100517e+02,2.051397388163266839e+02,4.000000000000000000e+01,1.918379000000000187e-06,0.000000000000000000e+00
4.386835454757986099e+02,2.051392914545241979e+02,4.000000000000000000e+01,1.970504000000000133e-06,0.000000000000000000e+00
4.391018484730449813e+02,2.051388731515269512e+02,4.000000000000000000e+01,1.926470000000000124e-06,0.000000000000000000e+00
4.395166297479939885e+02,2.051384583702520104e+02,4.000000000000000000e+01,2.051878000000000025e-06,0.000000000000000000e+00
4.399358791019694195e+02,2.051380391208980427e+02,4.000000000000000000e+01,2.112792999999999932e-06,0.000000000000000000e+00
4.403660342164650956e+02,2.051376089657835280e+02,4.000000000000000000e+01,2.113126999999999835e-06,0.000000000000000000e+00
4.407863828917177784e+02,2.051371886171082792e+02,4.000000000000000000e+01,2.075044999999999798e-06,0.000000000000000000e+00
4.411887635430234127e+02,2.051367862364569703e+02,4.000000000000000000e+01,2.025902999999999821e-06,0.000000000000000000e+00
4.416122562713804882e+02,2.051363627437286254e+02,4.000000000000000000e+01,2.060288999999999901e-06,0.000000000000000000e+00
4.420213355853393864e+02,2.051359536644146715e+02,4.000000000000000000e+01,2.026354000000000200e-06,0.000000000000000000e+00
4.424416305839318966e+02,2.051355333694160663e+02,4.000000000000000000e+01,1.955995999999999882e-06,0.000000000000000000e+00
4.428604131387305074e+02,2.051351145868612775e+02,4.000000000000000000e+01,1.884530999999999923e-06,0.000000000000000000e+00
4.432456330957906516e+02,2.051347293669042244e+02,4.000000000000000000e+01,1.943815999999999941e-06,0.000000000000000000e+00
4.436941900064409765e+02,2.051342808099935553e+02,4.000000000000000000e+01,2.080284000000000207e-06,0.000000000000000000e+00
4.440929285347584141e+02,2.051338820714652513e+02,4.000000000000000000e+01,1.847656999999999986e-06,0.000000000000000000e+00
4.445156261954620618e+02,2.051334593738045271e+02,4.000000000000000000e+01,2.030922999999999901e-06,0.000000000000000000e+00
4.449278219652185840e+02,2.051330471780347864e+02,4.000000000000000000e+01,2.073532000000000174e-06,0.000000000000000000e+00
4.453353495417075010e+02,2.051326396504582874e+02,4.000000000000000000e+01,2.062457000000000030e-06,0.000000000000000000e+00
4.457503346102261048e+02,2.051322246653897707e+02,4.000000000000000000e+01,1.985420000000000212e-06,0.000000000000000000e+00
4.461658731517633214e+02,2.051318091268482249e+02,4.000000000000000000e+01,2.070621000000000076e-06,0.000000000000000000e+00
4.465977928557455812e+02,2.051313772071442543e+02,4.000000000000000000e+01,2.038767000000000008e-06,0.000000000000000000e+00
4.470406432891928716e+02,2.051309343567108101e+02,4.000000000000000000e+01,2.003332999999999798e-06,0.000000000000000000e+00
4.474527372220602501e+02,2.051305222627779301e+02,4.000000000000000000e+01,2.013970999999999949e-06,0.000000000000000000e+00
4.478695024462180072e+02,2.051301054975537852e+02,4.000000000000000000e+01,2.039291000000000073e-06,0.000000000000000000e+00
4.482838305767600104e+02,2.051296911694232392e+02,4.000000000000000000e+01,1.977314000000000073e-06,0.000000000000000000e+00
4.487083502296632105e+02,2.051292666497703294e+02,4.000000000000000000e+01,1.934517000000000116e-06,0.000000000000000000e+00
4.491454907829876220e+02,2.051288295092170131e+02,4.000000000000000000e+01,1.961772999999999894e-06,0.000000000000000000e+00
4.495391344755361729e+02,2.051284358655244660e+02,4.000000000000000000e+01,1.953070999999999821e-06,0.000000000000000000e+00
4.499629395385641715e+02,2.051280120604614297e+02,4.000000000000000000e+01,1.959123999999999829e-06,0.000000000000000000e+00
4.503884138744135157e+02,2.051275865861256023e+02,4.000000000000000000e+01,1.902226000000000056e-06,0.000000000000000000e+00
4.507758997396952054e+02,2.051271991002602988e+02,4.000000000000000000e+01,1.831285999999999978e-06,0.000000000000000000e+00
4.512220585667938622e+02,2.051267529414332103e+02,4.000000000000000000e+01,1.845372000000000015e-06,0.000000000000000000e+00
4.516217086122100000e+02,2.051263532913878009e+02,4.000000000000000000e+01,1.869630000000000046e-06,0.000000000000000000e+00
4.520450422595420150e+02,2.051259299577404533e+02,4.000000000000000000e+01,1.880834999999999967e-06,0.000000000000000000e+00
4.524930962455600820e+02,2.051254819037544337e+02,4.000000000000000000e+01,1.798791000000000003e-06,0.000000000000000000e+00
4.528663934688684094e+02,2.051251086065311426e+02,4.000000000000000000e+01,1.920852999999999869e-06,0.000000000000000000e+00
4.532816697283112717e+02,2.051246933302716968e+02,4.000000000000000000e+01,1.805820000000000059e-06,0.000000000000000000e+00
4.537274908645039204e+02,2.051242475091355004e+02,4.000000000000000000e+01,1.660955999999999908e-06,0.000000000000000000e+00
4.541264827462487119e+02,2.051238485172537480e+02,4.000000000000000000e+01,1.668188000000000061e-06,0.000000000000000000e+00
4.545504757613492757e+02,2.051234245242386578e+02,4.000000000000000000e+01,1.819673000000000018e-06,0.000000000000000000e+00
4.549540665070483101e+02,2.051230209334929668e+02,4.000000000000000000e+01,1.619512000000000030e-06,0.000000000000000000e+00
4.553794294970555256e+02,2.051225955705029378e+02,4.000000000000000000e+01,1.508014999999999994e-06,0.000000000000000000e+00
4.557879757018660598e+02,2.051221870242981424e+02,4.000000000000000000e+01,1.451698999999999982e-06,0.000000000000000000e+00
4.561945131749596953e+02,2.051217804868250312e+02,4.000000000000000000e+01,1.514185000000000056e-06,0.000000000000000000e+00
4.566319088699635245e+02,2.051213430911300293e+02,4.000000000000000000e+01,1.506792999999999932e-06,0.000000000000000000e+00
4.570561460645530474e+02,2.051209188539354500e+02,4.000000000000000000e+01,1.509252000000000047e-06,0.000000000000000000e+00
4.574592214287573029e+02,2.051205157785712458e+02,4.000000000000000000e+01,1.466541999999999951e-06,0.000000000000000000e+00
4.578937643873088632e+02,2.051200812356127017e+02,4.000000000000000000e+01,1.432111999999999927e-06,0.000000000000000000e+00
4.583149180851519873e+02,2.051196600819148443e+02,4.000000000000000000e+01,1.465785000000000019e-06,0.000000000000000000e+00
4.587391290477099233e+02,2.051192358709522807e+02,4.000000000000000000e+01,1.421271000000000101e-06,0.000000000000000000e+00
4.591378770276007799e+02,2.051188371229723941e+02,4.000000000000000000e+01,1.582477000000000096e-06,0.000000000000000000e+00
4.595787457344234781e+02,2.051183962542655763e+02,4.000000000000000000e+01,1.663808000000000071e-06,0.000000000000000000e+00
4.600094212227016897e+02,2.051179655787773015e+02,4.000000000000000000e+01,1.665510000000000042e-06,0.000000000000000000e+00
4.604270577608143071e+02,2.051175479422391845e+02,4.000000000000000000e+01,1.705470000000000038e-06,0.000000000000000000e+00
4.608479604073849032e+02,2.051171270395926172e+02,4.000000000000000000e+01,1.740277999999999908e-06,0.000000000000000000e+00
4.612440790006585871e+02,2.051167309209993448e+02,4.000000000000000000e+01,1.776104999999999955e-06,0.000000000000000000e+00
4.616752492359740927e+02,2.051162997507640284e+02,4.000000000000000000e+01,1.726700999999999945e-06,0.000000000000000000e+00
4.620834207486445280e+02,2.051158915792513540e+02,4.000000000000000000e+01,1.657695999999999917e-06,0.000000000000000000e+00
4.625143272520656978e+02,2.051154606727479290e+02,4.000000000000000000e+01,1.649809000000000106e-06,0.000000000000000000e+00
4.629147484999999733e+02,2.051150602515000116e+02,4.000000000000000000e+01,1.650361999999999912e-06,0.000000000000000000e+00
4.633205432332281930e+02,2.051146544567667718e+02,4.000000000000000000e+01,1.663284000000000006e-06,0.000000000000000000e+00
4.637492629315901240e+02,2.051142257370684092e+02,4.000000000000000000e+01,1.669380999999999958e-06,0.000000000000000000e+00
4.641572163622562925e+02,2.051138177836377565e+02,4.000000000000000000e+01,1.613866000000000033e-06,0.000000000000000000e+00
4.645878918505345609e+02,2.051133871081494817e+02,4.000000000000000000e+01,1.635141000000000096e-06,0.000000000000000000e+00
4.649959238073427059e+02,2.051129790761926586e+02,4.000000000000000000e+01,1.664492000000000106e-06,0.000000000000000000e+00
4.654112963935643279e+02,2.051125637036064404e+02,4.000000000000000000e+01,1.573353000000000020e-06,0.000000000000000000e+00
4.658353723944395028e+02,2.051121396276055577e+02,4.000000000000000000e+01,1.586319000000000058e-06,0.000000000000000000e+00
4.662426463244274828e+02,2.051117323536755634e+02,4.000000000000000000e+01,1.457724000000000064e-06,0.000000000000000000e+00
4.666622148309733689e+02,2.051113127851690194e+02,4.000000000000000000e+01,1.540189000000000002e-06,0.000000000000000000e+00
4.671024171511725172e+02,2.051108725828488275e+02,4.000000000000000000e+01,1.572013999999999905e-06,0.000000000000000000e+00
4.675240140909091338e+02,2.051104509859090967e+02,4.000000000000000000e+01,1.455424000000000103e-06,0.000000000000000000e+00
4.679251524416135908e+02,2.051100498475584004e+02,4.000000000000000000e+01,1.552602000000000022e-06,0.000000000000000000e+00
4.683601619105680811e+02,2.051096148380894419e+02,4.000000000000000000e+01,1.512482000000000057e-06,0.000000000000000000e+00
4.687754315434568753e+02,2.051091995684565461e+02,4.000000000000000000e+01,1.456196000000000025e-06,0.000000000000000000e+00
4.691773456324600602e+02,2.051087976543675495e+02,4.000000000000000000e+01,1.478926000000000018e-06,0.000000000000000000e+00
4.696078436145900241e+02,2.051083671563854125e+02,4.000000000000000000e+01,1.473672000000000042e-06,0.000000000000000000e+00
4.700514426908980568e+02,2.051079235573091069e+02,4.000000000000000000e+01,1.425971000000000031e-06,0.000000000000000000e+00
4.704558296447912085e+02,2.051075191703552036e+02,4.000000000000000000e+01,1.414257000000000036e-06,0.000000000000000000e+00
4.708661913303469646e+02,2.051071088086696648e+02,4.000000000000000000e+01,1.443317000000000059e-06,0.000000000000000000e+00
4.712785596526551899e+02,2.051066964403473492e+02,4.000000000000000000e+01,1.475346000000000087e-06,0.000000000000000000e+00
4.716836844031922169e+02,2.051062913155968204e+02,4.000000000000000000e+01,1.494031000000000019e-06,0.000000000000000000e+00
4.721031020504814251e+02,2.051058718979495268e+02,4.000000000000000000e+01,1.405526000000000009e-06,0.000000000000000000e+00
4.725126375419261535e+02,2.051054623624580699e+02,4.000000000000000000e+01,1.448351999999999919e-06,0.000000000000000000e+00
4.729573678352372781e+02,2.051050176321647598e+02,4.000000000000000000e+01,1.399167000000000024e-06,0.000000000000000000e+00
4.733603793926382082e+02,2.051046146206073502e+02,4.000000000000000000e+01,1.331441999999999966e-06,0.000000000000000000e+00
4.737601349448685255e+02,2.051042148650551269e+02,4.000000000000000000e+01,1.440072000000000059e-06,0.000000000000000000e+00
4.741891898766020859e+02,2.051037858101234121e+02,4.000000000000000000e+01,1.475113000000000008e-06,0.000000000000000000e+00
4.746145444187926046e+02,2.051033604555811962e+02,4.000000000000000000e+01,1.445558000000000086e-06,0.000000000000000000e+00
4.750178198258545876e+02,2.051029571801741440e+02,4.000000000000000000e+01,1.377760999999999945e-06,0.000000000000000000e+00
4.754628423642917028e+02,2.051025121576357151e+02,4.000000000000000000e+01,1.317093999999999896e-06,0.000000000000000000e+00
4.758655557126839994e+02,2.051021094442873220e+02,4.000000000000000000e+01,1.342836000000000021e-06,0.000000000000000000e+00
4.762658862743851387e+02,2.051017091137256045e+02,4.000000000000000000e+01,1.283392000000000061e-06,0.000000000000000000e+00
4.766936724094557007e+02,2.051012813275905557e+02,4.000000000000000000e+01,1.296997999999999978e-06,0.000000000000000000e+00
4.771013907282584796e+02,2.051008736092717299e+02,4.000000000000000000e+01,1.278167000000000039e-06,0.000000000000000000e+00
4.775224839313914913e+02,2.051004525160686001e+02,4.000000000000000000e+01,1.335473000000000063e-06,0.000000000000000000e+00
4.779677524213428228e+02,2.051000072475786453e+02,4.000000000000000000e+01,1.174659999999999905e-06,0.000000000000000000e+00
4.783833030852417210e+02,2.050995916969147572e+02,4.000000000000000000e+01,1.177206000000000092e-06,0.000000000000000000e+00
4.787939626899496943e+02,2.050991810373100463e+02,4.000000000000000000e+01,1.169973999999999939e-06,0.000000000000000000e+00
4.791979137177680172e+02,2.050987770862822401e+02,4.000000000000000000e+01,1.190507000000000060e-06,0.000000000000000000e+00
4.796416985767791061e+02,2.050983333014232244e+02,4.000000000000000000e+01,1.077293000000000063e-06,0.000000000000000000e+00
4.800625065450004740e+02,2.050979124934549986e+02,4.000000000000000000e+01,1.078383999999999897e-06,0.000000000000000000e+00
4.805013787380224244e+02,2.050974736212619689e+02,4.000000000000000000e+01,1.029737000000000031e-06,0.000000000000000000e+00
4.808893323452077766e+02,2.050970856676547953e+02,4.000000000000000000e+01,1.100924999999999967e-06,0.000000000000000000e+00
4.813241396063837669e+02,2.050966508603936234e+02,4.000000000000000000e+01,1.139050999999999947e-06,0.000000000000000000e+00
4.817065679104625815e+02,2.050962684320895448e+02,4.000000000000000000e+01,1.065214999999999973e-06,0.000000000000000000e+00
4.821463746100813523e+02,2.050958286253899132e+02,4.000000000000000000e+01,1.055071999999999933e-06,0.000000000000000000e+00
4.825792613558108997e+02,2.050953957386441857e+02,4.000000000000000000e+01,1.229477000000000045e-06,0.000000000000000000e+00
4.829803877372262946e+02,2.050949946122627807e+02,4.000000000000000000e+01,1.209336999999999972e-06,0.000000000000000000e+00
4.833800573825087099e+02,2.050945949426175048e+02,4.000000000000000000e+01,1.122346000000000037e-06,0.000000000000000000e+00
4.837817241051739074e+02,2.050941932758948383e+02,4.000000000000000000e+01,9.407230999999999912e-07,0.000000000000000000e+00
4.842272898800066514e+02,2.050937477101199988e+02,4.000000000000000000e+01,1.185456999999999999e-06,0.000000000000000000e+00
4.846373022038125669e+02,2.050933376977961871e+02,4.000000000000000000e+01,1.127598999999999984e-06,0.000000000000000000e+00
4.850497750270760093e+02,2.050929252249729302e+02,4.000000000000000000e+01,1.131440999999999947e-06,0.000000000000000000e+00
4.854986252268872136e+02,2.050924763747731276e+02,4.000000000000000000e+01,1.135965999999999916e-06,0.000000000000000000e+00
4.858952209645242988e+02,2.050920797790354868e+02,4.000000000000000000e+01,1.080829000000000049e-06,0.000000000000000000e+00
4.862874688083120986e+02,2.050916875311916954e+02,4.000000000000000000e+01,1.148874000000000048e-06,0.000000000000000000e+00
4.867329605229131744e+02,2.050912420394770947e+02,4.000000000000000000e+01,1.153893999999999917e-06,0.000000000000000000e+00
4.871656398933009768e+02,2.050908093601067037e+02,4.000000000000000000e+01,1.157779000000000007e-06,0.000000000000000000e+00
4.875735876159701547e+02,2.050904014123840398e+02,4.000000000000000000e+01,1.029911999999999991e-06,0.000000000000000000e+00
4.880044555749722122e+02,2.050899705444250287e+02,4.000000000000000000e+01,9.888316999999999672e-07,0.000000000000000000e+00
4.884337667368197913e+02,2.050895412332631906e+02,4.000000000000000000e+01,8.921196999999999943e-07,0.000000000000000000e+00
4.888490363697088128e+02,2.050891259636302948e+02,4.000000000000000000e+01,9.923097000000000464e-07,0.000000000000000000e+00
4.892401041353398341e+02,2.050887348958646612e+02,4.000000000000000000e+01,9.953801000000000551e-07,0.000000000000000000e+00
4.896696525774761426e+02,2.050883053474225335e+02,4.000000000000000000e+01,1.042557000000000062e-06,0.000000000000000000e+00
4.900919672274019376e+02,2.050878830327725950e+02,4.000000000000000000e+01,1.034554000000000014e-06,0.000000000000000000e+00
4.905082756089521467e+02,2.050874667243910494e+02,4.000000000000000000e+01,9.568321000000000728e-07,0.000000000000000000e+00
4.909356605614389082e+02,2.050870393394385758e+02,4.000000000000000000e+01,1.080493999999999908e-06,0.000000000000000000e+00
4.913442074305207825e+02,2.050866307925694798e+02,4.000000000000000000e+01,1.051651999999999973e-06,0.000000000000000000e+00
4.917438180581639813e+02,2.050862311819418267e+02,4.000000000000000000e+01,1.101842000000000080e-06,0.000000000000000000e+00
4.921601605804822839e+02,2.050858148394195268e+02,4.000000000000000000e+01,1.100329000000000032e-06,0.000000000000000000e+00
4.925824412691115413e+02,2.050853925587308879e+02,4.000000000000000000e+01,1.063891000000000060e-06,0.000000000000000000e+00
4.930131164729354509e+02,2.050849618835270576e+02,4.000000000000000000e+01,1.028266999999999899e-06,0.000000000000000000e+00
4.934131647758773056e+02,2.050845618352241218e+02,4.000000000000000000e+01,1.038584999999999900e-06,0.000000000000000000e+00
4.938323547943172116e+02,2.050841426452056737e+02,4.000000000000000000e+01,1.111824999999999939e-06,0.000000000000000000e+00
4.942482801257834808e+02,2.050837267198742211e+02,4.000000000000000000e+01,9.869836999999999893e-07,0.000000000000000000e+00
4.946566880752964721e+02,2.050833183119246996e+02,4.000000000000000000e+01,1.053573000000000060e-06,0.000000000000000000e+00
4.950873635635748542e+02,2.050828876364364248e+02,4.000000000000000000e+01,1.111125999999999914e-06,0.000000000000000000e+00
4.955165307977654834e+02,2.050824584692022370e+02,4.000000000000000000e+01,1.019042000000000000e-06,0.000000000000000000e+00
4.959098102663874670e+02,2.050820651897336120e+02,4.000000000000000000e+01,9.715877000000000015e-07,0.000000000000000000e+00
4.963296691086445094e+02,2.050816453308913481e+02,4.000000000000000000e+01,1.059538999999999996e-06,0.000000000000000000e+00
4.967535227539481753e+02,2.050812214772460607e+02,4.000000000000000000e+01,1.049630000000000062e-06,0.000000000000000000e+00
4.971611555646159104e+02,2.050808138444353972e+02,4.000000000000000000e+01,1.079635999999999941e-06,0.000000000000000000e+00
4.975918310528941220e+02,2.050803831689470940e+02,4.000000000000000000e+01,1.065374999999999943e-06,0.000000000000000000e+00
4.980245011417256933e+02,2.050799504988582669e+02,4.000000000000000000e+01,1.056774999999999932e-06,0.000000000000000000e+00
4.984302214395697206e+02,2.050795447785604324e+02,4.000000000000000000e+01,1.072767000000000066e-06,0.000000000000000000e+00
4.988577628287433754e+02,2.050791172371712605e+02,4.000000000000000000e+01,1.118649000000000053e-06,0.000000000000000000e+00
4.992588251300130082e+02,2.050787161748699816e+02,4.000000000000000000e+01,1.106397000000000031e-06,0.000000000000000000e+00
4.997069362074477112e+02,2.050782680637925637e+02,4.000000000000000000e+01,1.112727000000000061e-06,0.000000000000000000e+00
5.001417540734314571e+02,2.050778332459265698e+02,4.000000000000000000e+01,1.044783999999999914e-06,0.000000000000000000e+00
5.005494743935287261e+02,2.050774255256064862e+02,4.000000000000000000e+01,1.074790000000000004e-06,0.000000000000000000e+00
5.009762945031408776e+02,2.050769987054968624e+02,4.000000000000000000e+01,1.086154999999999895e-06,0.000000000000000000e+00
5.013774043454199045e+02,2.050765975956545901e+02,4.000000000000000000e+01,9.496579999999999927e-07,0.000000000000000000e+00
5.017813108304604839e+02,2.050761936891695427e+02,4.000000000000000000e+01,1.021878999999999962e-06,0.000000000000000000e+00
5.022160063013163835e+02,2.050757589936986847e+02,4.000000000000000000e+01,1.117238000000000068e-06,0.000000000000000000e+00
5.026113491256948009e+02,2.050753636508742943e+02,4.000000000000000000e+01,1.136693999999999895e-06,0.000000000000000000e+00
5.030544021096918073e+02,2.050749205978902978e+02,4.000000000000000000e+01,1.099586000000000063e-06,0.000000000000000000e+00
5.034588298874045904e+02,2.050745161701125880e+02,4.000000000000000000e+01,1.082342000000000097e-06,0.000000000000000000e+00
5.038698017886393927e+02,2.050741051982113561e+02,4.000000000000000000e+01,1.105741999999999950e-06,0.000000000000000000e+00
5.042815649487093879e+02,2.050736934350512968e+02,4.000000000000000000e+01,1.097097999999999995e-06,0.000000000000000000e+00
5.046955476494349000e+02,2.050732794523505618e+02,4.000000000000000000e+01,9.539653999999999483e-07,0.000000000000000000e+00
5.051286408622858630e+02,2.050728463591377135e+02,4.000000000000000000e+01,1.036635000000000071e-06,0.000000000000000000e+00
5.055152438655501896e+02,2.050724597561344638e+02,4.000000000000000000e+01,1.020569000000000011e-06,0.000000000000000000e+00
5.059597078824184564e+02,2.050720152921175838e+02,4.000000000000000000e+01,1.142238000000000040e-06,0.000000000000000000e+00
5.063749775153073074e+02,2.050716000224846880e+02,4.000000000000000000e+01,1.044085000000000101e-06,0.000000000000000000e+00
5.067905184594587240e+02,2.050711844815405414e+02,4.000000000000000000e+01,1.073786000000000031e-06,0.000000000000000000e+00
5.072045436352709658e+02,2.050707704563647269e+02,4.000000000000000000e+01,1.039413999999999913e-06,0.000000000000000000e+00
5.076214158391182991e+02,2.050703535841608982e+02,4.000000000000000000e+01,1.072708999999999948e-06,0.000000000000000000e+00
5.080635495129462242e+02,2.050699114504870693e+02,4.000000000000000000e+01,1.040884000000000045e-06,0.000000000000000000e+00
5.084935020464424724e+02,2.050694814979535465e+02,4.000000000000000000e+01,1.041612000000000023e-06,0.000000000000000000e+00
5.089026316635943772e+02,2.050690723683364070e+02,4.000000000000000000e+01,1.051288999999999905e-06,0.000000000000000000e+00
5.092962633148673035e+02,2.050686787366851433e+02,4.000000000000000000e+01,1.040272999999999908e-06,0.000000000000000000e+00
5.097285284176626874e+02,2.050682464715823414e+02,4.000000000000000000e+01,1.060384000000000027e-06,0.000000000000000000e+00
5.101470064751604809e+02,2.050678279935248440e+02,4.000000000000000000e+01,1.109015999999999903e-06,0.000000000000000000e+00
5.105683147725005711e+02,2.050674066852274962e+02,4.000000000000000000e+01,1.043823000000000069e-06,0.000000000000000000e+00
5.109987706841253612e+02,2.050669762293158840e+02,4.000000000000000000e+01,1.105975000000000029e-06,0.000000000000000000e+00
5.113862618029527880e+02,2.050665887381970549e+02,4.000000000000000000e+01,1.063920000000000014e-06,0.000000000000000000e+00
5.118012468714712782e+02,2.050661737531285382e+02,4.000000000000000000e+01,1.069434999999999994e-06,0.000000000000000000e+00
5.122448655301891449e+02,2.050657301344698169e+02,4.000000000000000000e+01,1.015156000000000094e-06,0.000000000000000000e+00
5.126418074073432081e+02,2.050653331925926466e+02,4.000000000000000000e+01,1.110748000000000067e-06,0.000000000000000000e+00
5.130722570600737527e+02,2.050649027429399212e+02,4.000000000000000000e+01,1.029954999999999908e-06,0.000000000000000000e+00
5.134782240095419183e+02,2.050644967759904489e+02,4.000000000000000000e+01,1.022971000000000035e-06,0.000000000000000000e+00
5.138913513844196359e+02,2.050640836486155933e+02,4.000000000000000000e+01,1.103574000000000032e-06,0.000000000000000000e+00
5.143012136660305487e+02,2.050636737863339647e+02,4.000000000000000000e+01,1.078690000000000086e-06,0.000000000000000000e+00
5.147044967539902700e+02,2.050632705032460024e+02,4.000000000000000000e+01,1.114124000000000084e-06,0.000000000000000000e+00
5.151414731316249345e+02,2.050628335268683884e+02,4.000000000000000000e+01,1.088511999999999947e-06,0.000000000000000000e+00
5.155774285560615908e+02,2.050623975714439382e+02,4.000000000000000000e+01,1.062450000000000094e-06,0.000000000000000000e+00
5.159844182752450479e+02,2.050619905817247570e+02,4.000000000000000000e+01,1.123130999999999894e-06,0.000000000000000000e+00
5.163982344973096588e+02,2.050615767655026787e+02,4.000000000000000000e+01,1.040011000000000087e-06,0.000000000000000000e+00
5.168246800182168954e+02,2.050611503199817776e+02,4.000000000000000000e+01,1.088978000000000105e-06,0.000000000000000000e+00
5.172096771199305749e+02,2.050607653228800586e+02,4.000000000000000000e+01,1.058652000000000075e-06,0.000000000000000000e+00
5.176546393091438176e+02,2.050603203606908664e+02,4.000000000000000000e+01,9.718351000000000120e-07,0.000000000000000000e+00
5.180905365738686896e+02,2.050598844634261297e+02,4.000000000000000000e+01,1.126084999999999909e-06,0.000000000000000000e+00
5.184902535204181504e+02,2.050594847464795976e+02,4.000000000000000000e+01,1.090330999999999971e-06,0.000000000000000000e+00
5.189036325950272612e+02,2.050590713674049823e+02,4.000000000000000000e+01,1.071413999999999988e-06,0.000000000000000000e+00
5.193469546075755261e+02,2.050586280453924246e+02,4.000000000000000000e+01,9.719079000000000310e-07,0.000000000000000000e+00
5.197619529292019251e+02,2.050582130470708080e+02,4.000000000000000000e+01,1.090461999999999988e-06,0.000000000000000000e+00
5.201906825130663492e+02,2.050577843174869486e+02,4.000000000000000000e+01,1.169958999999999948e-06,0.000000000000000000e+00
5.206034641735893729e+02,2.050573715358264053e+02,4.000000000000000000e+01,1.128762999999999928e-06,0.000000000000000000e+00
5.210406638762984812e+02,2.050569343361237031e+02,4.000000000000000000e+01,1.143751000000000088e-06,0.000000000000000000e+00
5.214434772517772672e+02,2.050565315227482301e+02,4.000000000000000000e+01,1.140535000000000042e-06,0.000000000000000000e+00
5.218524612844912554e+02,2.050561225387154991e+02,4.000000000000000000e+01,1.111577000000000081e-06,0.000000000000000000e+00
5.222657076399723337e+02,2.050557092923600351e+02,4.000000000000000000e+01,1.056833000000000051e-06,0.000000000000000000e+00
5.226726821695474428e+02,2.050553023178304670e+02,4.000000000000000000e+01,1.141713999999999976e-06,0.000000000000000000e+00
5.230987613187724037e+02,2.050548762386812314e+02,4.000000000000000000e+01,1.142324999999999901e-06,0.000000000000000000e+00
5.235112342807573214e+02,2.050544637657192482e+02,4.000000000000000000e+01,1.032617999999999936e-06,0.000000000000000000e+00
5.239287225488377544e+02,2.050540462774511639e+02,4.000000000000000000e+01,1.068925000000000104e-06,0.000000000000000000e+00
5.243496322498373274e+02,2.050536253677501577e+02,4.000000000000000000e+01,1.108245000000000009e-06,0.000000000000000000e+00
5.247585857544312375e+02,2.050532164142455827e+02,4.000000000000000000e+01,1.105755999999999913e-06,0.000000000000000000e+00
5.251825787695316876e+02,2.050527924212304640e+02,4.000000000000000000e+01,1.085950999999999981e-06,0.000000000000000000e+00
5.255810689675572576e+02,2.050523939310324408e+02,4.000000000000000000e+01,1.042557000000000062e-06,0.000000000000000000e+00
5.260285860757138607e+02,2.050519464139242984e+02,4.000000000000000000e+01,1.053936999999999943e-06,0.000000000000000000e+00
5.264406320912257797e+02,2.050515343679087721e+02,4.000000000000000000e+01,1.090550000000000087e-06,0.000000000000000000e+00
5.268539728793563199e+02,2.050511210271206437e+02,4.000000000000000000e+01,1.106979000000000002e-06,0.000000000000000000e+00
5.272642917570971122e+02,2.050507107082429172e+02,4.000000000000000000e+01,1.120949000000000014e-06,0.000000000000000000e+00
5.276923686877318005e+02,2.050502826313122569e+02,4.000000000000000000e+01,1.154461999999999925e-06,0.000000000000000000e+00
5.281228167734379895e+02,2.050498521832265624e+02,4.000000000000000000e+01,1.110457000000000082e-06,0.000000000000000000e+00
5.285307597414877137e+02,2.050494442402585094e+02,4.000000000000000000e+01,1.040519999999999950e-06,0.000000000000000000e+00
5.289528708648978181e+02,2.050490221291350963e+02,4.000000000000000000e+01,9.955255999999999422e-07,0.000000000000000000e+00
5.293813267625658909e+02,2.050485936732374341e+02,4.000000000000000000e+01,9.941431999999999416e-07,0.000000000000000000e+00
5.298000621096460918e+02,2.050481749378903658e+02,4.000000000000000000e+01,1.044317999999999968e-06,0.000000000000000000e+00
5.302040560891242649e+02,2.050477709439108764e+02,4.000000000000000000e+01,1.174309999999999985e-06,0.000000000000000000e+00
5.306391388072001973e+02,2.050473358611928063e+02,4.000000000000000000e+01,1.163004000000000029e-06,0.000000000000000000e+00
5.310473109149660331e+02,2.050469276890850381e+02,4.000000000000000000e+01,1.204055000000000070e-06,0.000000000000000000e+00
5.314733723010045878e+02,2.050465016276990013e+02,4.000000000000000000e+01,1.196750000000000019e-06,0.000000000000000000e+00
5.318747774097664660e+02,2.050461002225902405e+02,4.000000000000000000e+01,1.137944999999999910e-06,0.000000000000000000e+00
5.322761271186980139e+02,2.050456988728813030e+02,4.000000000000000000e+01,1.143519000000000037e-06,0.000000000000000000e+00
5.327020569738240283e+02,2.050452729430261911e+02,4.000000000000000000e+01,1.179738000000000105e-06,0.000000000000000000e+00
5.331102320990652288e+02,2.050448647679009468e+02,4.000000000000000000e+01,1.146952999999999960e-06,0.000000000000000000e+00
5.335447472328244203e+02,2.050444302527671709e+02,4.000000000000000000e+01,1.058346000000000099e-06,0.000000000000000000e+00
5.339486224857408843e+02,2.050440263775142569e+02,4.000000000000000000e+01,9.813520999999999245e-07,0.000000000000000000e+00
5.343524773068971854e+02,2.050436225226931128e+02,4.000000000000000000e+01,1.154680000000000014e-06,0.000000000000000000e+00
5.347958073019323137e+02,2.050431791926980623e+02,4.000000000000000000e+01,1.176914999999999895e-06,0.000000000000000000e+00
5.351999701717556945e+02,2.050427750298282490e+02,4.000000000000000000e+01,1.106745999999999923e-06,0.000000000000000000e+00
5.356260963102079131e+02,2.050423489036897990e+02,4.000000000000000000e+01,1.137974000000000076e-06,0.000000000000000000e+00
5.360520427904017424e+02,2.050419229572096071e+02,4.000000000000000000e+01,1.102846000000000054e-06,0.000000000000000000e+00
5.364571539252583534e+02,2.050415178460747541e+02,4.000000000000000000e+01,1.167994999999999945e-06,0.000000000000000000e+00
5.368727047154558250e+02,2.050411022952845599e+02,4.000000000000000000e+01,1.176275000000000016e-06,0.000000000000000000e+00
5.372844269662921306e+02,2.050406905730337144e+02,4.000000000000000000e+01,1.175997999999999993e-06,0.000000000000000000e+00
5.376896955881331905e+02,2.050402853044118672e+02,4.000000000000000000e+01,1.175140000000000026e-06,0.000000000000000000e+00
5.381324098377862128e+02,2.050398425901622090e+02,4.000000000000000000e+01,1.183449000000000051e-06,0.000000000000000000e+00
5.385737746224245939e+02,2.050394012253775884e+02,4.000000000000000000e+01,1.204563999999999933e-06,0.000000000000000000e+00
5.390042265298952771e+02,2.050389707734701119e+02,4.000000000000000000e+01,1.238965000000000004e-06,0.000000000000000000e+00
5.394033914683078592e+02,2.050385716085316972e+02,4.000000000000000000e+01,1.135035000000000052e-06,0.000000000000000000e+00
5.398081978466350392e+02,2.050381668021533699e+02,4.000000000000000000e+01,1.170338000000000034e-06,0.000000000000000000e+00
5.402282916787751219e+02,2.050377467083212366e+02,4.000000000000000000e+01,1.181295000000000097e-06,0.000000000000000000e+00
5.406748642629834194e+02,2.050373001357370129e+02,4.000000000000000000e+01,1.239503000000000031e-06,0.000000000000000000e+00
5.410736065383238156e+02,2.050369013934616760e+02,4.000000000000000000e+01,1.233391000000000089e-06,0.000000000000000000e+00
5.415205455461820065e+02,2.050364544544538319e+02,4.000000000000000000e+01,1.189996999999999959e-06,0.000000000000000000e+00
5.419059929058142870e+02,2.050360690070941985e+02,4.000000000000000000e+01,1.239298999999999906e-06,0.000000000000000000e+00
5.423278700318065830e+02,2.050356471299681971e+02,4.000000000000000000e+01,1.176086000000000093e-06,0.000000000000000000e+00
5.427446106950619651e+02,2.050352303893049282e+02,4.000000000000000000e+01,1.218214000000000005e-06,0.000000000000000000e+00
5.431525638394309681e+02,2.050348224361605673e+02,4.000000000000000000e+01,9.741197999999999531e-07,0.000000000000000000e+00
5.435834649201942739e+02,2.050343915350798056e+02,4.000000000000000000e+01,1.204272999999999947e-06,0.000000000000000000e+00
5.439905499138815230e+02,2.050339844500861091e+02,4.000000000000000000e+01,1.186680000000000088e-06,0.000000000000000000e+00
5.444050474471863481e+02,2.050335699525528241e+02,4.000000000000000000e+01,1.172317000000000028e-06,0.000000000000000000e+00
5.448304887928866265e+02,2.050331445112071265e+02,4.000000000000000000e+01,1.136301000000000058e-06,0.000000000000000000e+00
5.452161672312463452e+02,2.050327588327687636e+02,4.000000000000000000e+01,1.211038999999999943e-06,0.000000000000000000e+00
5.456612712345237242e+02,2.050323137287654731e+02,4.000000000000000000e+01,1.281864000000000023e-06,0.000000000000000000e+00
5.460597619408397350e+02,2.050319152380591561e+02,4.000000000000000000e+01,1.272855999999999973e-06,0.000000000000000000e+00
5.464835058447445135e+02,2.050314914941552615e+02,4.000000000000000000e+01,1.276420999999999912e-06,0.000000000000000000e+00
5.469249930076603050e+02,2.050310500069923307e+02,4.000000000000000000e+01,1.332053000000000103e-06,0.000000000000000000e+00
5.473314922684224939e+02,2.050306435077315825e+02,4.000000000000000000e+01,1.309017999999999950e-06,0.000000000000000000e+00
5.477320314423890295e+02,2.050302429685576158e+02,4.000000000000000000e+01,1.304390000000000102e-06,0.000000000000000000e+00
5.481629289115395522e+02,2.050298120710884575e+02,4.000000000000000000e+01,1.325373999999999967e-06,0.000000000000000000e+00
5.486029650630979404e+02,2.050293720349368982e+02,4.000000000000000000e+01,1.308289999999999971e-06,0.000000000000000000e+00
5.490432995841119919e+02,2.050289317004158818e+02,4.000000000000000000e+01,1.301625000000000010e-06,0.000000000000000000e+00
5.494452245843935998e+02,2.050285297754156204e+02,4.000000000000000000e+01,1.265695999999999901e-06,0.000000000000000000e+00
5.498602148275770105e+02,2.050281147851724199e+02,4.000000000000000000e+01,1.205130999999999914e-06,0.000000000000000000e+00
5.502731855438931916e+02,2.050277018144561225e+02,4.000000000000000000e+01,1.276625000000000038e-06,0.000000000000000000e+00
5.506792479278262817e+02,2.050272957520721775e+02,4.000000000000000000e+01,1.301959999999999940e-06,0.000000000000000000e+00
5.511100469755832592e+02,2.050268649530244147e+02,4.000000000000000000e+01,1.262655000000000026e-06,0.000000000000000000e+00
5.515181035704371197e+02,2.050264568964295790e+02,4.000000000000000000e+01,1.226158999999999935e-06,0.000000000000000000e+00
5.519376681167333345e+02,2.050260373318832592e+02,4.000000000000000000e+01,1.237961000000000030e-06,0.000000000000000000e+00
5.523571765574374695e+02,2.050256178234425590e+02,4.000000000000000000e+01,1.276188000000000045e-06,0.000000000000000000e+00
5.527426239170696363e+02,2.050252323760829256e+02,4.000000000000000000e+01,1.256034000000000009e-06,0.000000000000000000e+00
5.531908799026693941e+02,2.050247841200973369e+02,4.000000000000000000e+01,1.078733000000000002e-06,0.000000000000000000e+00
5.535953132220101907e+02,2.050243796867779906e+02,4.000000000000000000e+01,1.253211000000000011e-06,0.000000000000000000e+00
5.540133650497388089e+02,2.050239616349502683e+02,4.000000000000000000e+01,1.285778000000000067e-06,0.000000000000000000e+00
5.544581761793940586e+02,2.050235168238206143e+02,4.000000000000000000e+01,1.275824999999999978e-06,0.000000000000000000e+00
5.548358501968081100e+02,2.050231391498031996e+02,4.000000000000000000e+01,1.274528999999999991e-06,0.000000000000000000e+00
5.552603810554775237e+02,2.050227146189445193e+02,4.000000000000000000e+01,1.312233999999999996e-06,0.000000000000000000e+00
5.556893964407624935e+02,2.050222856035592258e+02,4.000000000000000000e+01,1.311069000000000025e-06,0.000000000000000000e+00
5.560973387417319600e+02,2.050218776612582587e+02,4.000000000000000000e+01,1.358203000000000055e-06,0.000000000000000000e+00
5.565278793516047244e+02,2.050214471206483893e+02,4.000000000000000000e+01,1.284643000000000077e-06,0.000000000000000000e+00
5.569298124280738875e+02,2.050210451875719286e+02,4.000000000000000000e+01,1.282795000000000099e-06,0.000000000000000000e+00
5.573370048515690769e+02,2.050206379951484337e+02,4.000000000000000000e+01,1.276043000000000066e-06,0.000000000000000000e+00
5.577775440253823263e+02,2.050201974559746247e+02,4.000000000000000000e+01,1.265943999999999970e-06,0.000000000000000000e+00
5.582012916990314579e+02,2.050197737083009599e+02,4.000000000000000000e+01,1.252293999999999898e-06,0.000000000000000000e+00
5.586250223218829660e+02,2.050193499776781323e+02,4.000000000000000000e+01,1.251013999999999929e-06,0.000000000000000000e+00
5.590240167966028366e+02,2.050189509832034105e+02,4.000000000000000000e+01,1.267194999999999986e-06,0.000000000000000000e+00
5.594700174750179258e+02,2.050185049825249735e+02,4.000000000000000000e+01,1.229215000000000012e-06,0.000000000000000000e+00
5.598855614525022020e+02,2.050180894385474915e+02,4.000000000000000000e+01,1.268489999999999946e-06,0.000000000000000000e+00
5.603008280520581366e+02,2.050176741719479310e+02,4.000000000000000000e+01,1.279811999999999919e-06,0.000000000000000000e+00
5.607037396847106265e+02,2.050172712603152831e+02,4.000000000000000000e+01,1.315245999999999918e-06,0.000000000000000000e+00
5.611434810124286514e+02,2.050168315189875727e+02,4.000000000000000000e+01,1.380889000000000104e-06,0.000000000000000000e+00
5.615669781068702378e+02,2.050164080218931417e+02,4.000000000000000000e+01,1.364037999999999975e-06,0.000000000000000000e+00
5.619690602120969061e+02,2.050160059397879024e+02,4.000000000000000000e+01,1.316104000000000096e-06,0.000000000000000000e+00
5.623770079347660840e+02,2.050155979920652385e+02,4.000000000000000000e+01,1.280161000000000024e-06,0.000000000000000000e+00
5.627927237872080468e+02,2.050151822762127836e+02,4.000000000000000000e+01,1.279128000000000097e-06,0.000000000000000000e+00
5.632158538671061478e+02,2.050147591461328886e+02,4.000000000000000000e+01,1.301625000000000010e-06,0.000000000000000000e+00
5.636240336735269238e+02,2.050143509663264751e+02,4.000000000000000000e+01,1.282649000000000092e-06,0.000000000000000000e+00
5.640549365643772717e+02,2.050139200634356200e+02,4.000000000000000000e+01,1.224937000000000085e-06,0.000000000000000000e+00
5.644826864164546123e+02,2.050134923135835550e+02,4.000000000000000000e+01,1.244683999999999898e-06,0.000000000000000000e+00
5.648704550141808340e+02,2.050131045449858220e+02,4.000000000000000000e+01,1.311228999999999995e-06,0.000000000000000000e+00
5.652860073026054124e+02,2.050126889926974059e+02,4.000000000000000000e+01,1.330656000000000080e-06,0.000000000000000000e+00
5.657314009285015572e+02,2.050122435990714962e+02,4.000000000000000000e+01,1.323248999999999966e-06,0.000000000000000000e+00
5.661303882707125013e+02,2.050118446117292876e+02,4.000000000000000000e+01,1.289183000000000037e-06,0.000000000000000000e+00
5.665541311424414062e+02,2.050114208688575559e+02,4.000000000000000000e+01,1.263527999999999984e-06,0.000000000000000000e+00
5.670028406176265889e+02,2.050109721593823622e+02,4.000000000000000000e+01,1.243373999999999947e-06,0.000000000000000000e+00
5.674026114955031517e+02,2.050105723885044995e+02,4.000000000000000000e+01,1.257111000000000092e-06,0.000000000000000000e+00
5.678076223988125548e+02,2.050101673776011921e+02,4.000000000000000000e+01,1.216074000000000014e-06,0.000000000000000000e+00
5.682280482626705407e+02,2.050097469517373270e+02,4.000000000000000000e+01,1.033898999999999933e-06,0.000000000000000000e+00
5.686454936164121818e+02,2.050093295063835797e+02,4.000000000000000000e+01,1.109889000000000073e-06,0.000000000000000000e+00
5.690733328161454665e+02,2.050089016671838635e+02,4.000000000000000000e+01,1.184612999999999995e-06,0.000000000000000000e+00
5.694970756878742577e+02,2.050084779243121318e+02,4.000000000000000000e+01,1.265128999999999920e-06,0.000000000000000000e+00
5.699398039336267630e+02,2.050080351960663734e+02,4.000000000000000000e+01,1.190899999999999897e-06,0.000000000000000000e+00
5.703272900214700485e+02,2.050076477099785279e+02,4.000000000000000000e+01,1.085994999999999925e-06,0.000000000000000000e+00
5.707439124738132250e+02,2.050072310875261792e+02,4.000000000000000000e+01,1.258638999999999919e-06,0.000000000000000000e+00
5.711602471280042437e+02,2.050068147528720033e+02,4.000000000000000000e+01,1.239518000000000022e-06,0.000000000000000000e+00
5.715827594604207889e+02,2.050063922405395829e+02,4.000000000000000000e+01,1.280757999999999986e-06,0.000000000000000000e+00
5.720125268749999350e+02,2.050059624731250096e+02,4.000000000000000000e+01,1.260908999999999899e-06,0.000000000000000000e+00
5.724044653728099092e+02,2.050055705346271964e+02,4.000000000000000000e+01,1.298670999999999996e-06,0.000000000000000000e+00
5.728200129435152803e+02,2.050051549870564997e+02,4.000000000000000000e+01,1.291380999999999935e-06,0.000000000000000000e+00
5.732183367099377165e+02,2.050047566632900669e+02,4.000000000000000000e+01,1.274806000000000013e-06,0.000000000000000000e+00
5.736605010544396919e+02,2.050043144989455755e+02,4.000000000000000000e+01,1.170905000000000015e-06,0.000000000000000000e+00
5.740702033762722749e+02,2.050039047966237433e+02,4.000000000000000000e+01,1.272492000000000090e-06,0.000000000000000000e+00
5.744816473507037244e+02,2.050034933526492864e+02,4.000000000000000000e+01,1.260748999999999929e-06,0.000000000000000000e+00
5.749249734354706334e+02,2.050030500265645230e+02,4.000000000000000000e+01,1.245919999999999923e-06,0.000000000000000000e+00
5.753240584688787749e+02,2.050026509415311295e+02,4.000000000000000000e+01,1.311403999999999955e-06,0.000000000000000000e+00
5.757304611083279724e+02,2.050022445388916879e+02,4.000000000000000000e+01,1.205669999999999969e-06,0.000000000000000000e+00
5.761631384168292698e+02,2.050018118615831781e+02,4.000000000000000000e+01,1.267675999999999923e-06,0.000000000000000000e+00
5.765940431914293640e+02,2.050013809568085605e+02,4.000000000000000000e+01,1.298467000000000082e-06,0.000000000000000000e+00
5.770022128949708531e+02,2.050009727871050416e+02,4.000000000000000000e+01,1.262932000000000049e-06,0.000000000000000000e+00
5.774179742953322148e+02,2.050005570257046656e+02,4.000000000000000000e+01,1.302004000000000096e-06,0.000000000000000000e+00
5.778500580012414503e+02,2.050001249419987630e+02,4.000000000000000000e+01,1.210908999999999954e-06,0.000000000000000000e+00
5.782284687627226276e+02,2.049997465312372924e+02,4.000000000000000000e+01,1.173480999999999971e-06,0.000000000000000000e+00
5.786729053670173926e+02,2.049993020946329807e+02,4.000000000000000000e+01,1.163861999999999996e-06,0.000000000000000000e+00
5.791103622077160935e+02,2.049988646377922805e+02,4.000000000000000000e+01,1.335137999999999921e-06,0.000000000000000000e+00
5.795412596768667299e+02,2.049984337403231223e+02,4.000000000000000000e+01,1.250038999999999908e-06,0.000000000000000000e+00
5.799659763076841728e+02,2.049980090236923047e+02,4.000000000000000000e+01,1.205582999999999897e-06,0.000000000000000000e+00
5.803804460431155121e+02,2.049975945539568727e+02,4.000000000000000000e+01,1.228604000000000087e-06,0.000000000000000000e+00
5.807692990500423775e+02,2.049972057009499622e+02,4.000000000000000000e+01,1.316802999999999910e-06,0.000000000000000000e+00
5.812161070636226441e+02,2.049967588929363842e+02,4.000000000000000000e+01,1.315188000000000011e-06,0.000000000000000000e+00
5.816150994823349265e+02,2.049963599005176604e+02,4.000000000000000000e+01,1.226827999999999979e-06,0.000000000000000000e+00
5.820388483179464174e+02,2.049959361516820593e+02,4.000000000000000000e+01,1.242121999999999904e-06,0.000000000000000000e+00
5.824434875052047573e+02,2.049955315124948072e+02,4.000000000000000000e+01,1.260326999999999927e-06,0.000000000000000000e+00
5.828739754891722669e+02,2.049951010245108307e+02,4.000000000000000000e+01,1.327731000000000019e-06,0.000000000000000000e+00
5.832823896826843111e+02,2.049946926103173155e+02,4.000000000000000000e+01,1.251842999999999942e-06,0.000000000000000000e+00
5.836843173319338121e+02,2.049942906826680655e+02,4.000000000000000000e+01,1.106585999999999954e-06,0.000000000000000000e+00
5.841211847130773549e+02,2.049938538152869114e+02,4.000000000000000000e+01,1.075531999999999946e-06,0.000000000000000000e+00
5.845291352293379532e+02,2.049934458647706776e+02,4.000000000000000000e+01,1.183084999999999956e-06,0.000000000000000000e+00
5.849506015914331556e+02,2.049930243984085791e+02,4.000000000000000000e+01,1.181847999999999903e-06,0.000000000000000000e+00
5.853655866599517594e+02,2.049926094133400625e+02,4.000000000000000000e+01,1.190783000000000056e-06,0.000000000000000000e+00
5.857533591377803077e+02,2.049922216408622262e+02,4.000000000000000000e+01,1.280800999999999903e-06,0.000000000000000000e+00
5.861836020470971107e+02,2.049917913979529089e+02,4.000000000000000000e+01,1.294975000000000040e-06,0.000000000000000000e+00
5.866257566201483087e+02,2.049913492433798581e+02,4.000000000000000000e+01,1.095759000000000091e-06,0.000000000000000000e+00
5.870620831600500651e+02,2.049909129168399602e+02,4.000000000000000000e+01,1.261054000000000090e-06,0.000000000000000000e+00
5.874484919105894960e+02,2.049905265080894026e+02,4.000000000000000000e+01,1.307650000000000092e-06,0.000000000000000000e+00
5.878860911153519737e+02,2.049900889088846441e+02,4.000000000000000000e+01,1.336026000000000081e-06,0.000000000000000000e+00
5.883013643555013914e+02,2.049896736356444933e+02,4.000000000000000000e+01,1.139837000000000044e-06,0.000000000000000000e+00
5.887447211221641510e+02,2.049892302788778409e+02,4.000000000000000000e+01,1.055217999999999940e-06,0.000000000000000000e+00
5.891304181592644227e+02,2.049888445818407376e+02,4.000000000000000000e+01,1.204753000000000068e-06,0.000000000000000000e+00
5.895674504487225249e+02,2.049884075495512832e+02,4.000000000000000000e+01,1.202789000000000064e-06,0.000000000000000000e+00
5.900137036014472187e+02,2.049879612963985664e+02,4.000000000000000000e+01,1.193301000000000105e-06,0.000000000000000000e+00
5.903906919897898433e+02,2.049875843080102129e+02,4.000000000000000000e+01,1.164241000000000082e-06,0.000000000000000000e+00
5.908221437294245106e+02,2.049871528562705691e+02,4.000000000000000000e+01,1.360590000000000089e-06,0.000000000000000000e+00
5.912199347887800513e+02,2.049867550652112129e+02,4.000000000000000000e+01,1.294756999999999952e-06,0.000000000000000000e+00
5.916481044193359367e+02,2.049863268955806745e+02,4.000000000000000000e+01,1.371430999999999914e-06,0.000000000000000000e+00
5.920722147848040322e+02,2.049859027852151883e+02,4.000000000000000000e+01,1.300898000000000059e-06,0.000000000000000000e+00
5.924840560744295317e+02,2.049854909439255835e+02,4.000000000000000000e+01,1.321619000000000077e-06,0.000000000000000000e+00
5.928990477695019763e+02,2.049850759522304884e+02,4.000000000000000000e+01,1.174398000000000085e-06,0.000000000000000000e+00
5.932865379198473192e+02,2.049846884620801575e+02,4.000000000000000000e+01,1.249253000000000023e-06,0.000000000000000000e+00
5.937107927791632846e+02,2.049842642072208321e+02,4.000000000000000000e+01,1.306193999999999924e-06,0.000000000000000000e+00
5.941294731326786405e+02,2.049838455268673272e+02,4.000000000000000000e+01,1.210559000000000034e-06,0.000000000000000000e+00
5.945538633841456431e+02,2.049834211366158456e+02,4.000000000000000000e+01,1.212174999999999960e-06,0.000000000000000000e+00
5.949778563992462068e+02,2.049829971436007554e+02,4.000000000000000000e+01,1.339896999999999997e-06,0.000000000000000000e+00
5.953878117984862683e+02,2.049825871882015065e+02,4.000000000000000000e+01,1.256339999999999986e-06,0.000000000000000000e+00
5.958059285731704904e+02,2.049821690714268243e+02,4.000000000000000000e+01,1.200984000000000003e-06,0.000000000000000000e+00
5.962262076068617489e+02,2.049817487923931481e+02,4.000000000000000000e+01,1.171108999999999929e-06,0.000000000000000000e+00
5.966440176959624750e+02,2.049813309823040299e+02,4.000000000000000000e+01,1.317049999999999952e-06,0.000000000000000000e+00
5.970652856229532972e+02,2.049809097143770487e+02,4.000000000000000000e+01,1.234861000000000009e-06,0.000000000000000000e+00
5.974953414944204724e+02,2.049804796585055726e+02,4.000000000000000000e+01,1.227032000000000105e-06,0.000000000000000000e+00
5.978947963206106806e+02,2.049800802036793925e+02,4.000000000000000000e+01,1.340361999999999916e-06,0.000000000000000000e+00
5.982983801839530997e+02,2.049796766198160469e+02,4.000000000000000000e+01,1.136955999999999927e-06,0.000000000000000000e+00
5.987425356616331555e+02,2.049792324643383665e+02,4.000000000000000000e+01,9.016658000000000112e-07,0.000000000000000000e+00
5.991665227128509059e+02,2.049788084772871457e+02,4.000000000000000000e+01,1.123800999999999966e-06,0.000000000000000000e+00
5.996045598074211966e+02,2.049783704401925775e+02,4.000000000000000000e+01,1.105159999999999978e-06,0.000000000000000000e+00
6.000325080609120505e+02,2.049779424919391033e+02,4.000000000000000000e+01,8.696660999999999658e-07,0.000000000000000000e+00
6.004308316658273270e+02,2.049775441683341626e+02,4.000000000000000000e+01,9.273789999999999558e-07,0.000000000000000000e+00
6.008461042584885945e+02,2.049771288957415152e+02,4.000000000000000000e+01,8.619973000000000156e-07,0.000000000000000000e+00
6.012820336318882255e+02,2.049766929663681196e+02,4.000000000000000000e+01,9.779469000000000761e-07,0.000000000000000000e+00
6.016842294902072581e+02,2.049762907705097916e+02,4.000000000000000000e+01,1.089486999999999967e-06,0.000000000000000000e+00
6.021079663980533496e+02,2.049758670336019577e+02,4.000000000000000000e+01,1.104680000000000069e-06,0.000000000000000000e+00
6.025064644939049003e+02,2.049754685355061099e+02,4.000000000000000000e+01,1.023013999999999952e-06,0.000000000000000000e+00
6.029304575090054641e+02,2.049750445424909913e+02,4.000000000000000000e+01,1.205291000000000095e-06,0.000000000000000000e+00
6.033099419529261240e+02,2.049746650580470657e+02,4.000000000000000000e+01,1.151420000000000023e-06,0.000000000000000000e+00
6.037532629999734581e+02,2.049742217370000219e+02,4.000000000000000000e+01,1.092862999999999984e-06,0.000000000000000000e+00
6.041682779293070098e+02,2.049738067220706910e+02,4.000000000000000000e+01,1.062143999999999906e-06,0.000000000000000000e+00
6.045761722693765705e+02,2.049733988277306196e+02,4.000000000000000000e+01,1.374836000000000096e-06,0.000000000000000000e+00
6.050226506213267612e+02,2.049729523493786871e+02,4.000000000000000000e+01,1.401509999999999902e-06,0.000000000000000000e+00
6.054234078694624941e+02,2.049725515921305430e+02,4.000000000000000000e+01,1.314066999999999984e-06,0.000000000000000000e+00
6.058304428456318647e+02,2.049721445571543654e+02,4.000000000000000000e+01,1.400011000000000029e-06,0.000000000000000000e+00
6.062467157702067198e+02,2.049717282842297834e+02,4.000000000000000000e+01,1.146778000000000000e-06,0.000000000000000000e+00
6.066951354625697377e+02,2.049712798645374221e+02,4.000000000000000000e+01,1.204839999999999928e-06,0.000000000000000000e+00
6.070941291901048089e+02,2.049708808708099070e+02,4.000000000000000000e+01,1.407417999999999931e-06,0.000000000000000000e+00
6.075176159545790142e+02,2.049704573840454316e+02,4.000000000000000000e+01,1.278298000000000056e-06,0.000000000000000000e+00
6.079628994195138603e+02,2.049700121005804760e+02,4.000000000000000000e+01,1.045045999999999947e-06,0.000000000000000000e+00
6.083784469902191177e+02,2.049695965530097794e+02,4.000000000000000000e+01,1.235733999999999966e-06,0.000000000000000000e+00
6.087893498816794136e+02,2.049691856501183338e+02,4.000000000000000000e+01,1.097345000000000037e-06,0.000000000000000000e+00
6.091934882938994633e+02,2.049687815117061120e+02,4.000000000000000000e+01,9.891082000000000822e-07,0.000000000000000000e+00
6.096243911847498111e+02,2.049683506088152569e+02,4.000000000000000000e+01,8.376664000000000264e-07,0.000000000000000000e+00
6.100323382061068287e+02,2.049679426617938987e+02,4.000000000000000000e+01,1.072271999999999955e-06,0.000000000000000000e+00
6.104550664659262793e+02,2.049675199335340778e+02,4.000000000000000000e+01,1.036168999999999913e-06,0.000000000000000000e+00
6.108835561276779345e+02,2.049670914438723344e+02,4.000000000000000000e+01,1.172229999999999956e-06,0.000000000000000000e+00
6.112820458380648461e+02,2.049666929541619425e+02,4.000000000000000000e+01,1.165681000000000021e-06,0.000000000000000000e+00
6.117062892748091372e+02,2.049662687107251884e+02,4.000000000000000000e+01,1.080508999999999898e-06,0.000000000000000000e+00
6.121055307941505816e+02,2.049658694692058418e+02,4.000000000000000000e+01,1.155218000000000041e-06,0.000000000000000000e+00
6.125495686089785750e+02,2.049654254313910258e+02,4.000000000000000000e+01,1.175750999999999951e-06,0.000000000000000000e+00
6.129758531064461522e+02,2.049649991468935468e+02,4.000000000000000000e+01,8.852512000000000277e-07,0.000000000000000000e+00
6.133636215230471862e+02,2.049646113784769454e+02,4.000000000000000000e+01,1.332605999999999909e-06,0.000000000000000000e+00
6.137788911559360940e+02,2.049641961088440780e+02,4.000000000000000000e+01,1.298976999999999972e-06,0.000000000000000000e+00
6.141874918463739732e+02,2.049637875081536151e+02,4.000000000000000000e+01,1.264124999999999946e-06,0.000000000000000000e+00
6.146127131433528348e+02,2.049633622868566363e+02,4.000000000000000000e+01,1.345339000000000080e-06,0.000000000000000000e+00
6.150474807299791564e+02,2.049629275192700106e+02,4.000000000000000000e+01,1.381806000000000005e-06,0.000000000000000000e+00
6.154508845264687125e+02,2.049625241154735420e+02,4.000000000000000000e+01,1.498002999999999971e-06,0.000000000000000000e+00
6.158555106316430283e+02,2.049621194893683480e+02,4.000000000000000000e+01,1.608903000000000044e-06,0.000000000000000000e+00
6.162895031724137880e+02,2.049616854968275845e+02,4.000000000000000000e+01,1.553402000000000082e-06,0.000000000000000000e+00
6.166924510241178723e+02,2.049612825489758734e+02,4.000000000000000000e+01,1.329156999999999995e-06,0.000000000000000000e+00
6.171283555673143155e+02,2.049608466444326780e+02,4.000000000000000000e+01,1.277585000000000068e-06,0.000000000000000000e+00
6.175590284175142415e+02,2.049604159715824778e+02,4.000000000000000000e+01,1.186403000000000066e-06,0.000000000000000000e+00
6.179639238187934325e+02,2.049600110761812175e+02,4.000000000000000000e+01,9.721989000000000169e-07,0.000000000000000000e+00
6.183749036323155224e+02,2.049596000963676943e+02,4.000000000000000000e+01,8.332862999999999910e-07,0.000000000000000000e+00
6.187907324515598475e+02,2.049591842675484372e+02,4.000000000000000000e+01,1.213192999999999897e-06,0.000000000000000000e+00
6.192356527207233512e+02,2.049587393472792769e+02,4.000000000000000000e+01,1.079097000000000097e-06,0.000000000000000000e+00
6.196680836953504468e+02,2.049583069163046503e+02,4.000000000000000000e+01,1.194930999999999995e-06,0.000000000000000000e+00
6.200586321906533840e+02,2.049579163678093607e+02,4.000000000000000000e+01,1.215172000000000103e-06,0.000000000000000000e+00
6.205064777272234551e+02,2.049574685222727908e+02,4.000000000000000000e+01,1.110266999999999919e-06,0.000000000000000000e+00
6.209231868932064344e+02,2.049570518131068013e+02,4.000000000000000000e+01,1.187262000000000060e-06,0.000000000000000000e+00
6.213298589007633836e+02,2.049566451410992443e+02,4.000000000000000000e+01,1.292747999999999977e-06,0.000000000000000000e+00
6.217305478759487869e+02,2.049562444521240536e+02,4.000000000000000000e+01,1.202483000000000088e-06,0.000000000000000000e+00
6.221614511886534729e+02,2.049558135488113351e+02,4.000000000000000000e+01,1.160894000000000019e-06,0.000000000000000000e+00
6.225696248039555485e+02,2.049554053751960510e+02,4.000000000000000000e+01,1.278444000000000062e-06,0.000000000000000000e+00
6.230002963869009136e+02,2.049549747036130896e+02,4.000000000000000000e+01,1.231542999999999899e-06,0.000000000000000000e+00
6.233988241150790373e+02,2.049545761758849096e+02,4.000000000000000000e+01,1.390900999999999916e-06,0.000000000000000000e+00
6.238025671206298739e+02,2.049541724328793748e+02,4.000000000000000000e+01,1.333566999999999966e-06,0.000000000000000000e+00
0.000000000000000000e+00,2.055779750000000092e+02,4.500000000000000000e+01,2.245481000000000126e-05,0.000000000000000000e+00
0.000000000000000000e+00,2.055779750000000092e+02,4.500000000000000000e+01,-2.093292999999999950e-06,0.000000000000000000e+00
0.000000000000000000e+00,2.055779750000000092e+02,4.500000000000000000e+01,-1.128661000000000077e-06,0.000000000000000000e+00
4.787650938461140288e-02,2.055779271234906105e+02,4.500000000000000000e+01,-5.193723999999999954e-07,0.000000000000000000e+00
1.993909305833538870e-01,2.055777756090694197e+02,4.500000000000000000e+01,-6.238406000000000388e-08,0.000000000000000000e+00
3.910837147351470811e-01,2.055775839162852776e+02,4.500000000000000000e+01,2.924061999999999889e-07,0.000000000000000000e+00
6.213157407426117551e-01,2.055773536842592648e+02,4.500000000000000000e+01,5.649053000000000444e-07,0.000000000000000000e+00
8.780479459907559736e-01,2.055770969520540064e+02,4.500000000000000000e+01,5.691836000000000014e-07,0.000000000000000000e+00
1.176036245879438891e+00,2.055767989637541291e+02,4.500000000000000000e+01,5.502516000000000275e-07,0.000000000000000000e+00
1.543713400918434342e+00,2.055764312865990746e+02,4.500000000000000000e+01,5.906768000000000313e-07,0.000000000000000000e+00
1.945587041895723956e+00,2.055760294129580927e+02,4.500000000000000000e+01,8.123025000000000040e-07,0.000000000000000000e+00
2.325087118354884019e+00,2.055756499128816586e+02,4.500000000000000000e+01,9.356299000000000287e-07,0.000000000000000000e+00
2.748710662213740274e+00,2.055752262893377917e+02,4.500000000000000000e+01,9.459472000000000307e-07,0.000000000000000000e+00
3.164786233059658560e+00,2.055748102137669377e+02,4.500000000000000000e+01,9.159994000000000436e-07,0.000000000000000000e+00
3.571303340175099539e+00,2.055744036966598287e+02,4.500000000000000000e+01,9.943905999999999522e-07,0.000000000000000000e+00
4.018094319777931744e+00,2.055739569056802338e+02,4.500000000000000000e+01,1.101477999999999985e-06,0.000000000000000000e+00
4.437704059501152543e+00,2.055735372959404970e+02,4.500000000000000000e+01,9.232754000000000355e-07,0.000000000000000000e+00
4.825240716176742772e+00,2.055731497592838366e+02,4.500000000000000000e+01,1.000851999999999968e-06,0.000000000000000000e+00
5.242451810006288682e+00,2.055727325481900039e+02,4.500000000000000000e+01,1.200139999999999999e-06,0.000000000000000000e+00
5.640398264386078608e+00,2.055723346017356050e+02,4.500000000000000000e+01,1.165418999999999988e-06,0.000000000000000000e+00
6.081339698286706508e+00,2.055718936603017255e+02,4.500000000000000000e+01,1.094508000000000075e-06,0.000000000000000000e+00
6.512109542678694574e+00,2.055714628904573260e+02,4.500000000000000000e+01,1.197753999999999993e-06,0.000000000000000000e+00
6.930330771108224930e+00,2.055710446692288826e+02,4.500000000000000000e+01,1.247331999999999936e-06,0.000000000000000000e+00
7.336337364339901690e+00,2.055706386626356732e+02,4.500000000000000000e+01,1.111432000000000102e-06,0.000000000000000000e+00
7.736256541556611133e+00,2.055702387434584466e+02,4.500000000000000000e+01,1.140869999999999971e-06,0.000000000000000000e+00
8.167103783414296103e+00,2.055698078962165880e+02,4.500000000000000000e+01,1.164648000000000093e-06,0.000000000000000000e+00
8.607675590629323636e+00,2.055693673244093702e+02,4.500000000000000000e+01,1.127424000000000024e-06,0.000000000000000000e+00
9.030107402903810865e+00,2.055689448925971021e+02,4.500000000000000000e+01,1.126928999999999913e-06,0.000000000000000000e+00
9.463952721902085585e+00,2.055685110472780934e+02,4.500000000000000000e+01,1.238353000000000051e-06,0.000000000000000000e+00
9.853605739800080698e+00,2.055681213942602028e+02,4.500000000000000000e+01,1.123844000000000094e-06,0.000000000000000000e+00
1.028054976478384219e+01,2.055676944502352228e+02,4.500000000000000000e+01,1.091480999999999952e-06,0.000000000000000000e+00
1.070587984028106199e+01,2.055672691201597218e+02,4.500000000000000000e+01,1.257372999999999913e-06,0.000000000000000000e+00
1.110019248436269912e+01,2.055668748075156316e+02,4.500000000000000000e+01,1.201012999999999956e-06,0.000000000000000000e+00
1.154441794899375395e+01,2.055664305820509981e+02,4.500000000000000000e+01,1.069172999999999961e-06,0.000000000000000000e+00
1.196981431119357531e+01,2.055660051856887947e+02,4.500000000000000000e+01,1.134103999999999976e-06,0.000000000000000000e+00
1.235713411603053657e+01,2.055656178658839792e+02,4.500000000000000000e+01,1.139050999999999947e-06,0.000000000000000000e+00
1.277236430517387689e+01,2.055652026356948170e+02,4.500000000000000000e+01,1.077875000000000035e-06,0.000000000000000000e+00
1.318255008326342370e+01,2.055647924499167516e+02,4.500000000000000000e+01,1.116349999999999908e-06,0.000000000000000000e+00
1.359296274159211571e+01,2.055643820372584116e+02,4.500000000000000000e+01,1.150372999999999921e-06,0.000000000000000000e+00
1.403837851378009027e+01,2.055639366214862207e+02,4.500000000000000000e+01,1.103574000000000032e-06,0.000000000000000000e+00
1.446272173999522792e+01,2.055635122782600206e+02,4.500000000000000000e+01,1.300024000000000074e-06,0.000000000000000000e+00
1.486549460374532039e+01,2.055631095053962554e+02,4.500000000000000000e+01,1.348831999999999938e-06,0.000000000000000000e+00
1.526583269336019377e+01,2.055627091673066502e+02,4.500000000000000000e+01,1.297391000000000027e-06,0.000000000000000000e+00
1.569365253629423940e+01,2.055622813474637098e+02,4.500000000000000000e+01,1.318680000000000053e-06,0.000000000000000000e+00
1.610186824565071007e+01,2.055618731317543393e+02,4.500000000000000000e+01,1.224966000000000038e-06,0.000000000000000000e+00
1.653242321056580977e+01,2.055614425767894318e+02,4.500000000000000000e+01,1.262174999999999905e-06,0.000000000000000000e+00
1.695500380870994306e+01,2.055610199961913054e+02,4.500000000000000000e+01,1.323816999999999975e-06,0.000000000000000000e+00
1.734241603715111069e+01,2.055606325839628425e+02,4.500000000000000000e+01,1.188716999999999990e-06,0.000000000000000000e+00
1.775762837089617463e+01,2.055602173716291077e+02,4.500000000000000000e+01,1.224295999999999967e-06,0.000000000000000000e+00
1.818706693826635501e+01,2.055597879330617275e+02,4.500000000000000000e+01,1.023581999999999960e-06,0.000000000000000000e+00
1.862953349910064915e+01,2.055593454665009006e+02,4.500000000000000000e+01,1.233013000000000031e-06,0.000000000000000000e+00
1.907141314181865610e+01,2.055589035868581789e+02,4.500000000000000000e+01,1.244742000000000016e-06,0.000000000000000000e+00
1.947712930564183509e+01,2.055584978706943673e+02,4.500000000000000000e+01,1.226580999999999937e-06,0.000000000000000000e+00
1.988972056929601351e+01,2.055580852794307134e+02,4.500000000000000000e+01,1.138978000000000050e-06,0.000000000000000000e+00
2.030536356294431144e+01,2.055576696364370548e+02,4.500000000000000000e+01,1.214138999999999964e-06,0.000000000000000000e+00
2.074856553982680651e+01,2.055572264344601763e+02,4.500000000000000000e+01,1.379507000000000072e-06,0.000000000000000000e+00
2.113392640166554770e+01,2.055568410735983491e+02,4.500000000000000000e+01,1.425942000000000077e-06,0.000000000000000000e+00
2.157148497534769049e+01,2.055564035150246411e+02,4.500000000000000000e+01,1.137740999999999997e-06,0.000000000000000000e+00
2.197296575931990148e+01,2.055560020342406915e+02,4.500000000000000000e+01,1.146196000000000029e-06,0.000000000000000000e+00
2.239451044717556982e+01,2.055555804895528240e+02,4.500000000000000000e+01,1.173277000000000058e-06,0.000000000000000000e+00
2.281213473644033130e+01,2.055551628652635543e+02,4.500000000000000000e+01,1.197172000000000021e-06,0.000000000000000000e+00
2.321724071967365433e+01,2.055547577592803350e+02,4.500000000000000000e+01,1.209365999999999925e-06,0.000000000000000000e+00
2.365077741776543974e+01,2.055543242225822382e+02,4.500000000000000000e+01,1.188992999999999985e-06,0.000000000000000000e+00
2.405872426215572091e+01,2.055539162757378335e+02,4.500000000000000000e+01,1.268780999999999931e-06,0.000000000000000000e+00
2.448732708479338172e+01,2.055534876729151961e+02,4.500000000000000000e+01,1.255452000000000038e-06,0.000000000000000000e+00
2.488743673923519140e+01,2.055530875632607604e+02,4.500000000000000000e+01,1.293504999999999908e-06,0.000000000000000000e+00
2.529005898091603655e+01,2.055526849410190948e+02,4.500000000000000000e+01,1.331646000000000091e-06,0.000000000000000000e+00
2.573481646146138857e+01,2.055522401835385438e+02,4.500000000000000000e+01,1.327717000000000056e-06,0.000000000000000000e+00
2.612126021808718335e+01,2.055518537397819046e+02,4.500000000000000000e+01,1.303328000000000009e-06,0.000000000000000000e+00
2.655722793072188281e+01,2.055514177720692715e+02,4.500000000000000000e+01,1.289924999999999978e-06,0.000000000000000000e+00
2.700531359024961731e+01,2.055509696864097577e+02,4.500000000000000000e+01,1.215724999999999909e-06,0.000000000000000000e+00
2.739053354730975443e+01,2.055505844664527046e+02,4.500000000000000000e+01,1.340260000000000065e-06,0.000000000000000000e+00
2.780955932400339137e+01,2.055501654406760110e+02,4.500000000000000000e+01,1.323235000000000003e-06,0.000000000000000000e+00
2.822928777810067658e+01,2.055497457122218918e+02,4.500000000000000000e+01,1.258435000000000005e-06,0.000000000000000000e+00
2.867603921713822146e+01,2.055492989607828633e+02,4.500000000000000000e+01,1.253167000000000067e-06,0.000000000000000000e+00
2.908348474395674543e+01,2.055488915152560594e+02,4.500000000000000000e+01,1.262946000000000012e-06,0.000000000000000000e+00
2.949941189789805307e+01,2.055484755881020931e+02,4.500000000000000000e+01,1.248131999999999996e-06,0.000000000000000000e+00
2.992341369593740907e+01,2.055480515863040694e+02,4.500000000000000000e+01,1.325316000000000060e-06,0.000000000000000000e+00
3.033857602463674041e+01,2.055476364239753764e+02,4.500000000000000000e+01,1.233914999999999942e-06,0.000000000000000000e+00
3.074619910572518933e+01,2.055472288008942883e+02,4.500000000000000000e+01,1.181208000000000025e-06,0.000000000000000000e+00
3.117731101593980014e+01,2.055467976889840713e+02,4.500000000000000000e+01,1.157793999999999998e-06,0.000000000000000000e+00
3.158528147886621085e+01,2.055463897185211408e+02,4.500000000000000000e+01,1.266918999999999991e-06,0.000000000000000000e+00
3.201591114156835260e+01,2.055459590888584387e+02,4.500000000000000000e+01,1.279725000000000059e-06,0.000000000000000000e+00
3.241614289078677302e+01,2.055455588571092278e+02,4.500000000000000000e+01,1.215638000000000049e-06,0.000000000000000000e+00
3.282195616666666638e+01,2.055451530438333236e+02,4.500000000000000000e+01,1.321037000000000105e-06,0.000000000000000000e+00
3.323966346944263250e+01,2.055447353365305503e+02,4.500000000000000000e+01,1.350533999999999909e-06,0.000000000000000000e+00
3.364783339715035737e+01,2.055443271666028409e+02,4.500000000000000000e+01,1.255408000000000094e-06,0.000000000000000000e+00
3.408661010463035979e+01,2.055438883898953577e+02,4.500000000000000000e+01,1.209002000000000042e-06,0.000000000000000000e+00
3.451033392590472459e+01,2.055434646660741009e+02,4.500000000000000000e+01,1.295673000000000037e-06,0.000000000000000000e+00
3.491758868875780308e+01,2.055430574113112527e+02,4.500000000000000000e+01,1.357053000000000075e-06,0.000000000000000000e+00
3.533331339583482844e+01,2.055426416866041563e+02,4.500000000000000000e+01,1.293024999999999999e-06,0.000000000000000000e+00
3.575652319583604566e+01,2.055422184768041802e+02,4.500000000000000000e+01,1.277410999999999923e-06,0.000000000000000000e+00
3.615609499122138004e+01,2.055418189050087676e+02,4.500000000000000000e+01,1.350970999999999902e-06,0.000000000000000000e+00
3.659562588453697884e+01,2.055413793741154791e+02,4.500000000000000000e+01,1.366541000000000034e-06,0.000000000000000000e+00
3.702450867582449945e+01,2.055409504913241676e+02,4.500000000000000000e+01,1.366279000000000001e-06,0.000000000000000000e+00
3.742000280711426541e+01,2.055405549971928849e+02,4.500000000000000000e+01,1.329928999999999918e-06,0.000000000000000000e+00
3.783554375126568203e+01,2.055401394562487383e+02,4.500000000000000000e+01,1.362611999999999999e-06,0.000000000000000000e+00
3.827597743232939109e+01,2.055396990225676745e+02,4.500000000000000000e+01,1.273205000000000077e-06,0.000000000000000000e+00
3.869986239526163274e+01,2.055392751376047329e+02,4.500000000000000000e+01,1.302149000000000075e-06,0.000000000000000000e+00
3.909877171030534271e+01,2.055388762282896948e+02,4.500000000000000000e+01,1.343446999999999946e-06,0.000000000000000000e+00
3.954326046418425022e+01,2.055384317395358096e+02,4.500000000000000000e+01,1.295382000000000052e-06,0.000000000000000000e+00
3.996794923190288529e+01,2.055380070507681012e+02,4.500000000000000000e+01,1.278269000000000102e-06,0.000000000000000000e+00
4.038352459638985437e+01,2.055375914754036160e+02,4.500000000000000000e+01,1.251798999999999998e-06,0.000000000000000000e+00
4.077107130278050562e+01,2.055372039286972097e+02,4.500000000000000000e+01,1.324005999999999898e-06,0.000000000000000000e+00
4.119765147367964886e+01,2.055367773485263285e+02,4.500000000000000000e+01,1.340435000000000025e-06,0.000000000000000000e+00
4.161774984521797904e+01,2.055363572501547935e+02,4.500000000000000000e+01,1.335196000000000040e-06,0.000000000000000000e+00
4.203621498766020892e+01,2.055359387850123483e+02,4.500000000000000000e+01,1.319479999999999901e-06,0.000000000000000000e+00
4.245936584621093601e+01,2.055355156341537963e+02,4.500000000000000000e+01,1.351479999999999976e-06,0.000000000000000000e+00
4.284672462268402171e+01,2.055351282753773319e+02,4.500000000000000000e+01,1.283565999999999994e-06,0.000000000000000000e+00
4.328631473498890614e+01,2.055346886852650243e+02,4.500000000000000000e+01,1.310544999999999960e-06,0.000000000000000000e+00
4.371020769274075946e+01,2.055342647923072548e+02,4.500000000000000000e+01,1.206557000000000102e-06,0.000000000000000000e+00
4.410904247905077824e+01,2.055338659575209590e+02,4.500000000000000000e+01,1.215391000000000007e-06,0.000000000000000000e+00
4.455278842366411851e+01,2.055334222115763509e+02,4.500000000000000000e+01,1.229637000000000014e-06,0.000000000000000000e+00
4.493789447738017628e+01,2.055330371055226237e+02,4.500000000000000000e+01,1.171007000000000078e-06,0.000000000000000000e+00
4.536722605879079140e+01,2.055326077739412085e+02,4.500000000000000000e+01,1.174077999999999934e-06,0.000000000000000000e+00
4.578260686680626179e+01,2.055321923931331867e+02,4.500000000000000000e+01,1.245192999999999972e-06,0.000000000000000000e+00
4.619029940044529070e+01,2.055317847005995588e+02,4.500000000000000000e+01,1.153516000000000070e-06,0.000000000000000000e+00
4.661534989597780765e+01,2.055313596501040365e+02,4.500000000000000000e+01,1.135340000000000001e-06,0.000000000000000000e+00
4.705092491824709100e+01,2.055309240750817423e+02,4.500000000000000000e+01,1.128922999999999898e-06,0.000000000000000000e+00
4.747478749923664054e+01,2.055305002125007547e+02,4.500000000000000000e+01,1.148756999999999994e-06,0.000000000000000000e+00
4.788507225087289498e+01,2.055300899277491169e+02,4.500000000000000000e+01,1.029417000000000092e-06,0.000000000000000000e+00
4.829759723123165571e+01,2.055296774027687832e+02,4.500000000000000000e+01,1.151842000000000025e-06,0.000000000000000000e+00
4.872159024633221236e+01,2.055292534097536645e+02,4.500000000000000000e+01,1.171501999999999977e-06,0.000000000000000000e+00
4.915489191342442155e+01,2.055288201080865917e+02,4.500000000000000000e+01,1.031163000000000007e-06,0.000000000000000000e+00
4.956290991945522961e+01,2.055284120900805362e+02,4.500000000000000000e+01,1.107836999999999969e-06,0.000000000000000000e+00
4.999218127947413848e+01,2.055279828187205169e+02,4.500000000000000000e+01,1.125910999999999976e-06,0.000000000000000000e+00
5.040733952999178058e+01,2.055275676604699981e+02,4.500000000000000000e+01,1.111999000000000083e-06,0.000000000000000000e+00
5.079535873067033691e+01,2.055271796412693277e+02,4.500000000000000000e+01,1.144856999999999913e-06,0.000000000000000000e+00
5.121826927711993704e+01,2.055267567307228944e+02,4.500000000000000000e+01,1.191117999999999986e-06,0.000000000000000000e+00
5.166386145954198383e+01,2.055263111385404500e+02,4.500000000000000000e+01,1.147970999999999897e-06,0.000000000000000000e+00
5.206270173735060069e+01,2.055259122982626536e+02,4.500000000000000000e+01,1.119217000000000062e-06,0.000000000000000000e+00
5.248671976678833317e+01,2.055254882802332190e+02,4.500000000000000000e+01,1.055479999999999972e-06,0.000000000000000000e+00
5.287268305216285569e+01,2.055251023169478515e+02,4.500000000000000000e+01,1.088642999999999963e-06,0.000000000000000000e+00
5.331595017467596165e+01,2.055246590498253170e+02,4.500000000000000000e+01,1.009203999999999909e-06,0.000000000000000000e+00
5.373472542308776667e+01,2.055242402745769255e+02,4.500000000000000000e+01,1.138206999999999943e-06,0.000000000000000000e+00
5.413181513261289979e+01,2.055238431848673883e+02,4.500000000000000000e+01,1.096035999999999902e-06,0.000000000000000000e+00
5.457318403053501044e+01,2.055234018159694642e+02,4.500000000000000000e+01,1.051187000000000054e-06,0.000000000000000000e+00
5.500378810353465298e+01,2.055229712118964756e+02,4.500000000000000000e+01,1.166000999999999960e-06,0.000000000000000000e+00
5.539249289559201372e+01,2.055225825071044028e+02,4.500000000000000000e+01,1.106468999999999900e-06,0.000000000000000000e+00
5.580803383974341614e+01,2.055221669661602562e+02,4.500000000000000000e+01,1.005435000000000056e-06,0.000000000000000000e+00
5.620908145406833967e+01,2.055217659185459240e+02,4.500000000000000000e+01,1.120846999999999952e-06,0.000000000000000000e+00
5.663587486537127091e+01,2.055213391251346309e+02,4.500000000000000000e+01,1.101551000000000094e-06,0.000000000000000000e+00
5.707311295152671704e+01,2.055209018870484670e+02,4.500000000000000000e+01,1.076375999999999950e-06,0.000000000000000000e+00
5.747459198403851843e+01,2.055205004080159767e+02,4.500000000000000000e+01,1.046602999999999939e-06,0.000000000000000000e+00
5.788415965393485152e+01,2.055200908403460573e+02,4.500000000000000000e+01,1.147433000000000081e-06,0.000000000000000000e+00
5.832778940839695281e+01,2.055196472105916143e+02,4.500000000000000000e+01,1.174935999999999901e-06,0.000000000000000000e+00
5.874431732645138737e+01,2.055192306826735376e+02,4.500000000000000000e+01,1.124804999999999940e-06,0.000000000000000000e+00
5.917529223960095663e+01,2.055187997077603939e+02,4.500000000000000000e+01,1.136272000000000105e-06,0.000000000000000000e+00
5.958310514089913568e+01,2.055183918948590929e+02,4.500000000000000000e+01,1.138949000000000096e-06,0.000000000000000000e+00
6.001533345954199206e+01,2.055179596665404631e+02,4.500000000000000000e+01,1.098626000000000033e-06,0.000000000000000000e+00
6.046007914925650084e+01,2.055175149208507435e+02,4.500000000000000000e+01,1.125939999999999930e-06,0.000000000000000000e+00
6.085239841842510344e+01,2.055171226015815762e+02,4.500000000000000000e+01,1.158754000000000028e-06,0.000000000000000000e+00
6.126258379748177418e+01,2.055167124162025232e+02,4.500000000000000000e+01,1.115462999999999988e-06,0.000000000000000000e+00
6.169102290839695257e+01,2.055162839770916037e+02,4.500000000000000000e+01,1.136504999999999972e-06,0.000000000000000000e+00
6.209921949487107184e+01,2.055158757805051266e+02,4.500000000000000000e+01,1.232182999999999990e-06,0.000000000000000000e+00
6.252984885530881343e+01,2.055154451511446894e+02,4.500000000000000000e+01,1.301071999999999992e-06,0.000000000000000000e+00
6.293159584990100086e+01,2.055150434041501057e+02,4.500000000000000000e+01,1.288295999999999905e-06,0.000000000000000000e+00
6.333935482810719009e+01,2.055146356451718930e+02,4.500000000000000000e+01,1.182751000000000054e-06,0.000000000000000000e+00
6.375443705572518382e+01,2.055142205629442742e+02,4.500000000000000000e+01,1.162553000000000074e-06,0.000000000000000000e+00
6.416195333521285704e+01,2.055138130466647794e+02,4.500000000000000000e+01,1.217035000000000071e-06,0.000000000000000000e+00
6.460179186946253083e+01,2.055133732081305311e+02,4.500000000000000000e+01,1.206629999999999999e-06,0.000000000000000000e+00
6.500033403807434240e+01,2.055129746659619343e+02,4.500000000000000000e+01,1.242632000000000006e-06,0.000000000000000000e+00
6.542443306643765766e+01,2.055125505669335553e+02,4.500000000000000000e+01,1.261301999999999948e-06,0.000000000000000000e+00
6.583951812070873189e+01,2.055121354818792838e+02,4.500000000000000000e+01,1.261345000000000076e-06,0.000000000000000000e+00
6.624778775142536347e+01,2.055117272122485872e+02,4.500000000000000000e+01,1.182038000000000066e-06,0.000000000000000000e+00
6.667859226370576664e+01,2.055112964077362960e+02,4.500000000000000000e+01,1.192209000000000032e-06,0.000000000000000000e+00
6.710917829632199982e+01,2.055108658217036748e+02,4.500000000000000000e+01,1.367413999999999991e-06,0.000000000000000000e+00
6.754010174313597759e+01,2.055104348982568752e+02,4.500000000000000000e+01,1.321400999999999988e-06,0.000000000000000000e+00
6.794295935303800604e+01,2.055100320406469621e+02,4.500000000000000000e+01,1.272040999999999922e-06,0.000000000000000000e+00
6.835191606064461212e+01,2.055096230839393456e+02,4.500000000000000000e+01,1.277541999999999940e-06,0.000000000000000000e+00
6.879048916128724045e+01,2.055091845108387076e+02,4.500000000000000000e+01,1.349107999999999933e-06,0.000000000000000000e+00
6.921420701867889136e+01,2.055087607929813203e+02,4.500000000000000000e+01,1.331339999999999903e-06,0.000000000000000000e+00
6.961295198854907085e+01,2.055083620480114632e+02,4.500000000000000000e+01,1.233201999999999954e-06,0.000000000000000000e+00
7.005622064912927272e+01,2.055079187793508595e+02,4.500000000000000000e+01,1.248540000000000035e-06,0.000000000000000000e+00
7.048434540991863173e+01,2.055074906545900717e+02,4.500000000000000000e+01,1.281951000000000095e-06,0.000000000000000000e+00
7.088487509312976442e+01,2.055070901249068811e+02,4.500000000000000000e+01,1.309162999999999929e-06,0.000000000000000000e+00
7.128764415321404613e+01,2.055066873558467933e+02,4.500000000000000000e+01,1.282227000000000090e-06,0.000000000000000000e+00
7.173262214928078606e+01,2.055062423778507252e+02,4.500000000000000000e+01,1.304520999999999906e-06,0.000000000000000000e+00
7.211959404476058921e+01,2.055058554059552307e+02,4.500000000000000000e+01,1.325286999999999895e-06,0.000000000000000000e+00
7.254616019274808991e+01,2.055054288398072515e+02,4.500000000000000000e+01,1.295222000000000082e-06,0.000000000000000000e+00
7.294914422244016805e+01,2.055050258557775749e+02,4.500000000000000000e+01,1.253123999999999939e-06,0.000000000000000000e+00
7.337805394584536600e+01,2.055045969460541642e+02,4.500000000000000000e+01,1.292559000000000053e-06,0.000000000000000000e+00
7.379747333622484007e+01,2.055041775266637671e+02,4.500000000000000000e+01,1.316250000000000103e-06,0.000000000000000000e+00
7.420121317047568255e+01,2.055037737868295267e+02,4.500000000000000000e+01,1.310836999999999974e-06,0.000000000000000000e+00
7.463645846148507701e+01,2.055033385415385112e+02,4.500000000000000000e+01,1.200518000000000057e-06,0.000000000000000000e+00
7.502399368954412751e+01,2.055029510063104681e+02,4.500000000000000000e+01,1.312859000000000096e-06,0.000000000000000000e+00
7.546997997964376736e+01,2.055025050200203509e+02,4.500000000000000000e+01,1.296619000000000104e-06,0.000000000000000000e+00
7.588514731255300205e+01,2.055020898526874475e+02,4.500000000000000000e+01,1.201274999999999989e-06,0.000000000000000000e+00
7.627252421194370413e+01,2.055017024757880506e+02,4.500000000000000000e+01,1.281718000000000016e-06,0.000000000000000000e+00
7.669898628348369130e+01,2.055012760137165060e+02,4.500000000000000000e+01,1.315652999999999929e-06,0.000000000000000000e+00
7.712970895892431145e+01,2.055008452910410881e+02,4.500000000000000000e+01,1.313281000000000098e-06,0.000000000000000000e+00
7.753786855308813131e+01,2.055004371314469154e+02,4.500000000000000000e+01,1.271546000000000023e-06,0.000000000000000000e+00
7.796138125756090176e+01,2.055000136187424289e+02,4.500000000000000000e+01,1.328270000000000075e-06,0.000000000000000000e+00
7.838920858170713757e+01,2.054995857914182977e+02,4.500000000000000000e+01,1.398380999999999927e-06,0.000000000000000000e+00
7.882001639485751809e+01,2.054991549836051377e+02,4.500000000000000000e+01,1.329185999999999949e-06,0.000000000000000000e+00
7.923819139694656144e+01,2.054987368086030415e+02,4.500000000000000000e+01,1.335880000000000075e-06,0.000000000000000000e+00
7.966901687670520005e+01,2.054983059831232879e+02,4.500000000000000000e+01,1.421808999999999917e-06,0.000000000000000000e+00
8.007715170713511554e+01,2.054978978482928653e+02,4.500000000000000000e+01,1.402032999999999939e-06,0.000000000000000000e+00
8.050903930074667869e+01,2.054974659606992589e+02,4.500000000000000000e+01,1.277075999999999993e-06,0.000000000000000000e+00
8.091646087432499712e+01,2.054970585391256748e+02,4.500000000000000000e+01,1.330903999999999938e-06,0.000000000000000000e+00
8.133227684068896224e+01,2.054966427231593116e+02,4.500000000000000000e+01,1.387801999999999922e-06,0.000000000000000000e+00
8.175562997354153083e+01,2.054962193700264663e+02,4.500000000000000000e+01,1.299412999999999937e-06,0.000000000000000000e+00
8.215479100322049533e+01,2.054958202089967756e+02,4.500000000000000000e+01,1.181833999999999940e-06,0.000000000000000000e+00
8.259412000138792109e+01,2.054953808799986064e+02,4.500000000000000000e+01,1.311608000000000081e-06,0.000000000000000000e+00
8.297933657790981954e+01,2.054949956634220882e+02,4.500000000000000000e+01,1.345556999999999957e-06,0.000000000000000000e+00
8.341770935022661604e+01,2.054945572906497659e+02,4.500000000000000000e+01,1.318999999999999992e-06,0.000000000000000000e+00
8.381791430834290679e+01,2.054941570856916542e+02,4.500000000000000000e+01,1.366949000000000073e-06,0.000000000000000000e+00
8.422374834857701842e+01,2.054937512516514175e+02,4.500000000000000000e+01,1.414285999999999989e-06,0.000000000000000000e+00
8.465694684392011027e+01,2.054933180531560879e+02,4.500000000000000000e+01,1.362991000000000085e-06,0.000000000000000000e+00
8.508044539721288402e+01,2.054928945546027990e+02,4.500000000000000000e+01,1.295091000000000066e-06,0.000000000000000000e+00
8.549505809081030350e+01,2.054924799419091812e+02,4.500000000000000000e+01,1.373162000000000051e-06,0.000000000000000000e+00
8.591016096100936750e+01,2.054920648390389886e+02,4.500000000000000000e+01,1.280016000000000045e-06,0.000000000000000000e+00
8.631788735456476047e+01,2.054916571126454414e+02,4.500000000000000000e+01,1.274121999999999979e-06,0.000000000000000000e+00
8.671970884621890718e+01,2.054912552911537773e+02,4.500000000000000000e+01,1.284628999999999902e-06,0.000000000000000000e+00
8.716522098955103104e+01,2.054908097790104478e+02,4.500000000000000000e+01,1.178370000000000036e-06,0.000000000000000000e+00
8.758930628713201827e+01,2.054903856937128808e+02,4.500000000000000000e+01,1.399836000000000068e-06,0.000000000000000000e+00
8.803491321726306751e+01,2.054899400867827524e+02,4.500000000000000000e+01,1.277294000000000082e-06,0.000000000000000000e+00
8.843757279770991886e+01,2.054895374272022934e+02,4.500000000000000000e+01,1.423482999999999962e-06,0.000000000000000000e+00
8.884617809680327127e+01,2.054891288219031935e+02,4.500000000000000000e+01,1.267035000000000016e-06,0.000000000000000000e+00
8.926164636340021730e+01,2.054887133536365980e+02,4.500000000000000000e+01,1.212857999999999967e-06,0.000000000000000000e+00
8.970922017633587586e+01,2.054882657798236778e+02,4.500000000000000000e+01,1.343723999999999969e-06,0.000000000000000000e+00
9.009794404788547695e+01,2.054878770559521115e+02,4.500000000000000000e+01,1.251595999999999900e-06,0.000000000000000000e+00
9.053156022844055428e+01,2.054874434397715675e+02,4.500000000000000000e+01,1.313165000000000073e-06,0.000000000000000000e+00
9.095512799980916441e+01,2.054870198720001895e+02,4.500000000000000000e+01,1.294422000000000022e-06,0.000000000000000000e+00
9.133787672616429631e+01,2.054866371232738516e+02,4.500000000000000000e+01,1.262626000000000073e-06,0.000000000000000000e+00
9.178078009351639821e+01,2.054861942199064799e+02,4.500000000000000000e+01,1.379986999999999981e-06,0.000000000000000000e+00
9.218873277054589721e+01,2.054857862672294573e+02,4.500000000000000000e+01,1.393854999999999930e-06,0.000000000000000000e+00
9.260004468800991617e+01,2.054853749553119826e+02,4.500000000000000000e+01,1.351422000000000069e-06,0.000000000000000000e+00
9.304067549148162186e+01,2.054849343245085151e+02,4.500000000000000000e+01,1.299092999999999998e-06,0.000000000000000000e+00
9.342267753448315659e+01,2.054845523224655324e+02,4.500000000000000000e+01,1.400578000000000010e-06,0.000000000000000000e+00
9.385735357336726281e+01,2.054841176464266255e+02,4.500000000000000000e+01,1.384221999999999992e-06,0.000000000000000000e+00
9.427021330661511911e+01,2.054837047866933801e+02,4.500000000000000000e+01,1.330089000000000099e-06,0.000000000000000000e+00
9.467636889661902444e+01,2.054832986311033949e+02,4.500000000000000000e+01,1.291846000000000065e-06,0.000000000000000000e+00
9.510720722211630118e+01,2.054828677927778813e+02,4.500000000000000000e+01,1.357824999999999997e-06,0.000000000000000000e+00
9.550406568633999882e+01,2.054824709343136533e+02,4.500000000000000000e+01,1.394059000000000056e-06,0.000000000000000000e+00
9.594809493808311629e+01,2.054820269050619288e+02,4.500000000000000000e+01,1.337597000000000036e-06,0.000000000000000000e+00
9.636336319516526316e+01,2.054816116368048426e+02,4.500000000000000000e+01,1.261680000000000006e-06,0.000000000000000000e+00
9.675108326208652443e+01,2.054812239167379175e+02,4.500000000000000000e+01,1.202090000000000039e-06,0.000000000000000000e+00
9.718180653397237734e+01,2.054807931934660417e+02,4.500000000000000000e+01,1.369553999999999983e-06,0.000000000000000000e+00
9.762395266488547918e+01,2.054803510473351196e+02,4.500000000000000000e+01,1.305495999999999926e-06,0.000000000000000000e+00
9.802259730076336552e+01,2.054799524026992401e+02,4.500000000000000000e+01,1.251203000000000063e-06,0.000000000000000000e+00
9.844658489105179910e+01,2.054795284151089447e+02,4.500000000000000000e+01,1.300039000000000065e-06,0.000000000000000000e+00
9.888355535962679710e+01,2.054790914446403747e+02,4.500000000000000000e+01,1.372857000000000102e-06,0.000000000000000000e+00
9.929886165776079565e+01,2.054786761383422515e+02,4.500000000000000000e+01,1.365130000000000049e-06,0.000000000000000000e+00
9.972051221201016347e+01,2.054782544877879786e+02,4.500000000000000000e+01,1.360385999999999963e-06,0.000000000000000000e+00
1.001388155616873945e+02,2.054778361844383028e+02,4.500000000000000000e+01,1.375010000000000029e-06,0.000000000000000000e+00
1.005651197389188383e+02,2.054774098802610922e+02,4.500000000000000000e+01,1.480177000000000033e-06,0.000000000000000000e+00
1.009889363641221536e+02,2.054769860636358771e+02,4.500000000000000000e+01,1.457912999999999987e-06,0.000000000000000000e+00
1.013980087767344003e+02,2.054765769912232543e+02,4.500000000000000000e+01,1.473730999999999977e-06,0.000000000000000000e+00
1.018187148627315821e+02,2.054761562851372787e+02,4.500000000000000000e+01,1.499968000000000002e-06,0.000000000000000000e+00
1.022170145221471245e+02,2.054757579854778555e+02,4.500000000000000000e+01,1.558539000000000004e-06,0.000000000000000000e+00
1.026449435544663942e+02,2.054753300564455287e+02,4.500000000000000000e+01,1.484644999999999911e-06,0.000000000000000000e+00
1.030694596579062363e+02,2.054749055403420925e+02,4.500000000000000000e+01,1.367151999999999959e-06,0.000000000000000000e+00
1.034803317454342988e+02,2.054744946682545788e+02,4.500000000000000000e+01,1.536668000000000006e-06,0.000000000000000000e+00
1.038955697260389996e+02,2.054740794302739744e+02,4.500000000000000000e+01,1.468957999999999938e-06,0.000000000000000000e+00
1.042830580768149957e+02,2.054736919419231924e+02,4.500000000000000000e+01,1.459789999999999918e-06,0.000000000000000000e+00
1.047077001350653944e+02,2.054732672998649434e+02,4.500000000000000000e+01,1.468797999999999968e-06,0.000000000000000000e+00
1.051269115976383262e+02,2.054728480884023725e+02,4.500000000000000000e+01,1.418534999999999963e-06,0.000000000000000000e+00
1.055463050232477400e+02,2.054724286949767418e+02,4.500000000000000000e+01,1.442342000000000039e-06,0.000000000000000000e+00
1.059721652664670017e+02,2.054720028347335301e+02,4.500000000000000000e+01,1.453504000000000043e-06,0.000000000000000000e+00
1.063987917352990422e+02,2.054715762082647075e+02,4.500000000000000000e+01,1.466731000000000086e-06,0.000000000000000000e+00
1.068157999725872997e+02,2.054711592000274152e+02,4.500000000000000000e+01,1.526408999999999940e-06,0.000000000000000000e+00
1.072210517533337963e+02,2.054707539482466814e+02,4.500000000000000000e+01,1.540466000000000025e-06,0.000000000000000000e+00
1.076542646509368382e+02,2.054703207353490768e+02,4.500000000000000000e+01,1.483465999999999977e-06,0.000000000000000000e+00
1.080847734595215996e+02,2.054698902265404854e+02,4.500000000000000000e+01,1.273030999999999933e-06,0.000000000000000000e+00
1.085156077911172758e+02,2.054694593922088757e+02,4.500000000000000000e+01,1.518099000000000100e-06,0.000000000000000000e+00
1.089162594581802637e+02,2.054690587405418114e+02,4.500000000000000000e+01,1.567633999999999914e-06,0.000000000000000000e+00
1.093223886143243391e+02,2.054686526113856644e+02,4.500000000000000000e+01,1.553940999999999925e-06,0.000000000000000000e+00
1.097402192567661388e+02,2.054682347807432450e+02,4.500000000000000000e+01,1.552383999999999933e-06,0.000000000000000000e+00
1.101570061345790634e+02,2.054678179938654239e+02,4.500000000000000000e+01,1.516310000000000056e-06,0.000000000000000000e+00
1.105876310587786406e+02,2.054673873689412176e+02,4.500000000000000000e+01,1.384033000000000069e-06,0.000000000000000000e+00
1.110303933466133941e+02,2.054669446066533851e+02,4.500000000000000000e+01,1.723791000000000086e-06,0.000000000000000000e+00
1.114281942540885950e+02,2.054665468057459066e+02,4.500000000000000000e+01,1.655701999999999932e-06,0.000000000000000000e+00
1.118436240231134207e+02,2.054661313759768859e+02,4.500000000000000000e+01,1.582593999999999937e-06,0.000000000000000000e+00
1.122360146733724235e+02,2.054657389853266238e+02,4.500000000000000000e+01,1.505599000000000008e-06,0.000000000000000000e+00
1.126567693347965218e+02,2.054653182306652184e+02,4.500000000000000000e+01,1.521126000000000012e-06,0.000000000000000000e+00
1.130961941774490782e+02,2.054648788058225648e+02,4.500000000000000000e+01,1.594569999999999964e-06,0.000000000000000000e+00
1.134814157869535052e+02,2.054644935842130451e+02,4.500000000000000000e+01,1.563340999999999996e-06,0.000000000000000000e+00
1.139204425730795549e+02,2.054640545574269197e+02,4.500000000000000000e+01,1.545325999999999924e-06,0.000000000000000000e+00
1.143356265764724640e+02,2.054636393734235185e+02,4.500000000000000000e+01,1.547610999999999894e-06,0.000000000000000000e+00
1.147297166015545997e+02,2.054632452833984360e+02,4.500000000000000000e+01,1.449691000000000034e-06,0.000000000000000000e+00
1.151585970245066193e+02,2.054628164029755055e+02,4.500000000000000000e+01,1.429376000000000001e-06,0.000000000000000000e+00
1.155893600343518841e+02,2.054623856399656461e+02,4.500000000000000000e+01,1.518536000000000092e-06,0.000000000000000000e+00
1.159968634259405036e+02,2.054619781365740607e+02,4.500000000000000000e+01,1.535474000000000082e-06,0.000000000000000000e+00
1.164118401289262437e+02,2.054615631598710763e+02,4.500000000000000000e+01,1.415814000000000028e-06,0.000000000000000000e+00
1.168447221248091665e+02,2.054611302778751849e+02,4.500000000000000000e+01,1.490902000000000045e-06,0.000000000000000000e+00
1.172441514468878836e+02,2.054607308485531121e+02,4.500000000000000000e+01,1.571098000000000031e-06,0.000000000000000000e+00
1.176676597895941967e+02,2.054603073402104201e+02,4.500000000000000000e+01,1.607652000000000028e-06,0.000000000000000000e+00
1.181062734142956430e+02,2.054598687265857109e+02,4.500000000000000000e+01,1.639230000000000101e-06,0.000000000000000000e+00
1.185143772017956820e+02,2.054594606227982183e+02,4.500000000000000000e+01,1.584310999999999899e-06,0.000000000000000000e+00
1.189330919971373390e+02,2.054590419080028596e+02,4.500000000000000000e+01,1.546636000000000086e-06,0.000000000000000000e+00
1.193483656492790601e+02,2.054586266343507361e+02,4.500000000000000000e+01,1.670618000000000011e-06,0.000000000000000000e+00
1.197870685857964190e+02,2.054581879314142157e+02,4.500000000000000000e+01,1.628272000000000010e-06,0.000000000000000000e+00
1.202111366439084748e+02,2.054577638633560923e+02,4.500000000000000000e+01,1.592693000000000033e-06,0.000000000000000000e+00
1.206096761881679242e+02,2.054573653238118425e+02,4.500000000000000000e+01,1.540859000000000073e-06,0.000000000000000000e+00
1.210335525943140169e+02,2.054569414474056828e+02,4.500000000000000000e+01,1.584180000000000094e-06,0.000000000000000000e+00
1.214806922600934769e+02,2.054564943077399164e+02,4.500000000000000000e+01,1.657056000000000038e-06,0.000000000000000000e+00
1.218816828641904806e+02,2.054560933171358101e+02,4.500000000000000000e+01,1.608903000000000044e-06,0.000000000000000000e+00
1.222839381425504399e+02,2.054556910618574648e+02,4.500000000000000000e+01,1.573615000000000052e-06,0.000000000000000000e+00
1.226909889557283009e+02,2.054552840110442844e+02,4.500000000000000000e+01,1.515436000000000071e-06,0.000000000000000000e+00
1.231161859859903132e+02,2.054548588140140168e+02,4.500000000000000000e+01,1.590655000000000104e-06,0.000000000000000000e+00
1.235470898980698422e+02,2.054544279101019413e+02,4.500000000000000000e+01,1.553577000000000042e-06,0.000000000000000000e+00
1.239506163732824575e+02,2.054540243836267166e+02,4.500000000000000000e+01,1.616776000000000104e-06,0.000000000000000000e+00
1.243603141007766339e+02,2.054536146858992254e+02,4.500000000000000000e+01,1.665437999999999961e-06,0.000000000000000000e+00
1.247486825050890644e+02,2.054532263174949094e+02,4.500000000000000000e+01,1.600244999999999914e-06,0.000000000000000000e+00
1.251794694846237235e+02,2.054527955305153739e+02,4.500000000000000000e+01,1.668639000000000017e-06,0.000000000000000000e+00
1.256217117309096238e+02,2.054523532882690802e+02,4.500000000000000000e+01,1.680208000000000033e-06,0.000000000000000000e+00
1.260206231427276578e+02,2.054519543768572873e+02,4.500000000000000000e+01,1.730572000000000073e-06,0.000000000000000000e+00
1.264447208603463793e+02,2.054515302791396607e+02,4.500000000000000000e+01,1.667663999999999997e-06,0.000000000000000000e+00
1.268818161130224951e+02,2.054510931838869681e+02,4.500000000000000000e+01,1.657449000000000087e-06,0.000000000000000000e+00
1.272971691272563390e+02,2.054506778308727348e+02,4.500000000000000000e+01,1.654247000000000003e-06,0.000000000000000000e+00
1.277195183674177628e+02,2.054502554816325812e+02,4.500000000000000000e+01,1.667795000000000013e-06,0.000000000000000000e+00
1.281274005281054826e+02,2.054498475994718945e+02,4.500000000000000000e+01,1.717184000000000032e-06,0.000000000000000000e+00
1.285640059035759464e+02,2.054494109940964393e+02,4.500000000000000000e+01,1.709399000000000072e-06,0.000000000000000000e+00
1.289877487753047660e+02,2.054489872512247075e+02,4.500000000000000000e+01,1.668726000000000089e-06,0.000000000000000000e+00
1.293967138870985139e+02,2.054485782861129053e+02,4.500000000000000000e+01,1.694149000000000091e-06,0.000000000000000000e+00
1.298167322013412104e+02,2.054481582677986751e+02,4.500000000000000000e+01,1.672539000000000098e-06,0.000000000000000000e+00
1.302351605976881785e+02,2.054477398394023169e+02,4.500000000000000000e+01,1.497755999999999929e-06,0.000000000000000000e+00
1.306433584631866438e+02,2.054473316415368060e+02,4.500000000000000000e+01,1.735620999999999895e-06,0.000000000000000000e+00
1.310740512700223235e+02,2.054469009487299900e+02,4.500000000000000000e+01,1.566819000000000075e-06,0.000000000000000000e+00
1.314801738346811817e+02,2.054464948261653205e+02,4.500000000000000000e+01,1.577879000000000017e-06,0.000000000000000000e+00
1.318930765733672672e+02,2.054460819234266467e+02,4.500000000000000000e+01,1.590611999999999976e-06,0.000000000000000000e+00
1.323028841107850724e+02,2.054456721158892094e+02,4.500000000000000000e+01,1.632520999999999984e-06,0.000000000000000000e+00
1.327065016281581507e+02,2.054452684983718314e+02,4.500000000000000000e+01,1.585576999999999905e-06,0.000000000000000000e+00
1.331511953273694360e+02,2.054448238046726374e+02,4.500000000000000000e+01,1.504304000000000048e-06,0.000000000000000000e+00
1.335453705441769614e+02,2.054444296294558114e+02,4.500000000000000000e+01,1.145700999999999917e-06,0.000000000000000000e+00
1.339710617367933025e+02,2.054440039382632222e+02,4.500000000000000000e+01,8.554052000000000131e-07,0.000000000000000000e+00
1.344143878215601546e+02,2.054435606121784303e+02,4.500000000000000000e+01,5.501934000000000303e-07,0.000000000000000000e+00
1.348018533767643987e+02,2.054431731466232520e+02,4.500000000000000000e+01,2.832094000000000002e-07,0.000000000000000000e+00
1.352232329726327578e+02,2.054427517670273744e+02,4.500000000000000000e+01,7.198832000000000520e-08,0.000000000000000000e+00
1.356542044248969887e+02,2.054423207955751138e+02,4.500000000000000000e+01,1.429289000000000034e-07,0.000000000000000000e+00
1.360622906666088170e+02,2.054419127093333941e+02,4.500000000000000000e+01,4.398316000000000221e-07,0.000000000000000000e+00
1.364915633965224799e+02,2.054414834366034768e+02,4.500000000000000000e+01,5.594046999999999958e-07,0.000000000000000000e+00
1.368914743374603518e+02,2.054410835256625489e+02,4.500000000000000000e+01,9.767099999999999626e-07,0.000000000000000000e+00
1.372950175759117997e+02,2.054406799824240863e+02,4.500000000000000000e+01,1.332009999999999974e-06,0.000000000000000000e+00
1.377392793034184990e+02,2.054402357206965917e+02,4.500000000000000000e+01,1.333144999999999964e-06,0.000000000000000000e+00
1.381629530960184979e+02,2.054398120469039952e+02,4.500000000000000000e+01,1.711785000000000078e-06,0.000000000000000000e+00
1.385618204430449225e+02,2.054394131795569649e+02,4.500000000000000000e+01,1.700579999999999945e-06,0.000000000000000000e+00
1.390095071520461545e+02,2.054389654928479558e+02,4.500000000000000000e+01,1.731648999999999944e-06,0.000000000000000000e+00
1.394266949849179582e+02,2.054385483050150754e+02,4.500000000000000000e+01,1.796186999999999909e-06,0.000000000000000000e+00
1.398423815245315041e+02,2.054381326184754641e+02,4.500000000000000000e+01,1.712964000000000012e-06,0.000000000000000000e+00
1.402791586511597757e+02,2.054376958413488410e+02,4.500000000000000000e+01,1.606226000000000052e-06,0.000000000000000000e+00
1.406645494935070531e+02,2.054373104505064873e+02,4.500000000000000000e+01,1.747219000000000076e-06,0.000000000000000000e+00
1.411049996301350120e+02,2.054368700003698791e+02,4.500000000000000000e+01,1.679073000000000043e-06,0.000000000000000000e+00
1.415449245963063731e+02,2.054364300754037060e+02,4.500000000000000000e+01,1.721753999999999973e-06,0.000000000000000000e+00
1.419275305722601388e+02,2.054360474694277343e+02,4.500000000000000000e+01,1.708365999999999933e-06,0.000000000000000000e+00
1.423421818405152806e+02,2.054356328181594904e+02,4.500000000000000000e+01,1.689709999999999955e-06,0.000000000000000000e+00
1.427504084998012104e+02,2.054352245915002015e+02,4.500000000000000000e+01,1.714418999999999941e-06,0.000000000000000000e+00
1.431808261903276218e+02,2.054347941738096779e+02,4.500000000000000000e+01,1.645603000000000048e-06,0.000000000000000000e+00
1.435727009755725305e+02,2.054344022990244412e+02,4.500000000000000000e+01,1.656605000000000083e-06,0.000000000000000000e+00
1.440194460026892216e+02,2.054339555539973219e+02,4.500000000000000000e+01,1.574371999999999984e-06,0.000000000000000000e+00
1.444388992192536136e+02,2.054335361007807421e+02,4.500000000000000000e+01,1.544059999999999918e-06,0.000000000000000000e+00
1.448266388625652894e+02,2.054331483611374267e+02,4.500000000000000000e+01,1.591207999999999911e-06,0.000000000000000000e+00
1.452059514530240847e+02,2.054327690485469873e+02,4.500000000000000000e+01,1.547247000000000011e-06,0.000000000000000000e+00
1.456666106229633328e+02,2.054323083893770274e+02,4.500000000000000000e+01,1.514693999999999918e-06,0.000000000000000000e+00
1.461049549435697088e+02,2.054318700450564279e+02,4.500000000000000000e+01,1.466716999999999911e-06,0.000000000000000000e+00
1.465329558863685975e+02,2.054314420441136235e+02,4.500000000000000000e+01,1.561230999999999986e-06,0.000000000000000000e+00
1.469318168854961755e+02,2.054310431831144967e+02,4.500000000000000000e+01,1.592619999999999924e-06,0.000000000000000000e+00
1.473473348551435436e+02,2.054306276651448684e+02,4.500000000000000000e+01,1.550899000000000023e-06,0.000000000000000000e+00
1.477868699066294482e+02,2.054301881300933701e+02,4.500000000000000000e+01,1.546271999999999991e-06,0.000000000000000000e+00
1.482111181014361421e+02,2.054297638818985661e+02,4.500000000000000000e+01,1.505395999999999910e-06,0.000000000000000000e+00
1.486097336148854993e+02,2.054293652663851049e+02,4.500000000000000000e+01,1.474603999999999934e-06,0.000000000000000000e+00
1.490530668663008953e+02,2.054289219331336938e+02,4.500000000000000000e+01,1.529784999999999957e-06,0.000000000000000000e+00
1.494799904798155126e+02,2.054284950095201907e+02,4.500000000000000000e+01,1.515668999999999938e-06,0.000000000000000000e+00
1.498673947024333302e+02,2.054281076052975550e+02,4.500000000000000000e+01,1.349369999999999966e-06,0.000000000000000000e+00
1.502826400564052278e+02,2.054276923599435918e+02,4.500000000000000000e+01,1.318927000000000095e-06,0.000000000000000000e+00
1.507074263407863555e+02,2.054272675736592078e+02,4.500000000000000000e+01,1.432926999999999977e-06,0.000000000000000000e+00
1.511153513231983538e+02,2.054268596486768104e+02,4.500000000000000000e+01,1.401102000000000074e-06,0.000000000000000000e+00
1.515505235811922944e+02,2.054264244764188163e+02,4.500000000000000000e+01,1.401248000000000081e-06,0.000000000000000000e+00
1.519540600734748921e+02,2.054260209399265307e+02,4.500000000000000000e+01,1.289605000000000039e-06,0.000000000000000000e+00
1.523731647781674212e+02,2.054256018352218405e+02,4.500000000000000000e+01,1.293985000000000029e-06,0.000000000000000000e+00
1.527927105201249276e+02,2.054251822894798636e+02,4.500000000000000000e+01,1.361434000000000093e-06,0.000000000000000000e+00
1.531956346274182295e+02,2.054247793653725864e+02,4.500000000000000000e+01,1.397638999999999986e-06,0.000000000000000000e+00
1.536312155343410666e+02,2.054243437844656626e+02,4.500000000000000000e+01,1.363587000000000019e-06,0.000000000000000000e+00
1.540392496475384974e+02,2.054239357503524559e+02,4.500000000000000000e+01,1.306033999999999954e-06,0.000000000000000000e+00
1.544635529733082535e+02,2.054235114470266979e+02,4.500000000000000000e+01,1.309774000000000066e-06,0.000000000000000000e+00
1.548663152533218863e+02,2.054231086847466941e+02,4.500000000000000000e+01,1.382592000000000103e-06,0.000000000000000000e+00
1.552669741492300091e+02,2.054227080258507669e+02,4.500000000000000000e+01,1.268882999999999994e-06,0.000000000000000000e+00
1.556945861018845960e+02,2.054222804138981076e+02,4.500000000000000000e+01,1.238514000000000048e-06,0.000000000000000000e+00
1.561147835082501842e+02,2.054218602164917513e+02,4.500000000000000000e+01,1.258231000000000092e-06,0.000000000000000000e+00
1.565364853881679323e+02,2.054214385146118218e+02,4.500000000000000000e+01,1.250912000000000078e-06,0.000000000000000000e+00
1.569835881066638308e+02,2.054209914118933398e+02,4.500000000000000000e+01,1.281368999999999912e-06,0.000000000000000000e+00
1.573716960822363546e+02,2.054206033039177726e+02,4.500000000000000000e+01,1.304913999999999955e-06,0.000000000000000000e+00
1.577863982544066630e+02,2.054201886017455934e+02,4.500000000000000000e+01,1.305655999999999896e-06,0.000000000000000000e+00
1.582106649656907393e+02,2.054197643350343014e+02,4.500000000000000000e+01,1.236068999999999896e-06,0.000000000000000000e+00
1.586413790101930203e+02,2.054193336209898177e+02,4.500000000000000000e+01,1.345339000000000080e-06,0.000000000000000000e+00
1.590795378691285578e+02,2.054188954621308767e+02,4.500000000000000000e+01,1.289211999999999990e-06,0.000000000000000000e+00
1.594801182780681188e+02,2.054184948817219265e+02,4.500000000000000000e+01,1.269304999999999996e-06,0.000000000000000000e+00
1.599187158816793897e+02,2.054180562841183360e+02,4.500000000000000000e+01,1.274165999999999923e-06,0.000000000000000000e+00
1.603342057102870513e+02,2.054176407942897242e+02,4.500000000000000000e+01,1.253866000000000092e-06,0.000000000000000000e+00
1.607496898536543029e+02,2.054172253101463355e+02,4.500000000000000000e+01,1.268344999999999966e-06,0.000000000000000000e+00
1.611574729795493397e+02,2.054168175270204415e+02,4.500000000000000000e+01,1.260471999999999906e-06,0.000000000000000000e+00
1.615883758703996875e+02,2.054163866241296148e+02,4.500000000000000000e+01,1.256208999999999969e-06,0.000000000000000000e+00
1.619964312160118141e+02,2.054159785687839985e+02,4.500000000000000000e+01,1.262727999999999923e-06,0.000000000000000000e+00
1.624116034118800940e+02,2.054155633965881123e+02,4.500000000000000000e+01,1.256106999999999907e-06,0.000000000000000000e+00
1.628356972325041738e+02,2.054151393027674999e+02,4.500000000000000000e+01,1.137231999999999923e-06,0.000000000000000000e+00
1.632429594068560732e+02,2.054147320405931509e+02,4.500000000000000000e+01,1.285109000000000023e-06,0.000000000000000000e+00
1.636669234255725200e+02,2.054143080765744287e+02,4.500000000000000000e+01,1.310966999999999963e-06,0.000000000000000000e+00
1.640657637764259675e+02,2.054139092362235886e+02,4.500000000000000000e+01,1.329084999999999913e-06,0.000000000000000000e+00
1.645123397100711600e+02,2.054134626602899232e+02,4.500000000000000000e+01,1.258813000000000063e-06,0.000000000000000000e+00
1.648886551167728101e+02,2.054130863448832258e+02,4.500000000000000000e+01,1.291686000000000096e-06,0.000000000000000000e+00
1.653193850305343631e+02,2.054126556149694807e+02,4.500000000000000000e+01,1.325693999999999906e-06,0.000000000000000000e+00
1.657374408681659474e+02,2.054122375591318246e+02,4.500000000000000000e+01,1.308072000000000094e-06,0.000000000000000000e+00
1.661456842141788286e+02,2.054118293157858375e+02,4.500000000000000000e+01,1.267879000000000020e-06,0.000000000000000000e+00
1.665766553258007718e+02,2.054113983446742111e+02,4.500000000000000000e+01,1.233828000000000082e-06,0.000000000000000000e+00
1.670079388412891603e+02,2.054109670611587148e+02,4.500000000000000000e+01,1.269145000000000027e-06,0.000000000000000000e+00
1.674320068994012161e+02,2.054105429931005915e+02,4.500000000000000000e+01,1.285588999999999932e-06,0.000000000000000000e+00
1.678459486033267467e+02,2.054101290513966660e+02,4.500000000000000000e+01,1.267675999999999923e-06,0.000000000000000000e+00
1.682546510240411521e+02,2.054097203489759522e+02,4.500000000000000000e+01,1.215623000000000059e-06,0.000000000000000000e+00
1.686844848541314263e+02,2.054092905151458694e+02,4.500000000000000000e+01,1.243869000000000059e-06,0.000000000000000000e+00
1.691152754645095513e+02,2.054088597245354890e+02,4.500000000000000000e+01,1.292283000000000058e-06,0.000000000000000000e+00
1.695233087265077927e+02,2.054084516912734841e+02,4.500000000000000000e+01,1.197855000000000028e-06,0.000000000000000000e+00
1.699442585017626755e+02,2.054080307414982371e+02,4.500000000000000000e+01,1.305480999999999936e-06,0.000000000000000000e+00
1.703626141451714204e+02,2.054076123858548328e+02,4.500000000000000000e+01,1.360792999999999975e-06,0.000000000000000000e+00
1.707478341022315647e+02,2.054072271658977797e+02,4.500000000000000000e+01,1.386636999999999951e-06,0.000000000000000000e+00
1.711963872687022956e+02,2.054067786127313013e+02,4.500000000000000000e+01,1.363311000000000024e-06,0.000000000000000000e+00
1.715953533941172395e+02,2.054063796466058989e+02,4.500000000000000000e+01,1.362729000000000052e-06,0.000000000000000000e+00
1.720189707416030558e+02,2.054059560292583910e+02,4.500000000000000000e+01,1.376334999999999969e-06,0.000000000000000000e+00
1.724250068816551504e+02,2.054055499931183419e+02,4.500000000000000000e+01,1.417604000000000099e-06,0.000000000000000000e+00
1.728517018076178715e+02,2.054051232981923931e+02,4.500000000000000000e+01,1.412525000000000084e-06,0.000000000000000000e+00
1.732637892744030808e+02,2.054047112107255941e+02,4.500000000000000000e+01,1.408537999999999930e-06,0.000000000000000000e+00
1.736640856104391730e+02,2.054043109143895549e+02,4.500000000000000000e+01,1.452063000000000077e-06,0.000000000000000000e+00
1.741027308489514382e+02,2.054038722691510372e+02,4.500000000000000000e+01,1.536057000000000081e-06,0.000000000000000000e+00
1.745307897941234785e+02,2.054034442102058904e+02,4.500000000000000000e+01,1.468186000000000015e-06,0.000000000000000000e+00
1.749283787692959891e+02,2.054030466212307147e+02,4.500000000000000000e+01,1.265695999999999901e-06,0.000000000000000000e+00
1.753439522353752125e+02,2.054026310477646291e+02,4.500000000000000000e+01,1.451727999999999935e-06,0.000000000000000000e+00
1.757801316844068538e+02,2.054021948683156040e+02,4.500000000000000000e+01,1.587118999999999906e-06,0.000000000000000000e+00
1.761819131198473372e+02,2.054017930868801614e+02,4.500000000000000000e+01,1.577630999999999947e-06,0.000000000000000000e+00
1.766059295250363732e+02,2.054013690704749706e+02,4.500000000000000000e+01,1.465087000000000022e-06,0.000000000000000000e+00
1.770052030653403108e+02,2.054009697969346746e+02,4.500000000000000000e+01,1.471388000000000099e-06,0.000000000000000000e+00
1.774491906651469719e+02,2.054005258093348516e+02,4.500000000000000000e+01,1.486332999999999920e-06,0.000000000000000000e+00
1.778644814652636228e+02,2.054001105185347456e+02,4.500000000000000000e+01,1.440129999999999966e-06,0.000000000000000000e+00
1.782798336887192363e+02,2.053996951663112895e+02,4.500000000000000000e+01,1.466746000000000077e-06,0.000000000000000000e+00
1.786880804984394047e+02,2.053992869195015487e+02,4.500000000000000000e+01,1.430947999999999983e-06,0.000000000000000000e+00
1.791129703229164534e+02,2.053988620296770762e+02,4.500000000000000000e+01,1.424792999999999913e-06,0.000000000000000000e+00
1.795482546759226068e+02,2.053984267453240875e+02,4.500000000000000000e+01,1.498279999999999993e-06,0.000000000000000000e+00
1.799722977196975080e+02,2.053980027022803085e+02,4.500000000000000000e+01,1.442676999999999969e-06,0.000000000000000000e+00
1.804120454036631997e+02,2.053975629545963386e+02,4.500000000000000000e+01,1.340900999999999971e-06,0.000000000000000000e+00
1.808199025709582770e+02,2.053971550974290494e+02,4.500000000000000000e+01,1.373103999999999932e-06,0.000000000000000000e+00
1.812213637357623099e+02,2.053967536362642363e+02,4.500000000000000000e+01,1.421038000000000022e-06,0.000000000000000000e+00
1.816520853255838972e+02,2.053963229146744141e+02,4.500000000000000000e+01,1.384600000000000050e-06,0.000000000000000000e+00
1.820601413278393181e+02,2.053959148586721710e+02,4.500000000000000000e+01,1.325476000000000030e-06,0.000000000000000000e+00
1.824889706109682663e+02,2.053954860293890476e+02,4.500000000000000000e+01,1.194988999999999902e-06,0.000000000000000000e+00
1.828768196874469538e+02,2.053950981803125444e+02,4.500000000000000000e+01,1.342719999999999995e-06,0.000000000000000000e+00
1.832923706196623073e+02,2.053946826293803269e+02,4.500000000000000000e+01,1.376844000000000043e-06,0.000000000000000000e+00
1.836975217236347930e+02,2.053942774782763649e+02,4.500000000000000000e+01,1.339750999999999991e-06,0.000000000000000000e+00
1.841237902001691964e+02,2.053938512097998341e+02,4.500000000000000000e+01,1.287814999999999968e-06,0.000000000000000000e+00
1.845500320114508384e+02,2.053934249679885511e+02,4.500000000000000000e+01,1.324486000000000019e-06,0.000000000000000000e+00
1.849548122442747911e+02,2.053930201877557238e+02,4.500000000000000000e+01,1.271313999999999971e-06,0.000000000000000000e+00
1.853701362669706043e+02,2.053926048637330268e+02,4.500000000000000000e+01,1.320368000000000061e-06,0.000000000000000000e+00
1.858017588885948896e+02,2.053921732411114078e+02,4.500000000000000000e+01,1.331063999999999908e-06,0.000000000000000000e+00
1.862056771762684662e+02,2.053917693228237340e+02,4.500000000000000000e+01,1.354462999999999944e-06,0.000000000000000000e+00
1.866296201626947209e+02,2.053913453798373041e+02,4.500000000000000000e+01,1.296678000000000039e-06,0.000000000000000000e+00
1.870711046103664899e+02,2.053909038953896413e+02,4.500000000000000000e+01,1.335327000000000056e-06,0.000000000000000000e+00
1.875016875955845705e+02,2.053904733124044242e+02,4.500000000000000000e+01,1.310108999999999995e-06,0.000000000000000000e+00
1.879172210845283075e+02,2.053900577789154624e+02,4.500000000000000000e+01,1.313732000000000054e-06,0.000000000000000000e+00
1.883048511722638807e+02,2.053896701488277472e+02,4.500000000000000000e+01,1.286244000000000013e-06,0.000000000000000000e+00
1.887480593636298352e+02,2.053892269406363766e+02,4.500000000000000000e+01,1.324252999999999940e-06,0.000000000000000000e+00
1.891717712571388006e+02,2.053888032287428587e+02,4.500000000000000000e+01,1.418768000000000042e-06,0.000000000000000000e+00
1.895708196684080917e+02,2.053884041803316052e+02,4.500000000000000000e+01,1.401640000000000102e-06,0.000000000000000000e+00
1.899948818847327914e+02,2.053879801181152800e+02,4.500000000000000000e+01,1.348103999999999960e-06,0.000000000000000000e+00
1.904375835517268740e+02,2.053875374164482821e+02,4.500000000000000000e+01,1.421677999999999901e-06,0.000000000000000000e+00
1.908428427785013923e+02,2.053871321572214868e+02,4.500000000000000000e+01,1.442939000000000001e-06,0.000000000000000000e+00
1.912421961361960427e+02,2.053867328038637936e+02,4.500000000000000000e+01,1.428284999999999955e-06,0.000000000000000000e+00
1.916731375882021098e+02,2.053863018624118126e+02,4.500000000000000000e+01,1.389882999999999979e-06,0.000000000000000000e+00
1.920814963024007227e+02,2.053858935036975879e+02,4.500000000000000000e+01,1.444800999999999942e-06,0.000000000000000000e+00
1.925112199902192742e+02,2.053854637800097862e+02,4.500000000000000000e+01,1.415785000000000074e-06,0.000000000000000000e+00
1.929025305432570008e+02,2.053850724694567589e+02,4.500000000000000000e+01,1.441701999999999948e-06,0.000000000000000000e+00
1.933180821569698082e+02,2.053846569178430457e+02,4.500000000000000000e+01,1.362611999999999999e-06,0.000000000000000000e+00
1.937364242833163530e+02,2.053842385757166937e+02,4.500000000000000000e+01,1.341889999999999954e-06,0.000000000000000000e+00
1.941444402267572116e+02,2.053838305597732585e+02,4.500000000000000000e+01,1.316701000000000059e-06,0.000000000000000000e+00
1.945828466308833242e+02,2.053833921533691296e+02,4.500000000000000000e+01,1.289401999999999941e-06,0.000000000000000000e+00
1.950055330307343979e+02,2.053829694669692572e+02,4.500000000000000000e+01,1.332998999999999958e-06,0.000000000000000000e+00
1.953946766306191876e+02,2.053825803233693819e+02,4.500000000000000000e+01,1.253196000000000020e-06,0.000000000000000000e+00
1.958380320106021486e+02,2.053821369679893962e+02,4.500000000000000000e+01,1.200008999999999982e-06,0.000000000000000000e+00
1.962529252216608029e+02,2.053817220747783381e+02,4.500000000000000000e+01,1.235748999999999957e-06,0.000000000000000000e+00
1.966520100548200105e+02,2.053813229899451756e+02,4.500000000000000000e+01,1.245295000000000035e-06,0.000000000000000000e+00
1.970918386342521273e+02,2.053808831613657446e+02,4.500000000000000000e+01,1.155378000000000011e-06,0.000000000000000000e+00
1.975206591642480021e+02,2.053804543408357404e+02,4.500000000000000000e+01,1.241860000000000084e-06,0.000000000000000000e+00
1.979150151388660674e+02,2.053800599848611341e+02,4.500000000000000000e+01,1.259948000000000053e-06,0.000000000000000000e+00
1.983303914512007964e+02,2.053796446085488014e+02,4.500000000000000000e+01,1.138075999999999927e-06,0.000000000000000000e+00
1.987713438080106982e+02,2.053792036561920042e+02,4.500000000000000000e+01,1.057226000000000099e-06,0.000000000000000000e+00
1.991954618947970914e+02,2.053787795381051922e+02,4.500000000000000000e+01,1.323685999999999959e-06,0.000000000000000000e+00
1.996311438247668377e+02,2.053783438561752348e+02,4.500000000000000000e+01,1.192646000000000024e-06,0.000000000000000000e+00
2.000391614965301983e+02,2.053779358385034755e+02,4.500000000000000000e+01,1.215769000000000065e-06,0.000000000000000000e+00
2.004629059760913492e+02,2.053775120940238992e+02,4.500000000000000000e+01,1.280117000000000080e-06,0.000000000000000000e+00
2.008784535467966919e+02,2.053770965464532026e+02,4.500000000000000000e+01,1.355437999999999964e-06,0.000000000000000000e+00
2.012658608638676867e+02,2.053767091391361248e+02,4.500000000000000000e+01,1.349354999999999975e-06,0.000000000000000000e+00
2.016934924328778891e+02,2.053762815075671142e+02,4.500000000000000000e+01,1.321241000000000019e-06,0.000000000000000000e+00
2.021140508092161099e+02,2.053758609491907805e+02,4.500000000000000000e+01,1.332198999999999898e-06,0.000000000000000000e+00
2.025359039625944888e+02,2.053754390960374110e+02,4.500000000000000000e+01,1.260719999999999976e-06,0.000000000000000000e+00
2.029597618980463096e+02,2.053750152381019518e+02,4.500000000000000000e+01,1.400504999999999900e-06,0.000000000000000000e+00
2.033430922231823672e+02,2.053746319077768305e+02,4.500000000000000000e+01,1.360750000000000058e-06,0.000000000000000000e+00
2.037795519326841713e+02,2.053741954480673257e+02,4.500000000000000000e+01,1.352760999999999973e-06,0.000000000000000000e+00
2.041815202992366380e+02,2.053737934797007654e+02,4.500000000000000000e+01,1.266162000000000059e-06,0.000000000000000000e+00
2.046183516439895129e+02,2.053733566483560082e+02,4.500000000000000000e+01,1.169057000000000037e-06,0.000000000000000000e+00
2.050039286759541994e+02,2.053729710713240593e+02,4.500000000000000000e+01,1.270614999999999946e-06,0.000000000000000000e+00
2.054474120642528021e+02,2.053725275879357355e+02,4.500000000000000000e+01,1.290230999999999955e-06,0.000000000000000000e+00
2.058631555853368127e+02,2.053721118444146612e+02,4.500000000000000000e+01,1.228473000000000071e-06,0.000000000000000000e+00
2.062757327146163107e+02,2.053716992672853792e+02,4.500000000000000000e+01,1.193315000000000068e-06,0.000000000000000000e+00
2.066813637891175972e+02,2.053712936362108792e+02,4.500000000000000000e+01,1.205145999999999905e-06,0.000000000000000000e+00
2.071121702972392882e+02,2.053708628297027587e+02,4.500000000000000000e+01,1.033345999999999915e-06,0.000000000000000000e+00
2.075470315308936904e+02,2.053704279684691016e+02,4.500000000000000000e+01,1.110252999999999956e-06,0.000000000000000000e+00
2.079956166535372688e+02,2.053699793833464753e+02,4.500000000000000000e+01,1.241001999999999905e-06,0.000000000000000000e+00
2.083818101003231220e+02,2.053695931898996889e+02,4.500000000000000000e+01,1.173596999999999997e-06,0.000000000000000000e+00
2.087988988605507927e+02,2.053691761011394590e+02,4.500000000000000000e+01,1.212596999999999962e-06,0.000000000000000000e+00
2.092205697528138728e+02,2.053687544302471792e+02,4.500000000000000000e+01,1.153254000000000038e-06,0.000000000000000000e+00
2.096384633854848403e+02,2.053683365366145210e+02,4.500000000000000000e+01,1.170862000000000099e-06,0.000000000000000000e+00
2.100592384442757918e+02,2.053679157615557358e+02,4.500000000000000000e+01,1.214866999999999942e-06,0.000000000000000000e+00
2.104874779683516124e+02,2.053674875220316380e+02,4.500000000000000000e+01,1.053339999999999981e-06,0.000000000000000000e+00
2.108976765305343690e+02,2.053670773234694593e+02,4.500000000000000000e+01,9.902723999999999041e-07,0.000000000000000000e+00
2.112902320935139642e+02,2.053666847679064915e+02,4.500000000000000000e+01,1.272230000000000057e-06,0.000000000000000000e+00
2.117350022849782079e+02,2.053662399977150130e+02,4.500000000000000000e+01,1.188266000000000034e-06,0.000000000000000000e+00
2.121335972511450336e+02,2.053658414027488561e+02,4.500000000000000000e+01,1.188920999999999903e-06,0.000000000000000000e+00
2.125749434736179921e+02,2.053654000565263971e+02,4.500000000000000000e+01,1.259526000000000051e-06,0.000000000000000000e+00
2.129602543917069113e+02,2.053650147456083062e+02,4.500000000000000000e+01,1.283523000000000078e-06,0.000000000000000000e+00
2.133944949443884980e+02,2.053645805050556135e+02,4.500000000000000000e+01,1.254418999999999899e-06,0.000000000000000000e+00
2.137991006483626109e+02,2.053641758993516362e+02,4.500000000000000000e+01,1.229505999999999998e-06,0.000000000000000000e+00
2.142028829699181927e+02,2.053637721170300949e+02,4.500000000000000000e+01,1.319057999999999899e-06,0.000000000000000000e+00
2.146379101382316890e+02,2.053633370898617727e+02,4.500000000000000000e+01,1.233667999999999900e-06,0.000000000000000000e+00
2.150630133939128825e+02,2.053629119866060933e+02,4.500000000000000000e+01,1.235661000000000069e-06,0.000000000000000000e+00
2.154715063295782898e+02,2.053625034936704310e+02,4.500000000000000000e+01,1.337247999999999932e-06,0.000000000000000000e+00
2.158866436201128920e+02,2.053620883563798998e+02,4.500000000000000000e+01,1.310327000000000084e-06,0.000000000000000000e+00
2.163154507640527697e+02,2.053616595492359522e+02,4.500000000000000000e+01,1.196458000000000006e-06,0.000000000000000000e+00
2.167007121993450767e+02,2.053612742878006543e+02,4.500000000000000000e+01,1.207998000000000068e-06,0.000000000000000000e+00
2.171446768558410270e+02,2.053608303231441710e+02,4.500000000000000000e+01,1.198670000000000079e-06,0.000000000000000000e+00
2.175778931993160938e+02,2.053603971068006899e+02,4.500000000000000000e+01,1.270483999999999930e-06,0.000000000000000000e+00
2.179672930384789709e+02,2.053600077069615111e+02,4.500000000000000000e+01,1.277484000000000033e-06,0.000000000000000000e+00
2.184068393246215862e+02,2.053595681606753942e+02,4.500000000000000000e+01,1.268388999999999910e-06,0.000000000000000000e+00
2.188358480014843224e+02,2.053591391519985052e+02,4.500000000000000000e+01,1.294596999999999982e-06,0.000000000000000000e+00
2.192512499767275926e+02,2.053587237500232732e+02,4.500000000000000000e+01,1.268358999999999929e-06,0.000000000000000000e+00
2.196816072305524017e+02,2.053582933927694398e+02,4.500000000000000000e+01,1.242383999999999937e-06,0.000000000000000000e+00
2.200898070436781495e+02,2.053578851929563314e+02,4.500000000000000000e+01,1.235676000000000059e-06,0.000000000000000000e+00
2.205207584389312672e+02,2.053574542415610722e+02,4.500000000000000000e+01,1.208943999999999923e-06,0.000000000000000000e+00
2.209408852482307566e+02,2.053570341147517695e+02,4.500000000000000000e+01,1.124120999999999905e-06,0.000000000000000000e+00
2.213287932737827077e+02,2.053566462067262250e+02,4.500000000000000000e+01,6.772460999999999938e-07,0.000000000000000000e+00
2.217698323269162017e+02,2.053562051676730960e+02,4.500000000000000000e+01,7.511552999999999552e-07,0.000000000000000000e+00
2.221614162501639953e+02,2.053558135837498355e+02,4.500000000000000000e+01,1.370804999999999998e-06,0.000000000000000000e+00
2.225923174739855881e+02,2.053553826825260273e+02,4.500000000000000000e+01,1.258581000000000012e-06,0.000000000000000000e+00
2.230144531840068680e+02,2.053549605468159882e+02,4.500000000000000000e+01,1.233595000000000003e-06,0.000000000000000000e+00
2.234146293933056313e+02,2.053545603706066913e+02,4.500000000000000000e+01,1.322244999999999992e-06,0.000000000000000000e+00
2.238482663399687169e+02,2.053541267336600242e+02,4.500000000000000000e+01,1.311622000000000044e-06,0.000000000000000000e+00
2.242392186944455545e+02,2.053537357813055451e+02,4.500000000000000000e+01,1.358551999999999948e-06,0.000000000000000000e+00
2.246688915363362469e+02,2.053533061084636699e+02,4.500000000000000000e+01,1.399167000000000024e-06,0.000000000000000000e+00
2.250914730897163167e+02,2.053528835269102899e+02,4.500000000000000000e+01,1.426946000000000051e-06,0.000000000000000000e+00
2.255075775463555203e+02,2.053524674224536568e+02,4.500000000000000000e+01,1.412190999999999970e-06,0.000000000000000000e+00
2.259244199479417716e+02,2.053520505800520652e+02,4.500000000000000000e+01,1.385269999999999910e-06,0.000000000000000000e+00
2.263309205234857870e+02,2.053516440794765288e+02,4.500000000000000000e+01,1.428911000000000082e-06,0.000000000000000000e+00
2.267317845584784664e+02,2.053512432154415137e+02,4.500000000000000000e+01,1.440945000000000016e-06,0.000000000000000000e+00
2.271789315680240691e+02,2.053507960684319755e+02,4.500000000000000000e+01,1.498367000000000066e-06,0.000000000000000000e+00
2.276029686479162137e+02,2.053503720313520944e+02,4.500000000000000000e+01,1.544511000000000085e-06,0.000000000000000000e+00
2.280471018736527640e+02,2.053499278981263387e+02,4.500000000000000000e+01,1.534499000000000061e-06,0.000000000000000000e+00
2.284507093227730365e+02,2.053495242906772376e+02,4.500000000000000000e+01,1.527906999999999998e-06,0.000000000000000000e+00
2.288610314569406512e+02,2.053491139685430653e+02,4.500000000000000000e+01,1.510693000000000013e-06,0.000000000000000000e+00
2.292763500508388859e+02,2.053486986499491707e+02,4.500000000000000000e+01,1.553271000000000065e-06,0.000000000000000000e+00
2.297023254779120123e+02,2.053482726745220930e+02,4.500000000000000000e+01,1.557709999999999990e-06,0.000000000000000000e+00
2.301105406619678320e+02,2.053478644593380409e+02,4.500000000000000000e+01,1.580251000000000060e-06,0.000000000000000000e+00
2.305453938561511507e+02,2.053474296061438622e+02,4.500000000000000000e+01,1.631081000000000046e-06,0.000000000000000000e+00
2.309492147751296045e+02,2.053470257852248722e+02,4.500000000000000000e+01,1.675988000000000012e-06,0.000000000000000000e+00
2.313677789458718053e+02,2.053466072210541427e+02,4.500000000000000000e+01,1.631560999999999955e-06,0.000000000000000000e+00
2.317876779871616861e+02,2.053461873220128382e+02,4.500000000000000000e+01,1.618944000000000021e-06,0.000000000000000000e+00
2.321905332867673621e+02,2.053457844667132406e+02,4.500000000000000000e+01,1.578388000000000091e-06,0.000000000000000000e+00
2.326267541475601490e+02,2.053453482458524491e+02,4.500000000000000000e+01,1.627093000000000076e-06,0.000000000000000000e+00
2.330134243068702062e+02,2.053449615756931337e+02,4.500000000000000000e+01,1.675055999999999908e-06,0.000000000000000000e+00
2.334580967811911876e+02,2.053445169032188176e+02,4.500000000000000000e+01,1.629013999999999952e-06,0.000000000000000000e+00
2.338610795070492827e+02,2.053441139204929584e+02,4.500000000000000000e+01,1.686464999999999954e-06,0.000000000000000000e+00
2.342606973967715476e+02,2.053437143026032174e+02,4.500000000000000000e+01,1.656925000000000022e-06,0.000000000000000000e+00
2.346895601922276455e+02,2.053432854398077723e+02,4.500000000000000000e+01,1.407548999999999947e-06,0.000000000000000000e+00
2.351103397109515925e+02,2.053428646602890524e+02,4.500000000000000000e+01,1.503999000000000099e-06,0.000000000000000000e+00
2.355283592078073980e+02,2.053424466407921898e+02,4.500000000000000000e+01,1.665029999999999922e-06,0.000000000000000000e+00
2.359502373528414125e+02,2.053420247626471564e+02,4.500000000000000000e+01,1.729335000000000020e-06,0.000000000000000000e+00
2.363674618965083880e+02,2.053416075381034887e+02,4.500000000000000000e+01,1.815133000000000058e-06,0.000000000000000000e+00
2.367783040041985885e+02,2.053411966959957908e+02,4.500000000000000000e+01,1.837935999999999948e-06,0.000000000000000000e+00
2.372023720623106442e+02,2.053407726279376959e+02,4.500000000000000000e+01,1.751599000000000066e-06,0.000000000000000000e+00
2.376375994378781513e+02,2.053403374005621345e+02,4.500000000000000000e+01,1.846404999999999943e-06,0.000000000000000000e+00
2.380453642546842445e+02,2.053399296357453068e+02,4.500000000000000000e+01,1.890759000000000103e-06,0.000000000000000000e+00
2.384709320264001917e+02,2.053395040679735928e+02,4.500000000000000000e+01,1.850202999999999961e-06,0.000000000000000000e+00
2.388865140174410726e+02,2.053390884859825576e+02,4.500000000000000000e+01,1.812426000000000086e-06,0.000000000000000000e+00
2.393216557868269661e+02,2.053386533442131849e+02,4.500000000000000000e+01,1.627544000000000032e-06,0.000000000000000000e+00
2.397455987732531923e+02,2.053382294012267550e+02,4.500000000000000000e+01,1.819876999999999932e-06,0.000000000000000000e+00
2.401446843462703953e+02,2.053378303156537186e+02,4.500000000000000000e+01,1.771245000000000056e-06,0.000000000000000000e+00
2.405848459253090539e+02,2.053373901540746829e+02,4.500000000000000000e+01,1.956533999999999909e-06,0.000000000000000000e+00
2.410143143161577655e+02,2.053369606856838345e+02,4.500000000000000000e+01,1.930893999999999846e-06,0.000000000000000000e+00
2.414069042784213082e+02,2.053365680957215886e+02,4.500000000000000000e+01,1.983732000000000203e-06,0.000000000000000000e+00
2.418152064913762445e+02,2.053361597935086138e+02,4.500000000000000000e+01,1.944586999999999835e-06,0.000000000000000000e+00
2.422171352616078366e+02,2.053357578647383832e+02,4.500000000000000000e+01,2.031462000000000168e-06,0.000000000000000000e+00
2.426627633950381551e+02,2.053353122366049774e+02,4.500000000000000000e+01,2.043205000000000117e-06,0.000000000000000000e+00
2.430558494335841715e+02,2.053349191505664066e+02,4.500000000000000000e+01,1.936888999999999947e-06,0.000000000000000000e+00
2.434836415558088447e+02,2.053344913584441827e+02,4.500000000000000000e+01,2.019078000000000102e-06,0.000000000000000000e+00
2.438947682678753210e+02,2.053340802317321163e+02,4.500000000000000000e+01,1.943771999999999997e-06,0.000000000000000000e+00
2.443084615931297492e+02,2.053336665384068738e+02,4.500000000000000000e+01,1.898384999999999909e-06,0.000000000000000000e+00
2.447321053752564524e+02,2.053332428946247319e+02,4.500000000000000000e+01,1.870517999999999995e-06,0.000000000000000000e+00
2.451308480774827956e+02,2.053328441519225294e+02,4.500000000000000000e+01,1.829757999999999939e-06,0.000000000000000000e+00
2.455725777745006440e+02,2.053324024222254991e+02,4.500000000000000000e+01,1.833774000000000046e-06,0.000000000000000000e+00
2.460029821521579549e+02,2.053319720178478462e+02,4.500000000000000000e+01,1.833599999999999902e-06,0.000000000000000000e+00
2.463914673480531121e+02,2.053315835326519618e+02,4.500000000000000000e+01,1.872350999999999982e-06,0.000000000000000000e+00
2.468067421034775180e+02,2.053311682578965360e+02,4.500000000000000000e+01,1.856053000000000083e-06,0.000000000000000000e+00
2.472268690282145087e+02,2.053307481309717843e+02,4.500000000000000000e+01,1.815743999999999983e-06,0.000000000000000000e+00
2.476735494873446441e+02,2.053303014505126498e+02,4.500000000000000000e+01,1.886102999999999905e-06,0.000000000000000000e+00
2.480972923590734354e+02,2.053298777076409181e+02,4.500000000000000000e+01,1.945706999999999835e-06,0.000000000000000000e+00
2.484963897866064997e+02,2.053294786102133855e+02,4.500000000000000000e+01,1.929379999999999983e-06,0.000000000000000000e+00
2.489386355469557088e+02,2.053290363644530601e+02,4.500000000000000000e+01,1.935899000000000148e-06,0.000000000000000000e+00
2.493539118063985711e+02,2.053286210881936142e+02,4.500000000000000000e+01,1.944018999999999827e-06,0.000000000000000000e+00
2.497675074290894486e+02,2.053282074925709253e+02,4.500000000000000000e+01,1.885579000000000052e-06,0.000000000000000000e+00
2.501738635327795919e+02,2.053278011364672295e+02,4.500000000000000000e+01,1.890789000000000084e-06,0.000000000000000000e+00
2.506045390210578887e+02,2.053273704609789547e+02,4.500000000000000000e+01,1.936729000000000190e-06,0.000000000000000000e+00
2.510131740874392676e+02,2.053269618259125764e+02,4.500000000000000000e+01,1.889086000000000085e-06,0.000000000000000000e+00
2.514316430333713583e+02,2.053265433569666243e+02,4.500000000000000000e+01,1.979365999999999964e-06,0.000000000000000000e+00
2.518520195649628306e+02,2.053261229804350307e+02,4.500000000000000000e+01,1.888373000000000097e-06,0.000000000000000000e+00
2.522372395220229180e+02,2.053257377604779776e+02,4.500000000000000000e+01,1.909983000000000090e-06,0.000000000000000000e+00
2.526847009480187864e+02,2.053252902990519715e+02,4.500000000000000000e+01,1.929743999999999866e-06,0.000000000000000000e+00
2.530836993306137970e+02,2.053248913006693783e+02,4.500000000000000000e+01,1.837484999999999992e-06,0.000000000000000000e+00
2.535074422023426450e+02,2.053244675577976466e+02,4.500000000000000000e+01,1.870400999999999941e-06,0.000000000000000000e+00
2.539147133464900037e+02,2.053240602866535198e+02,4.500000000000000000e+01,1.917418999999999946e-06,0.000000000000000000e+00
2.543299213855292464e+02,2.053236450786144758e+02,4.500000000000000000e+01,1.939726999999999936e-06,0.000000000000000000e+00
2.547540714077451014e+02,2.053232209285922636e+02,4.500000000000000000e+01,1.840541000000000070e-06,0.000000000000000000e+00
2.551837792214439560e+02,2.053227912207785550e+02,4.500000000000000000e+01,1.726352000000000052e-06,0.000000000000000000e+00
2.555919543466852133e+02,2.053223830456533108e+02,4.500000000000000000e+01,1.925189000000000127e-06,0.000000000000000000e+00
2.560226298349634817e+02,2.053219523701650360e+02,4.500000000000000000e+01,1.943640999999999980e-06,0.000000000000000000e+00
2.564233850044132623e+02,2.053215516149955988e+02,4.500000000000000000e+01,1.885463000000000027e-06,0.000000000000000000e+00
2.568304240670059357e+02,2.053211445759330047e+02,4.500000000000000000e+01,1.834182000000000085e-06,0.000000000000000000e+00
2.572464730029710722e+02,2.053207285269970441e+02,4.500000000000000000e+01,1.809633000000000068e-06,0.000000000000000000e+00
2.576951139063431810e+02,2.053202798860936582e+02,4.500000000000000000e+01,1.891211000000000086e-06,0.000000000000000000e+00
2.580943505045444795e+02,2.053198806494954454e+02,4.500000000000000000e+01,1.780324999999999976e-06,0.000000000000000000e+00
2.585183435196450432e+02,2.053194566564803552e+02,4.500000000000000000e+01,1.667053000000000071e-06,0.000000000000000000e+00
2.589637078272854751e+02,2.053190112921727177e+02,4.500000000000000000e+01,1.769105000000000064e-06,0.000000000000000000e+00
2.593789840867283374e+02,2.053185960159132719e+02,4.500000000000000000e+01,1.732697000000000074e-06,0.000000000000000000e+00
2.597945250308796972e+02,2.053181804749691253e+02,4.500000000000000000e+01,1.689114000000000020e-06,0.000000000000000000e+00
2.601992209021331064e+02,2.053177757790978717e+02,4.500000000000000000e+01,1.523760000000000087e-06,0.000000000000000000e+00
2.606378050209923458e+02,2.053173371949790180e+02,4.500000000000000000e+01,1.477601000000000077e-06,0.000000000000000000e+00
2.610617953596221241e+02,2.053169132046403718e+02,4.500000000000000000e+01,1.578329999999999972e-06,0.000000000000000000e+00
2.614639024367816091e+02,2.053165110975632217e+02,4.500000000000000000e+01,1.562177000000000053e-06,0.000000000000000000e+00
2.618992075850187007e+02,2.053160757924149777e+02,4.500000000000000000e+01,1.577428000000000061e-06,0.000000000000000000e+00
2.622864141394757098e+02,2.053156885858605278e+02,4.500000000000000000e+01,1.612178000000000025e-06,0.000000000000000000e+00
2.627104687315390947e+02,2.053152645312684683e+02,4.500000000000000000e+01,1.563399999999999931e-06,0.000000000000000000e+00
2.631295929959047157e+02,2.053148454070040998e+02,4.500000000000000000e+01,1.575143000000000091e-06,0.000000000000000000e+00
2.635493236970853559e+02,2.053144256763029034e+02,4.500000000000000000e+01,1.516732000000000058e-06,0.000000000000000000e+00
2.639755491229092854e+02,2.053139994508771053e+02,4.500000000000000000e+01,1.531400000000000068e-06,0.000000000000000000e+00
2.643630402417366554e+02,2.053136119597582763e+02,4.500000000000000000e+01,1.532767999999999925e-06,0.000000000000000000e+00
2.647783091242578166e+02,2.053131966908757420e+02,4.500000000000000000e+01,1.443956999999999938e-06,0.000000000000000000e+00
2.651872668204047727e+02,2.053127877331795901e+02,4.500000000000000000e+01,1.471708000000000039e-06,0.000000000000000000e+00
2.656234648498294177e+02,2.053123515351501851e+02,4.500000000000000000e+01,1.442414999999999936e-06,0.000000000000000000e+00
2.660474578649299815e+02,2.053119275421350665e+02,4.500000000000000000e+01,1.477645000000000021e-06,0.000000000000000000e+00
2.664515415770298432e+02,2.053115234584229825e+02,4.500000000000000000e+01,1.434033000000000014e-06,0.000000000000000000e+00
2.668838196156598883e+02,2.053110911803843521e+02,4.500000000000000000e+01,1.431820999999999941e-06,0.000000000000000000e+00
2.672993738129192138e+02,2.053106756261870771e+02,4.500000000000000000e+01,1.410546000000000089e-06,0.000000000000000000e+00
2.677208446470473859e+02,2.053102541553529647e+02,4.500000000000000000e+01,1.365623999999999921e-06,0.000000000000000000e+00
2.681666665464347830e+02,2.053098083334535602e+02,4.500000000000000000e+01,1.347638000000000013e-06,0.000000000000000000e+00
2.685656589651470654e+02,2.053094093410348648e+02,4.500000000000000000e+01,1.337640999999999980e-06,0.000000000000000000e+00
2.689893961259542152e+02,2.053089856038740493e+02,4.500000000000000000e+01,1.245192999999999972e-06,0.000000000000000000e+00
2.693987656595098770e+02,2.053085762343405065e+02,4.500000000000000000e+01,1.385545999999999905e-06,0.000000000000000000e+00
2.698195973112095203e+02,2.053081554026887829e+02,4.500000000000000000e+01,1.337393999999999938e-06,0.000000000000000000e+00
2.702378458710502969e+02,2.053077371541289438e+02,4.500000000000000000e+01,1.362669999999999906e-06,0.000000000000000000e+00
2.706682885350567176e+02,2.053073067114649461e+02,4.500000000000000000e+01,1.378211999999999901e-06,0.000000000000000000e+00
2.710764636602979749e+02,2.053068985363397019e+02,4.500000000000000000e+01,1.357534000000000012e-06,0.000000000000000000e+00
2.715073665511483227e+02,2.053064676334488468e+02,4.500000000000000000e+01,1.420077999999999992e-06,0.000000000000000000e+00
2.719065953558052229e+02,2.053060684046442077e+02,4.500000000000000000e+01,1.376203999999999953e-06,0.000000000000000000e+00
2.723117643576218825e+02,2.053056632356423847e+02,4.500000000000000000e+01,1.272245000000000048e-06,0.000000000000000000e+00
2.727541648873370832e+02,2.053052208351126637e+02,4.500000000000000000e+01,1.119668000000000018e-06,0.000000000000000000e+00
2.731398426822814827e+02,2.053048351573177115e+02,4.500000000000000000e+01,1.423847000000000057e-06,0.000000000000000000e+00
2.735778169631909122e+02,2.053043971830367980e+02,4.500000000000000000e+01,1.400359999999999921e-06,0.000000000000000000e+00
2.739789176656329346e+02,2.053039960823343790e+02,4.500000000000000000e+01,1.399167000000000024e-06,0.000000000000000000e+00
2.744005486622137369e+02,2.053035744513377949e+02,4.500000000000000000e+01,1.388223999999999924e-06,0.000000000000000000e+00
2.748173080523085332e+02,2.053031576919476890e+02,4.500000000000000000e+01,1.369481000000000085e-06,0.000000000000000000e+00
2.752230367574788943e+02,2.053027519632425140e+02,4.500000000000000000e+01,1.391293999999999964e-06,0.000000000000000000e+00
2.756561640875278840e+02,2.053023188359124731e+02,4.500000000000000000e+01,1.329550000000000044e-06,0.000000000000000000e+00
2.760868341541063842e+02,2.053018881658458952e+02,4.500000000000000000e+01,1.351464999999999985e-06,0.000000000000000000e+00
2.764940099086333021e+02,2.053014809900913633e+02,4.500000000000000000e+01,1.338528999999999928e-06,0.000000000000000000e+00
2.769088918959895977e+02,2.053010661081040098e+02,4.500000000000000000e+01,1.339954999999999904e-06,0.000000000000000000e+00
2.773169861825816156e+02,2.053006580138174115e+02,4.500000000000000000e+01,1.264329000000000071e-06,0.000000000000000000e+00
2.777190778381191762e+02,2.053002559221618810e+02,4.500000000000000000e+01,1.253923999999999999e-06,0.000000000000000000e+00
2.781649813726472189e+02,2.052998100186273689e+02,4.500000000000000000e+01,1.294450999999999975e-06,0.000000000000000000e+00
2.785889722652672162e+02,2.052993860277347267e+02,4.500000000000000000e+01,1.244668999999999907e-06,0.000000000000000000e+00
2.790345147910567789e+02,2.052989404852089592e+02,4.500000000000000000e+01,1.248816000000000030e-06,0.000000000000000000e+00
2.794574486560992455e+02,2.052985175513439060e+02,4.500000000000000000e+01,1.187770999999999923e-06,0.000000000000000000e+00
2.798607032896777014e+02,2.052981142967103381e+02,4.500000000000000000e+01,1.202672000000000011e-06,0.000000000000000000e+00
2.802602168914334584e+02,2.052977147831085745e+02,4.500000000000000000e+01,1.246210999999999909e-06,0.000000000000000000e+00
2.807081830692525841e+02,2.052972668169307440e+02,4.500000000000000000e+01,1.265128999999999920e-06,0.000000000000000000e+00
2.811074256313365822e+02,2.052968675743686617e+02,4.500000000000000000e+01,1.214444999999999940e-06,0.000000000000000000e+00
2.815311677595419724e+02,2.052964438322404703e+02,4.500000000000000000e+01,1.228384999999999971e-06,0.000000000000000000e+00
2.819362812821513558e+02,2.052960387187178526e+02,4.500000000000000000e+01,1.254199999999999994e-06,0.000000000000000000e+00
2.823654489654624058e+02,2.052956095510345449e+02,4.500000000000000000e+01,1.295018999999999984e-06,0.000000000000000000e+00
2.827778961431297944e+02,2.052951971038568786e+02,4.500000000000000000e+01,1.272026999999999959e-06,0.000000000000000000e+00
2.831835303836394928e+02,2.052947914696163707e+02,4.500000000000000000e+01,1.294713000000000008e-06,0.000000000000000000e+00
2.836139809412275099e+02,2.052943610190587833e+02,4.500000000000000000e+01,1.347740000000000076e-06,0.000000000000000000e+00
2.840219311380985232e+02,2.052939530688618959e+02,4.500000000000000000e+01,1.301145000000000101e-06,0.000000000000000000e+00
2.844423514774956061e+02,2.052935326485225005e+02,4.500000000000000000e+01,1.341163000000000003e-06,0.000000000000000000e+00
2.848471042973353633e+02,2.052931278957026677e+02,4.500000000000000000e+01,1.318024999999999972e-06,0.000000000000000000e+00
2.852464515677387453e+02,2.052927285484322510e+02,4.500000000000000000e+01,1.187901999999999939e-06,0.000000000000000000e+00
2.856771308974192038e+02,2.052922978691025833e+02,4.500000000000000000e+01,1.174033999999999990e-06,0.000000000000000000e+00
2.861188331992652252e+02,2.052918561668007271e+02,4.500000000000000000e+01,1.283856999999999980e-06,0.000000000000000000e+00
2.865162050721086189e+02,2.052914587949279053e+02,4.500000000000000000e+01,1.320077000000000075e-06,0.000000000000000000e+00
2.869350759275849896e+02,2.052910399240724075e+02,4.500000000000000000e+01,1.302993000000000079e-06,0.000000000000000000e+00
2.873781206785411086e+02,2.052905968793214697e+02,4.500000000000000000e+01,1.330947000000000066e-06,0.000000000000000000e+00
2.877936650186869088e+02,2.052901813349813267e+02,4.500000000000000000e+01,1.318083000000000091e-06,0.000000000000000000e+00
2.881985798449366030e+02,2.052897764201550785e+02,4.500000000000000000e+01,1.254724000000000059e-06,0.000000000000000000e+00
2.886250311708702725e+02,2.052893499688291286e+02,4.500000000000000000e+01,1.291017000000000052e-06,0.000000000000000000e+00
2.890617777446981336e+02,2.052889132222553030e+02,4.500000000000000000e+01,1.324879000000000068e-06,0.000000000000000000e+00
2.894641091869619345e+02,2.052885108908130292e+02,4.500000000000000000e+01,1.303037000000000023e-06,0.000000000000000000e+00
2.898711215183163858e+02,2.052881038784816781e+02,4.500000000000000000e+01,1.260210000000000086e-06,0.000000000000000000e+00
2.903141730813475760e+02,2.052876608269186534e+02,4.500000000000000000e+01,1.291773999999999984e-06,0.000000000000000000e+00
2.907334078861877060e+02,2.052872415921138156e+02,4.500000000000000000e+01,1.260836000000000002e-06,0.000000000000000000e+00
2.911307379351144959e+02,2.052868442620648750e+02,4.500000000000000000e+01,1.234031999999999995e-06,0.000000000000000000e+00
2.915722530780074067e+02,2.052864027469219934e+02,4.500000000000000000e+01,1.260442999999999953e-06,0.000000000000000000e+00
2.919574775345911917e+02,2.052860175224654142e+02,4.500000000000000000e+01,1.280786999999999940e-06,0.000000000000000000e+00
2.923916329970578545e+02,2.052855833670029426e+02,4.500000000000000000e+01,1.355220000000000088e-06,0.000000000000000000e+00
2.928009561239533127e+02,2.052851740438760544e+02,4.500000000000000000e+01,1.317631999999999923e-06,0.000000000000000000e+00
2.932042713712563113e+02,2.052847707286287573e+02,4.500000000000000000e+01,1.313456000000000058e-06,0.000000000000000000e+00
2.936349468595345797e+02,2.052843400531404541e+02,4.500000000000000000e+01,1.211272000000000022e-06,0.000000000000000000e+00
2.940428990735600223e+02,2.052839321009264495e+02,4.500000000000000000e+01,1.188979000000000022e-06,0.000000000000000000e+00
2.944674186593156264e+02,2.052835075813407002e+02,4.500000000000000000e+01,1.149760999999999968e-06,0.000000000000000000e+00
2.948826847752332583e+02,2.052830923152247635e+02,4.500000000000000000e+01,1.208260000000000100e-06,0.000000000000000000e+00
2.952704568066156980e+02,2.052827045431933755e+02,4.500000000000000000e+01,1.326000000000000095e-06,0.000000000000000000e+00
2.957173992127674751e+02,2.052822576007872328e+02,4.500000000000000000e+01,1.343491000000000102e-06,0.000000000000000000e+00
2.961413981917507385e+02,2.052818336018082448e+02,4.500000000000000000e+01,1.349181000000000043e-06,0.000000000000000000e+00
2.965403896469464939e+02,2.052814346103530454e+02,4.500000000000000000e+01,1.295106000000000056e-06,0.000000000000000000e+00
2.969879200954223393e+02,2.052809870799045768e+02,4.500000000000000000e+01,1.332838999999999988e-06,0.000000000000000000e+00
2.974034676661277103e+02,2.052805715323338802e+02,4.500000000000000000e+01,1.371299999999999898e-06,0.000000000000000000e+00
2.978118648809580122e+02,2.052801631351190395e+02,4.500000000000000000e+01,1.361492000000000000e-06,0.000000000000000000e+00
2.982141878365718526e+02,2.052797608121634312e+02,4.500000000000000000e+01,1.237014999999999963e-06,0.000000000000000000e+00
2.986446351456268644e+02,2.052793303648543883e+02,4.500000000000000000e+01,1.308464999999999931e-06,0.000000000000000000e+00
2.990830920203248979e+02,2.052788919079796699e+02,4.500000000000000000e+01,1.212988999999999983e-06,0.000000000000000000e+00
2.995289358686647461e+02,2.052784460641313444e+02,4.500000000000000000e+01,1.409978999999999897e-06,0.000000000000000000e+00
2.999143832282969697e+02,2.052780606167717110e+02,4.500000000000000000e+01,1.377004000000000013e-06,0.000000000000000000e+00
3.003384115482280663e+02,2.052776365884517702e+02,4.500000000000000000e+01,1.359338000000000045e-06,0.000000000000000000e+00
3.007539591189333805e+02,2.052772210408810736e+02,4.500000000000000000e+01,1.330962000000000057e-06,0.000000000000000000e+00
3.011687966697811021e+02,2.052768062033302101e+02,4.500000000000000000e+01,1.290972999999999896e-06,0.000000000000000000e+00
3.015923118579081006e+02,2.052763826881420925e+02,4.500000000000000000e+01,1.314255999999999907e-06,0.000000000000000000e+00
3.020212805709514328e+02,2.052759537194290544e+02,4.500000000000000000e+01,1.329128000000000042e-06,0.000000000000000000e+00
3.024161449978795417e+02,2.052755588550021173e+02,4.500000000000000000e+01,1.303807999999999918e-06,0.000000000000000000e+00
3.028314168765903105e+02,2.052751435831234232e+02,4.500000000000000000e+01,1.297347000000000083e-06,0.000000000000000000e+00
3.032268862517145749e+02,2.052747481137482737e+02,4.500000000000000000e+01,1.295600999999999956e-06,0.000000000000000000e+00
3.036710027805343088e+02,2.052743039972194765e+02,4.500000000000000000e+01,1.172752999999999993e-06,0.000000000000000000e+00
3.040791628515764842e+02,2.052738958371484159e+02,4.500000000000000000e+01,1.233726000000000019e-06,0.000000000000000000e+00
3.044927688774617422e+02,2.052734822311225287e+02,4.500000000000000000e+01,1.281484999999999937e-06,0.000000000000000000e+00
3.049363679601357262e+02,2.052730386320398566e+02,4.500000000000000000e+01,1.266017000000000080e-06,0.000000000000000000e+00
3.053164714768959129e+02,2.052726585285230954e+02,4.500000000000000000e+01,1.318301999999999995e-06,0.000000000000000000e+00
3.057399642052529884e+02,2.052722350357947505e+02,4.500000000000000000e+01,1.337131999999999906e-06,0.000000000000000000e+00
3.061715557787898661e+02,2.052718034442212058e+02,4.500000000000000000e+01,1.362102999999999925e-06,0.000000000000000000e+00
3.066024581488549643e+02,2.052713725418511501e+02,4.500000000000000000e+01,1.292675999999999895e-06,0.000000000000000000e+00
3.070104026718136652e+02,2.052709645973282022e+02,4.500000000000000000e+01,1.226377000000000024e-06,0.000000000000000000e+00
3.074279840708246070e+02,2.052705470159291679e+02,4.500000000000000000e+01,1.325780999999999979e-06,0.000000000000000000e+00
3.078586726000143017e+02,2.052701163273999896e+02,4.500000000000000000e+01,1.273001999999999980e-06,0.000000000000000000e+00
3.082796965933636670e+02,2.052696953034066496e+02,4.500000000000000000e+01,1.282111000000000065e-06,0.000000000000000000e+00
3.086816639977098475e+02,2.052692933360023062e+02,4.500000000000000000e+01,1.287888000000000077e-06,0.000000000000000000e+00
3.091051567260669231e+02,2.052688698432739329e+02,4.500000000000000000e+01,1.190376000000000044e-06,0.000000000000000000e+00
3.095492220511374626e+02,2.052684257779488632e+02,4.500000000000000000e+01,1.202090000000000039e-06,0.000000000000000000e+00
3.099531367923852940e+02,2.052680218632076219e+02,4.500000000000000000e+01,1.189663000000000056e-06,0.000000000000000000e+00
3.103631992641874717e+02,2.052676118007358070e+02,4.500000000000000000e+01,1.228108999999999976e-06,0.000000000000000000e+00
3.107964796061762627e+02,2.052671785203938271e+02,4.500000000000000000e+01,1.300111999999999962e-06,0.000000000000000000e+00
3.111819225521024919e+02,2.052667930774478862e+02,4.500000000000000000e+01,1.324252999999999940e-06,0.000000000000000000e+00
3.116238581130274952e+02,2.052663511418869859e+02,4.500000000000000000e+01,1.300562999999999918e-06,0.000000000000000000e+00
3.120225998492365989e+02,2.052659524001507521e+02,4.500000000000000000e+01,1.356150999999999952e-06,0.000000000000000000e+00
3.124463419800562747e+02,2.052655286580199459e+02,4.500000000000000000e+01,1.412132000000000035e-06,0.000000000000000000e+00
3.128591689739974981e+02,2.052651158310260087e+02,4.500000000000000000e+01,1.373933999999999973e-06,0.000000000000000000e+00
3.132709144356676916e+02,2.052647040855643468e+02,4.500000000000000000e+01,1.432854000000000080e-06,0.000000000000000000e+00
3.136980152931992052e+02,2.052642769847068109e+02,4.500000000000000000e+01,1.434542000000000088e-06,0.000000000000000000e+00
3.140918116507633613e+02,2.052638831883492401e+02,4.500000000000000000e+01,1.373074999999999978e-06,0.000000000000000000e+00
3.145366427984645838e+02,2.052634383572015508e+02,4.500000000000000000e+01,1.358596000000000104e-06,0.000000000000000000e+00
3.149603278541136433e+02,2.052630146721458857e+02,4.500000000000000000e+01,1.337640999999999980e-06,0.000000000000000000e+00
3.153478179213825570e+02,2.052626271820786314e+02,4.500000000000000000e+01,1.274165999999999923e-06,0.000000000000000000e+00
3.157633654920878712e+02,2.052622116345079064e+02,4.500000000000000000e+01,1.330700000000000024e-06,0.000000000000000000e+00
3.162110225224838018e+02,2.052617639774775284e+02,4.500000000000000000e+01,1.401713000000000000e-06,0.000000000000000000e+00
3.166097647978244254e+02,2.052613652352021916e+02,4.500000000000000000e+01,1.420775999999999990e-06,0.000000000000000000e+00
3.170337578129249323e+02,2.052609412421870729e+02,4.500000000000000000e+01,1.407780999999999998e-06,0.000000000000000000e+00
3.174384091743835938e+02,2.052605365908256090e+02,4.500000000000000000e+01,1.374384999999999929e-06,0.000000000000000000e+00
3.178683193574893266e+02,2.052601066806425081e+02,4.500000000000000000e+01,1.325096999999999944e-06,0.000000000000000000e+00
3.182841448660110473e+02,2.052596908551339823e+02,4.500000000000000000e+01,1.328778999999999937e-06,0.000000000000000000e+00
3.187086165864237728e+02,2.052592663834135749e+02,4.500000000000000000e+01,1.346038000000000105e-06,0.000000000000000000e+00
3.191532166378014495e+02,2.052588217833622082e+02,4.500000000000000000e+01,1.399748999999999996e-06,0.000000000000000000e+00
3.195769595095302975e+02,2.052583980404904764e+02,4.500000000000000000e+01,1.417080000000000034e-06,0.000000000000000000e+00
3.199779107614235159e+02,2.052579970892385859e+02,4.500000000000000000e+01,1.434877000000000018e-06,0.000000000000000000e+00
3.204160456573367242e+02,2.052575589543426702e+02,4.500000000000000000e+01,1.427615999999999911e-06,0.000000000000000000e+00
3.208167574009976306e+02,2.052571582425990186e+02,4.500000000000000000e+01,1.441382000000000009e-06,0.000000000000000000e+00
3.212221799470407859e+02,2.052567528200529523e+02,4.500000000000000000e+01,1.444889000000000042e-06,0.000000000000000000e+00
3.216556086138098749e+02,2.052563193913861994e+02,4.500000000000000000e+01,1.387466999999999992e-06,0.000000000000000000e+00
3.220640090945761358e+02,2.052559109909054200e+02,4.500000000000000000e+01,1.282023999999999992e-06,0.000000000000000000e+00
3.224935033477350430e+02,2.052554814966522656e+02,4.500000000000000000e+01,1.353706000000000012e-06,0.000000000000000000e+00
3.228933981335877661e+02,2.052550816018664079e+02,4.500000000000000000e+01,1.371474000000000042e-06,0.000000000000000000e+00
3.232968253604749975e+02,2.052546781746395368e+02,4.500000000000000000e+01,1.325170000000000053e-06,0.000000000000000000e+00
3.237408813340013012e+02,2.052542341186660053e+02,4.500000000000000000e+01,1.356558999999999991e-06,0.000000000000000000e+00
3.241267028761033089e+02,2.052538482971239091e+02,4.500000000000000000e+01,1.376479999999999948e-06,0.000000000000000000e+00
3.245633605171879026e+02,2.052534116394828061e+02,4.500000000000000000e+01,1.372435000000000100e-06,0.000000000000000000e+00
3.249655527425721289e+02,2.052530094472574262e+02,4.500000000000000000e+01,1.399238999999999894e-06,0.000000000000000000e+00
3.254009466535902675e+02,2.052525740533464216e+02,4.500000000000000000e+01,1.403096000000000059e-06,0.000000000000000000e+00
3.258046315057144966e+02,2.052521703684942906e+02,4.500000000000000000e+01,1.335618000000000042e-06,0.000000000000000000e+00
3.262090822175572384e+02,2.052517659177824498e+02,4.500000000000000000e+01,1.329607999999999951e-06,0.000000000000000000e+00
3.266434798091520406e+02,2.052513315201908597e+02,4.500000000000000000e+01,1.409556999999999894e-06,0.000000000000000000e+00
3.270741445583291807e+02,2.052509008554416710e+02,4.500000000000000000e+01,1.410065999999999969e-06,0.000000000000000000e+00
3.275053161632594652e+02,2.052504696838367408e+02,4.500000000000000000e+01,1.376407000000000051e-06,0.000000000000000000e+00
3.279293017815735425e+02,2.052500456982184289e+02,4.500000000000000000e+01,1.400053999999999945e-06,0.000000000000000000e+00
3.283089392085244071e+02,2.052496660607914691e+02,4.500000000000000000e+01,1.420151000000000102e-06,0.000000000000000000e+00
3.287519807289208984e+02,2.052492230192710849e+02,4.500000000000000000e+01,1.420368999999999978e-06,0.000000000000000000e+00
3.291825274378659856e+02,2.052487924725621440e+02,4.500000000000000000e+01,1.405890000000000104e-06,0.000000000000000000e+00
3.295747740489993021e+02,2.052484002259510021e+02,4.500000000000000000e+01,1.451902999999999895e-06,0.000000000000000000e+00
3.300211521120773455e+02,2.052479538478879135e+02,4.500000000000000000e+01,1.428227000000000048e-06,0.000000000000000000e+00
3.304411172731128090e+02,2.052475338827268843e+02,4.500000000000000000e+01,1.503198000000000011e-06,0.000000000000000000e+00
3.308454964135594878e+02,2.052471295035864500e+02,4.500000000000000000e+01,1.469409000000000105e-06,0.000000000000000000e+00
3.312447677640424786e+02,2.052467302322359615e+02,4.500000000000000000e+01,1.411346999999999965e-06,0.000000000000000000e+00
3.316756653466634930e+02,2.052462993346533437e+02,4.500000000000000000e+01,1.414781000000000101e-06,0.000000000000000000e+00
3.320836130693327277e+02,2.052458913869306798e+02,4.500000000000000000e+01,1.488689999999999972e-06,0.000000000000000000e+00
3.325157174474582007e+02,2.052454592825525310e+02,4.500000000000000000e+01,1.492400999999999918e-06,0.000000000000000000e+00
3.329222400156148751e+02,2.052450527599843895e+02,4.500000000000000000e+01,1.490625000000000022e-06,0.000000000000000000e+00
3.333384527378992743e+02,2.052446365472621039e+02,4.500000000000000000e+01,1.542023000000000017e-06,0.000000000000000000e+00
3.337610868937997566e+02,2.052442139131061936e+02,4.500000000000000000e+01,1.479958999999999945e-06,0.000000000000000000e+00
3.341609340458015254e+02,2.052438140659542114e+02,4.500000000000000000e+01,1.484775999999999928e-06,0.000000000000000000e+00
3.345994805447605813e+02,2.052433755194552418e+02,4.500000000000000000e+01,1.481574000000000056e-06,0.000000000000000000e+00
3.349847023274778053e+02,2.052429902976725202e+02,4.500000000000000000e+01,1.461783999999999903e-06,0.000000000000000000e+00
3.354246292448378881e+02,2.052425503707551684e+02,4.500000000000000000e+01,1.423351999999999946e-06,0.000000000000000000e+00
3.358401744253604875e+02,2.052421348255746523e+02,4.500000000000000000e+01,1.421416999999999896e-06,0.000000000000000000e+00
3.362332460918831885e+02,2.052417417539081157e+02,4.500000000000000000e+01,1.433523999999999940e-06,0.000000000000000000e+00
3.366621710620025283e+02,2.052413128289379927e+02,4.500000000000000000e+01,1.498002999999999971e-06,0.000000000000000000e+00
3.371021303356633325e+02,2.052408728696643436e+02,4.500000000000000000e+01,1.504230999999999939e-06,0.000000000000000000e+00
3.375008737021398133e+02,2.052404741262978689e+02,4.500000000000000000e+01,1.461842000000000021e-06,0.000000000000000000e+00
3.379248667172403771e+02,2.052400501332827503e+02,4.500000000000000000e+01,1.525230000000000007e-06,0.000000000000000000e+00
3.383595635962680035e+02,2.052396154364037386e+02,4.500000000000000000e+01,1.529115000000000097e-06,0.000000000000000000e+00
3.387751074445357631e+02,2.052391998925554617e+02,4.500000000000000000e+01,1.548657999999999996e-06,0.000000000000000000e+00
3.391844530237366371e+02,2.052387905469762757e+02,4.500000000000000000e+01,1.475244000000000025e-06,0.000000000000000000e+00
3.396098508136710734e+02,2.052383651491863361e+02,4.500000000000000000e+01,1.517736000000000032e-06,0.000000000000000000e+00
3.400450759722320981e+02,2.052379299240277817e+02,4.500000000000000000e+01,1.546606999999999921e-06,0.000000000000000000e+00
3.404688240641252150e+02,2.052375061759358630e+02,4.500000000000000000e+01,1.494044999999999982e-06,0.000000000000000000e+00
3.408793738760816723e+02,2.052370956261239314e+02,4.500000000000000000e+01,1.549764000000000033e-06,0.000000000000000000e+00
3.412958868184589392e+02,2.052366791131815376e+02,4.500000000000000000e+01,1.560867999999999918e-06,0.000000000000000000e+00
3.417186786154846914e+02,2.052362563213845306e+02,4.500000000000000000e+01,1.615902999999999934e-06,0.000000000000000000e+00
3.421150083147188070e+02,2.052358599916852882e+02,4.500000000000000000e+01,1.693129999999999915e-06,0.000000000000000000e+00
3.425502475270766354e+02,2.052354247524729374e+02,4.500000000000000000e+01,1.544015999999999974e-06,0.000000000000000000e+00
3.429538545072866214e+02,2.052350211454927091e+02,4.500000000000000000e+01,1.294698000000000017e-06,0.000000000000000000e+00
3.433729816188363202e+02,2.052346020183811675e+02,4.500000000000000000e+01,1.540131000000000095e-06,0.000000000000000000e+00
3.437924767174860676e+02,2.052341825232825272e+02,4.500000000000000000e+01,1.618448999999999910e-06,0.000000000000000000e+00
3.441957169092773938e+02,2.052337792830907119e+02,4.500000000000000000e+01,1.580513000000000092e-06,0.000000000000000000e+00
3.446317821361496954e+02,2.052333432178638475e+02,4.500000000000000000e+01,1.506982000000000067e-06,0.000000000000000000e+00
3.450189524864620125e+02,2.052329560475135395e+02,4.500000000000000000e+01,1.610621000000000033e-06,0.000000000000000000e+00
3.454641065210591933e+02,2.052325108934789455e+02,4.500000000000000000e+01,1.603970000000000035e-06,0.000000000000000000e+00
3.458796540917645075e+02,2.052320953459082489e+02,4.500000000000000000e+01,1.630687999999999997e-06,0.000000000000000000e+00
3.462668672727754711e+02,2.052317081327272206e+02,4.500000000000000000e+01,1.622960999999999944e-06,0.000000000000000000e+00
3.466944717002082257e+02,2.052312805282998056e+02,4.500000000000000000e+01,1.665088000000000040e-06,0.000000000000000000e+00
3.471379110245950415e+02,2.052308370889754201e+02,4.500000000000000000e+01,1.548978999999999963e-06,0.000000000000000000e+00
3.475621541830673209e+02,2.052304128458169430e+02,4.500000000000000000e+01,1.587977999999999901e-06,0.000000000000000000e+00
3.479649062080632120e+02,2.052300100937919467e+02,4.500000000000000000e+01,1.539302000000000081e-06,0.000000000000000000e+00
3.484001581743002589e+02,2.052295748418256949e+02,4.500000000000000000e+01,1.508524000000000069e-06,0.000000000000000000e+00
3.488154251607601850e+02,2.052291595748392297e+02,4.500000000000000000e+01,1.479610000000000052e-06,0.000000000000000000e+00
3.492339775047169041e+02,2.052287410224952851e+02,4.500000000000000000e+01,1.521052999999999902e-06,0.000000000000000000e+00
3.496419198056863138e+02,2.052283330801943180e+02,4.500000000000000000e+01,1.485138999999999995e-06,0.000000000000000000e+00
3.500796067522305748e+02,2.052278953932477634e+02,4.500000000000000000e+01,1.442428999999999899e-06,0.000000000000000000e+00
3.504805484383335852e+02,2.052274944515616824e+02,4.500000000000000000e+01,1.448497999999999925e-06,0.000000000000000000e+00
3.509025962508647467e+02,2.052270724037491334e+02,4.500000000000000000e+01,1.445222999999999944e-06,0.000000000000000000e+00
3.513193936301533427e+02,2.052266556063698602e+02,4.500000000000000000e+01,1.418521000000000000e-06,0.000000000000000000e+00
3.517250646959757887e+02,2.052262499353040255e+02,4.500000000000000000e+01,1.251420999999999940e-06,0.000000000000000000e+00
3.521580168411008458e+02,2.052258169831588930e+02,4.500000000000000000e+01,1.027598000000000067e-06,0.000000000000000000e+00
3.525475605811207060e+02,2.052254274394188940e+02,4.500000000000000000e+01,5.136244000000000421e-07,0.000000000000000000e+00
3.529956154393404972e+02,2.052249793845606689e+02,4.500000000000000000e+01,4.549220000000000021e-07,0.000000000000000000e+00
3.534111630100458683e+02,2.052245638369899439e+02,4.500000000000000000e+01,1.128907999999999907e-06,0.000000000000000000e+00
3.537989360990219438e+02,2.052241760639009840e+02,4.500000000000000000e+01,1.328852000000000046e-06,0.000000000000000000e+00
3.542209373949252154e+02,2.052237540626050816e+02,4.500000000000000000e+01,1.503954999999999943e-06,0.000000000000000000e+00
3.546670253698800366e+02,2.052233079746301314e+02,4.500000000000000000e+01,1.457679999999999908e-06,0.000000000000000000e+00
3.550600106195918784e+02,2.052229149893803992e+02,4.500000000000000000e+01,1.507883999999999978e-06,0.000000000000000000e+00
3.554888879050042192e+02,2.052224861120949981e+02,4.500000000000000000e+01,1.524560999999999963e-06,0.000000000000000000e+00
3.558986392522391498e+02,2.052220763607477636e+02,4.500000000000000000e+01,1.517677000000000098e-06,0.000000000000000000e+00
3.563119956640186956e+02,2.052216630043359942e+02,4.500000000000000000e+01,1.463792000000000062e-06,0.000000000000000000e+00
3.567359830496183122e+02,2.052212390169503919e+02,4.500000000000000000e+01,1.475069000000000064e-06,0.000000000000000000e+00
3.571349751339487852e+02,2.052208400248660496e+02,4.500000000000000000e+01,1.516019000000000070e-06,0.000000000000000000e+00
3.575765607997918210e+02,2.052203984392002099e+02,4.500000000000000000e+01,1.487408999999999975e-06,0.000000000000000000e+00
3.580074600910865001e+02,2.052199675399089074e+02,4.500000000000000000e+01,1.496605999999999948e-06,0.000000000000000000e+00
3.584241160569353610e+02,2.052195508839430715e+02,4.500000000000000000e+01,1.524226000000000033e-06,0.000000000000000000e+00
3.588116071757627878e+02,2.052191633928242425e+02,4.500000000000000000e+01,1.645865000000000081e-06,0.000000000000000000e+00
3.592544339588253592e+02,2.052187205660411848e+02,4.500000000000000000e+01,1.762542999999999982e-06,0.000000000000000000e+00
3.596781768305540936e+02,2.052182968231694531e+02,4.500000000000000000e+01,1.647188999999999994e-06,0.000000000000000000e+00
3.601153818394743098e+02,2.052178596181605315e+02,4.500000000000000000e+01,1.529216999999999948e-06,0.000000000000000000e+00
3.605237892730743283e+02,2.052174512107269209e+02,4.500000000000000000e+01,1.587454000000000048e-06,0.000000000000000000e+00
3.609440616174093179e+02,2.052170309383826066e+02,4.500000000000000000e+01,1.674357999999999911e-06,0.000000000000000000e+00
3.613596091881145753e+02,2.052166153908118815e+02,4.500000000000000000e+01,1.630629000000000062e-06,0.000000000000000000e+00
3.617728906202290204e+02,2.052162021093797648e+02,4.500000000000000000e+01,1.703679999999999967e-06,0.000000000000000000e+00
3.621789836911733005e+02,2.052157960163088148e+02,4.500000000000000000e+01,1.691762000000000058e-06,0.000000000000000000e+00
3.626206270531263272e+02,2.052153543729468765e+02,4.500000000000000000e+01,1.738794000000000025e-06,0.000000000000000000e+00
3.630176084422373037e+02,2.052149573915577605e+02,4.500000000000000000e+01,1.704989999999999917e-06,0.000000000000000000e+00
3.634365082845632173e+02,2.052145384917154445e+02,4.500000000000000000e+01,1.544452999999999966e-06,0.000000000000000000e+00
3.638562262314849249e+02,2.052141187737685186e+02,4.500000000000000000e+01,1.394728000000000100e-06,0.000000000000000000e+00
3.642419062398611800e+02,2.052137330937601405e+02,4.500000000000000000e+01,1.655410999999999946e-06,0.000000000000000000e+00
3.646895858396945869e+02,2.052132854141603104e+02,4.500000000000000000e+01,1.710156000000000004e-06,0.000000000000000000e+00
3.650885768171950758e+02,2.052128864231827947e+02,4.500000000000000000e+01,1.724955000000000030e-06,0.000000000000000000e+00
3.655339274585239764e+02,2.052124410725414805e+02,4.500000000000000000e+01,1.741850000000000103e-06,0.000000000000000000e+00
3.659191474155841206e+02,2.052120558525844274e+02,4.500000000000000000e+01,1.774199000000000070e-06,0.000000000000000000e+00
3.663445057831261238e+02,2.052116304942168767e+02,4.500000000000000000e+01,1.814812999999999907e-06,0.000000000000000000e+00
3.667594974781986252e+02,2.052112155025218101e+02,4.500000000000000000e+01,1.831852999999999959e-06,0.000000000000000000e+00
3.671884461148098922e+02,2.052107865538851854e+02,4.500000000000000000e+01,1.838402000000000106e-06,0.000000000000000000e+00
3.676312810591603011e+02,2.052103437189408339e+02,4.500000000000000000e+01,1.852241000000000102e-06,0.000000000000000000e+00
3.680270644909997486e+02,2.052099479355090068e+02,4.500000000000000000e+01,1.897468000000000008e-06,0.000000000000000000e+00
3.684483545238157944e+02,2.052095266454761884e+02,4.500000000000000000e+01,1.830107000000000044e-06,0.000000000000000000e+00
3.688911247329498906e+02,2.052090838752670550e+02,4.500000000000000000e+01,1.810316000000000075e-06,0.000000000000000000e+00
3.692963626032833417e+02,2.052086786373967300e+02,4.500000000000000000e+01,1.793464999999999946e-06,0.000000000000000000e+00
3.697002415362961756e+02,2.052082747584637161e+02,4.500000000000000000e+01,1.639928000000000098e-06,0.000000000000000000e+00
3.701356680219470263e+02,2.052078393319780503e+02,4.500000000000000000e+01,1.532550000000000048e-06,0.000000000000000000e+00
3.705608110134785989e+02,2.052074141889865189e+02,4.500000000000000000e+01,1.807871999999999951e-06,0.000000000000000000e+00
3.709688617611196264e+02,2.052070061382388815e+02,4.500000000000000000e+01,1.717766000000000004e-06,0.000000000000000000e+00
3.713841255928114720e+02,2.052065908744071976e+02,4.500000000000000000e+01,1.767344999999999975e-06,0.000000000000000000e+00
3.717716100850849443e+02,2.052062033899149185e+02,4.500000000000000000e+01,1.814682000000000103e-06,0.000000000000000000e+00
3.721985837843465106e+02,2.052057764162156559e+02,4.500000000000000000e+01,1.775420999999999921e-06,0.000000000000000000e+00
3.726184898079599179e+02,2.052053565101920469e+02,4.500000000000000000e+01,1.681269999999999914e-06,0.000000000000000000e+00
3.730409327709924128e+02,2.052049340672290043e+02,4.500000000000000000e+01,1.749257000000000005e-06,0.000000000000000000e+00
3.734646706553114655e+02,2.052045103293446857e+02,4.500000000000000000e+01,1.791996000000000054e-06,0.000000000000000000e+00
3.738756028036693806e+02,2.052040993971963303e+02,4.500000000000000000e+01,1.699693000000000025e-06,0.000000000000000000e+00
3.742871549160305449e+02,2.052036878450839765e+02,4.500000000000000000e+01,1.678562999999999941e-06,0.000000000000000000e+00
3.747111478906437014e+02,2.052032638521093588e+02,4.500000000000000000e+01,1.623572000000000081e-06,0.000000000000000000e+00
3.751332430415681074e+02,2.052028417569584349e+02,4.500000000000000000e+01,1.656575000000000102e-06,0.000000000000000000e+00
3.755530766281364663e+02,2.052024219233718725e+02,4.500000000000000000e+01,1.815772999999999937e-06,0.000000000000000000e+00
3.759804132103477627e+02,2.052019945867896524e+02,4.500000000000000000e+01,1.814129000000000084e-06,0.000000000000000000e+00
3.763681817478199036e+02,2.052016068182521735e+02,4.500000000000000000e+01,1.854365000000000075e-06,0.000000000000000000e+00
3.767840138828955787e+02,2.052011909861170977e+02,4.500000000000000000e+01,1.782187999999999944e-06,0.000000000000000000e+00
3.772293558815812275e+02,2.052007456441184274e+02,4.500000000000000000e+01,1.688779000000000090e-06,0.000000000000000000e+00
3.776166745982520183e+02,2.052003583254017371e+02,4.500000000000000000e+01,1.441076000000000033e-06,0.000000000000000000e+00
3.780520852081394878e+02,2.051999229147918697e+02,4.500000000000000000e+01,1.202700999999999964e-06,0.000000000000000000e+00
3.785007533404177025e+02,2.051994742466595767e+02,4.500000000000000000e+01,6.635672999999999521e-07,0.000000000000000000e+00
3.789161903867257024e+02,2.051990588096132626e+02,4.500000000000000000e+01,2.391024999999999799e-07,0.000000000000000000e+00
3.793235639666976908e+02,2.051986514360333160e+02,4.500000000000000000e+01,6.098708000000000112e-08,0.000000000000000000e+00
3.797245965084252930e+02,2.051982504034915848e+02,4.500000000000000000e+01,1.712615000000000013e-07,0.000000000000000000e+00
3.801550412317835139e+02,2.051978199587682070e+02,4.500000000000000000e+01,1.479492999999999999e-07,0.000000000000000000e+00
3.805942863312579334e+02,2.051973807136687356e+02,4.500000000000000000e+01,7.123162999999999871e-07,0.000000000000000000e+00
3.809936676677510263e+02,2.051969813323322569e+02,4.500000000000000000e+01,1.655615000000000072e-06,0.000000000000000000e+00
3.814170216216990070e+02,2.051965579783783085e+02,4.500000000000000000e+01,1.769979000000000050e-06,0.000000000000000000e+00
3.818325129968987994e+02,2.051961424870031010e+02,4.500000000000000000e+01,1.734587999999999968e-06,0.000000000000000000e+00
3.822397569121400807e+02,2.051957352430878530e+02,4.500000000000000000e+01,1.812572000000000092e-06,0.000000000000000000e+00
3.826713636104183252e+02,2.051953036363895819e+02,4.500000000000000000e+01,1.783336999999999897e-06,0.000000000000000000e+00
3.830624922025812111e+02,2.051949125077974259e+02,4.500000000000000000e+01,1.714885000000000099e-06,0.000000000000000000e+00
3.835102142239379077e+02,2.051944647857760629e+02,4.500000000000000000e+01,1.672232999999999910e-06,0.000000000000000000e+00
3.839104782327822818e+02,2.051940645217672170e+02,4.500000000000000000e+01,1.746302999999999990e-06,0.000000000000000000e+00
3.843160720502556842e+02,2.051936589279497412e+02,4.500000000000000000e+01,1.700653000000000055e-06,0.000000000000000000e+00
3.847349666762090123e+02,2.051932400333238036e+02,4.500000000000000000e+01,1.659761999999999983e-06,0.000000000000000000e+00
3.851429147249028802e+02,2.051928320852750858e+02,4.500000000000000000e+01,1.610038000000000034e-06,0.000000000000000000e+00
3.855806973416030132e+02,2.051923943026583856e+02,4.500000000000000000e+01,1.444438000000000086e-06,0.000000000000000000e+00
3.860039052493887084e+02,2.051919710947506132e+02,4.500000000000000000e+01,1.377120000000000039e-06,0.000000000000000000e+00
3.863926981525168003e+02,2.051915823018474896e+02,4.500000000000000000e+01,1.238600999999999909e-06,0.000000000000000000e+00
3.868357529260211436e+02,2.051911392470739770e+02,4.500000000000000000e+01,1.429216000000000031e-06,0.000000000000000000e+00
3.872507379945397474e+02,2.051907242620054603e+02,4.500000000000000000e+01,1.615625999999999911e-06,0.000000000000000000e+00
3.876815067016547118e+02,2.051902934932983555e+02,4.500000000000000000e+01,1.596839999999999944e-06,0.000000000000000000e+00
3.880892270217519240e+02,2.051898857729782435e+02,4.500000000000000000e+01,1.585358000000000001e-06,0.000000000000000000e+00
3.885218740231200059e+02,2.051894531259768826e+02,4.500000000000000000e+01,1.601059999999999965e-06,0.000000000000000000e+00
3.889455842823035141e+02,2.051890294157176982e+02,4.500000000000000000e+01,1.552514999999999949e-06,0.000000000000000000e+00
3.893270861589842866e+02,2.051886479138410095e+02,4.500000000000000000e+01,1.564025000000000031e-06,0.000000000000000000e+00
3.897698558418151151e+02,2.051882051441581893e+02,4.500000000000000000e+01,1.490727000000000085e-06,0.000000000000000000e+00
3.901971435102253167e+02,2.051877778564897881e+02,4.500000000000000000e+01,1.548950000000000010e-06,0.000000000000000000e+00
3.905906000104964164e+02,2.051873843999894973e+02,4.500000000000000000e+01,1.494293000000000052e-06,0.000000000000000000e+00
3.910359949043591996e+02,2.051869390050956383e+02,4.500000000000000000e+01,1.540015000000000069e-06,0.000000000000000000e+00
3.914384122176409733e+02,2.051865365877823706e+02,4.500000000000000000e+01,1.455875000000000058e-06,0.000000000000000000e+00
3.918470317194581867e+02,2.051861279682805446e+02,4.500000000000000000e+01,1.542589999999999998e-06,0.000000000000000000e+00
3.922613213311386176e+02,2.051857136786688613e+02,4.500000000000000000e+01,1.504260999999999920e-06,0.000000000000000000e+00
3.926680087734212066e+02,2.051853069912265823e+02,4.500000000000000000e+01,1.474457999999999927e-06,0.000000000000000000e+00
3.931088037062837088e+02,2.051848661962937115e+02,4.500000000000000000e+01,1.428953999999999999e-06,0.000000000000000000e+00
3.935273332994055977e+02,2.051844476667006063e+02,4.500000000000000000e+01,1.433916999999999988e-06,0.000000000000000000e+00
3.939242136973520019e+02,2.051840507863026630e+02,4.500000000000000000e+01,1.500243999999999997e-06,0.000000000000000000e+00
3.943455977221232729e+02,2.051836294022778873e+02,4.500000000000000000e+01,1.533655000000000057e-06,0.000000000000000000e+00
3.947547463365759199e+02,2.051832202536634213e+02,4.500000000000000000e+01,1.505323000000000012e-06,0.000000000000000000e+00
3.951847902459335842e+02,2.051827902097540743e+02,4.500000000000000000e+01,1.421737000000000047e-06,0.000000000000000000e+00
3.956154617267029607e+02,2.051823595382732890e+02,4.500000000000000000e+01,1.457795999999999934e-06,0.000000000000000000e+00
3.960236368519442181e+02,2.051819513631480447e+02,4.500000000000000000e+01,1.455962999999999946e-06,0.000000000000000000e+00
3.964441592578259019e+02,2.051815308407421696e+02,4.500000000000000000e+01,1.450942000000000050e-06,0.000000000000000000e+00
3.968484129620977683e+02,2.051811265870379088e+02,4.500000000000000000e+01,1.457795999999999934e-06,0.000000000000000000e+00
3.972474783246527750e+02,2.051807275216753510e+02,4.500000000000000000e+01,1.451174999999999917e-06,0.000000000000000000e+00
3.976959714840525635e+02,2.051802790285159404e+02,4.500000000000000000e+01,1.457694000000000083e-06,0.000000000000000000e+00
3.981197083918986550e+02,2.051798552916081064e+02,4.500000000000000000e+01,1.467662999999999978e-06,0.000000000000000000e+00
3.985187008106108806e+02,2.051794562991893827e+02,4.500000000000000000e+01,1.526467000000000059e-06,0.000000000000000000e+00
3.989641048182999157e+02,2.051790108951817047e+02,4.500000000000000000e+01,1.485969000000000036e-06,0.000000000000000000e+00
3.993799335093299305e+02,2.051785950664906863e+02,4.500000000000000000e+01,1.501656000000000010e-06,0.000000000000000000e+00
3.997949220218940809e+02,2.051781800779781122e+02,4.500000000000000000e+01,1.526627000000000029e-06,0.000000000000000000e+00
4.002174296926979764e+02,2.051777575703073069e+02,4.500000000000000000e+01,1.542226999999999930e-06,0.000000000000000000e+00
4.006251472987509032e+02,2.051773498527012407e+02,4.500000000000000000e+01,1.559993999999999933e-06,0.000000000000000000e+00
4.010616523638444733e+02,2.051769133476361446e+02,4.500000000000000000e+01,1.546737999999999937e-06,0.000000000000000000e+00
4.014856510005248538e+02,2.051764893489994677e+02,4.500000000000000000e+01,1.534048000000000106e-06,0.000000000000000000e+00
4.018843936181684171e+02,2.051760906063818197e+02,4.500000000000000000e+01,1.465391999999999971e-06,0.000000000000000000e+00
4.023028458181344718e+02,2.051756721541818820e+02,4.500000000000000000e+01,1.506311999999999996e-06,0.000000000000000000e+00
4.027071229447267910e+02,2.051752678770552620e+02,4.500000000000000000e+01,1.551627000000000001e-06,0.000000000000000000e+00
4.031311190877427180e+02,2.051748438809122490e+02,4.500000000000000000e+01,1.574896000000000049e-06,0.000000000000000000e+00
4.035665529055344223e+02,2.051744084470944642e+02,4.500000000000000000e+01,1.587032000000000046e-06,0.000000000000000000e+00
4.039762240517400755e+02,2.051739987759482631e+02,4.500000000000000000e+01,1.620618000000000066e-06,0.000000000000000000e+00
4.043917716224455035e+02,2.051735832283775665e+02,4.500000000000000000e+01,1.610751000000000022e-06,0.000000000000000000e+00
4.047795398960984130e+02,2.051731954601038979e+02,4.500000000000000000e+01,1.575375999999999958e-06,0.000000000000000000e+00
4.052049292271682930e+02,2.051727700707728275e+02,4.500000000000000000e+01,1.641339999999999899e-06,0.000000000000000000e+00
4.056493230239271952e+02,2.051723256769760724e+02,4.500000000000000000e+01,1.722626999999999931e-06,0.000000000000000000e+00
4.060441494795280732e+02,2.051719308505204822e+02,4.500000000000000000e+01,1.757129000000000037e-06,0.000000000000000000e+00
4.064697807872345834e+02,2.051715052192127757e+02,4.500000000000000000e+01,1.809240000000000020e-06,0.000000000000000000e+00
4.069128289341850859e+02,2.051710621710658131e+02,4.500000000000000000e+01,1.822132999999999949e-06,0.000000000000000000e+00
4.073141273129472779e+02,2.051706608726870513e+02,4.500000000000000000e+01,1.843290999999999959e-06,0.000000000000000000e+00
4.077190315381679966e+02,2.051702559684618450e+02,4.500000000000000000e+01,1.831430999999999957e-06,0.000000000000000000e+00
4.081527491331786450e+02,2.051698222508668152e+02,4.500000000000000000e+01,1.834690999999999948e-06,0.000000000000000000e+00
4.085836520240289929e+02,2.051693913479759601e+02,4.500000000000000000e+01,1.775085999999999991e-06,0.000000000000000000e+00
4.089910098447004998e+02,2.051689839901553114e+02,4.500000000000000000e+01,1.837338999999999986e-06,0.000000000000000000e+00
4.094055518562303178e+02,2.051685694481437849e+02,4.500000000000000000e+01,1.808774000000000074e-06,0.000000000000000000e+00
4.098387457315299116e+02,2.051681362542684610e+02,4.500000000000000000e+01,1.827997000000000034e-06,0.000000000000000000e+00
4.102613532510679875e+02,2.051677136467489220e+02,4.500000000000000000e+01,1.812718000000000099e-06,0.000000000000000000e+00
4.106614771698472737e+02,2.051673135228301419e+02,4.500000000000000000e+01,1.865045999999999931e-06,0.000000000000000000e+00
4.110849677864453042e+02,2.051668900322135585e+02,4.500000000000000000e+01,1.944004999999999864e-06,0.000000000000000000e+00
4.114851960980265062e+02,2.051664898039019818e+02,4.500000000000000000e+01,1.987224000000000034e-06,0.000000000000000000e+00
4.119249501569126437e+02,2.051660500498430793e+02,4.500000000000000000e+01,1.857682999999999973e-06,0.000000000000000000e+00
4.123311958052434534e+02,2.051656438041947581e+02,4.500000000000000000e+01,1.844222000000000035e-06,0.000000000000000000e+00
4.127315345284205250e+02,2.051652434654715762e+02,4.500000000000000000e+01,1.897846000000000066e-06,0.000000000000000000e+00
4.131624374192708729e+02,2.051648125625807211e+02,4.500000000000000000e+01,1.938270999999999979e-06,0.000000000000000000e+00
4.135703812465842475e+02,2.051644046187534229e+02,4.500000000000000000e+01,1.928289000000000148e-06,0.000000000000000000e+00
4.140015154353624780e+02,2.051639734845646501e+02,4.500000000000000000e+01,1.841296999999999974e-06,0.000000000000000000e+00
4.144168439027752129e+02,2.051635581560972241e+02,4.500000000000000000e+01,1.915541000000000199e-06,0.000000000000000000e+00
4.148046063328650916e+02,2.051631703936671443e+02,4.500000000000000000e+01,1.889769999999999908e-06,0.000000000000000000e+00
4.152476388940576157e+02,2.051627273611059366e+02,4.500000000000000000e+01,1.870925000000000006e-06,0.000000000000000000e+00
4.156713858542868820e+02,2.051623036141457135e+02,4.500000000000000000e+01,1.913532999999999827e-06,0.000000000000000000e+00
4.160703784694655951e+02,2.051619046215305389e+02,4.500000000000000000e+01,1.933848000000000073e-06,0.000000000000000000e+00
4.165176070490772986e+02,2.051614573929509220e+02,4.500000000000000000e+01,1.952168999999999910e-06,0.000000000000000000e+00
4.169365115254327065e+02,2.051610384884745599e+02,4.500000000000000000e+01,1.976382999999999997e-06,0.000000000000000000e+00
4.173242805820764829e+02,2.051606507194179301e+02,4.500000000000000000e+01,1.978726000000000086e-06,0.000000000000000000e+00
4.177414502170848891e+02,2.051602335497829301e+02,4.500000000000000000e+01,2.023719999999999913e-06,0.000000000000000000e+00
4.181723531079351801e+02,2.051598026468920750e+02,4.500000000000000000e+01,2.038038999999999818e-06,0.000000000000000000e+00
4.185803008306044148e+02,2.051593946991694111e+02,4.500000000000000000e+01,2.045431999999999969e-06,0.000000000000000000e+00
4.190107434946108924e+02,2.051589642565053850e+02,4.500000000000000000e+01,1.988912000000000042e-06,0.000000000000000000e+00
4.194286738358778734e+02,2.051585463261641280e+02,4.500000000000000000e+01,2.021741000000000130e-06,0.000000000000000000e+00
4.198720046566119208e+02,2.051581029953433983e+02,4.500000000000000000e+01,2.109416999999999916e-06,0.000000000000000000e+00
4.202838020725191086e+02,2.051576911979274769e+02,4.500000000000000000e+01,1.968016000000000065e-06,0.000000000000000000e+00
4.206891269293661253e+02,2.051572858730706344e+02,4.500000000000000000e+01,2.021392000000000026e-06,0.000000000000000000e+00
4.211200298202164163e+02,2.051568549701797792e+02,4.500000000000000000e+01,2.041692000000000069e-06,0.000000000000000000e+00
4.215466841922785761e+02,2.051564283158077160e+02,4.500000000000000000e+01,2.135172999999999793e-06,0.000000000000000000e+00
4.219500204479551257e+02,2.051560249795520576e+02,4.500000000000000000e+01,2.158717999999999836e-06,0.000000000000000000e+00
4.223537607977289667e+02,2.051556212392022758e+02,4.500000000000000000e+01,2.149216000000000125e-06,0.000000000000000000e+00
4.227527811996713467e+02,2.051552222188003327e+02,4.500000000000000000e+01,2.138258000000000035e-06,0.000000000000000000e+00
4.232012417404579878e+02,2.051547737582595516e+02,4.500000000000000000e+01,2.186424999999999992e-06,0.000000000000000000e+00
4.235999852378453738e+02,2.051543750147621665e+02,4.500000000000000000e+01,2.145433000000000097e-06,0.000000000000000000e+00
4.240237311221374057e+02,2.051539512688778757e+02,4.500000000000000000e+01,2.101355000000000144e-06,0.000000000000000000e+00
4.244691321949797498e+02,2.051535058678050234e+02,4.500000000000000000e+01,2.102984999999999822e-06,0.000000000000000000e+00
4.248566233138071198e+02,2.051531183766861943e+02,4.500000000000000000e+01,2.134766000000000205e-06,0.000000000000000000e+00
4.252718929466960276e+02,2.051527031070532985e+02,4.500000000000000000e+01,2.121101999999999957e-06,0.000000000000000000e+00
4.256983647122099228e+02,2.051522766352877909e+02,4.500000000000000000e+01,2.115658999999999847e-06,0.000000000000000000e+00
4.261065355355556221e+02,2.051518684644644566e+02,4.500000000000000000e+01,2.164146000000000167e-06,0.000000000000000000e+00
4.265372110238337768e+02,2.051514377889761818e+02,4.500000000000000000e+01,2.214873999999999879e-06,0.000000000000000000e+00
4.269610279301296600e+02,2.051510139720698760e+02,4.500000000000000000e+01,2.152548000000000198e-06,0.000000000000000000e+00
4.273762863011796753e+02,2.051505987136988267e+02,4.500000000000000000e+01,2.192638999999999998e-06,0.000000000000000000e+00
4.277881557536142054e+02,2.051501868442463774e+02,4.500000000000000000e+01,2.180808000000000161e-06,0.000000000000000000e+00
4.282121538223717607e+02,2.051497628461776230e+02,4.500000000000000000e+01,2.163229999999999870e-06,0.000000000000000000e+00
4.286464919277395325e+02,2.051493285080722728e+02,4.500000000000000000e+01,2.173343000000000140e-06,0.000000000000000000e+00
4.290707366701788033e+02,2.051489042633298254e+02,4.500000000000000000e+01,2.049447999999999864e-06,0.000000000000000000e+00
4.294818073040527793e+02,2.051484931926959518e+02,4.500000000000000000e+01,1.789886000000000044e-06,0.000000000000000000e+00
4.298973509690416108e+02,2.051480776490309665e+02,4.500000000000000000e+01,2.118148000000000155e-06,0.000000000000000000e+00
4.302848459935855203e+02,2.051476901540064262e+02,4.500000000000000000e+01,2.125671000000000082e-06,0.000000000000000000e+00
4.307301047792170721e+02,2.051472448952207799e+02,4.500000000000000000e+01,2.036933000000000205e-06,0.000000000000000000e+00
4.311282058660517009e+02,2.051468467941339497e+02,4.500000000000000000e+01,2.068395000000000040e-06,0.000000000000000000e+00
4.315525839624036735e+02,2.051464224160376091e+02,4.500000000000000000e+01,2.068961999999999809e-06,0.000000000000000000e+00
4.320011062096934893e+02,2.051459738937903126e+02,4.500000000000000000e+01,2.034415999999999971e-06,0.000000000000000000e+00
4.323750720896945836e+02,2.051455999279102969e+02,4.500000000000000000e+01,2.015615000000000013e-06,0.000000000000000000e+00
4.328039629368108194e+02,2.051451710370631929e+02,4.500000000000000000e+01,2.069034999999999919e-06,0.000000000000000000e+00
4.332245951152652879e+02,2.051447504048847463e+02,4.500000000000000000e+01,2.063926999999999950e-06,0.000000000000000000e+00
4.336327702405065452e+02,2.051443422297595021e+02,4.500000000000000000e+01,2.055413999999999799e-06,0.000000000000000000e+00
4.340636690904358943e+02,2.051439113309095603e+02,4.500000000000000000e+01,2.048283999999999920e-06,0.000000000000000000e+00
4.344687828717288198e+02,2.051435062171282766e+02,4.500000000000000000e+01,2.063825000000000099e-06,0.000000000000000000e+00
4.348811397185040164e+02,2.051430938602815104e+02,4.500000000000000000e+01,2.055429000000000002e-06,0.000000000000000000e+00
4.352964081212891756e+02,2.051426785918787061e+02,4.500000000000000000e+01,1.992564999999999870e-06,0.000000000000000000e+00
4.357410060965195271e+02,2.051422339939034885e+02,4.500000000000000000e+01,2.019688999999999815e-06,0.000000000000000000e+00
4.361395015563720108e+02,2.051418354984436405e+02,4.500000000000000000e+01,2.072774999999999818e-06,0.000000000000000000e+00
4.365632470640997553e+02,2.051414117529359089e+02,4.500000000000000000e+01,2.003099999999999931e-06,0.000000000000000000e+00
4.369654402567661577e+02,2.051410095597432246e+02,4.500000000000000000e+01,2.028871999999999826e-06,0.000000000000000000e+00
4.374013632167943797e+02,2.051405736367832162e+02,4.500000000000000000e+01,2.008775000000000092e-06,0.000000000000000000e+00
4.378166328496831738e+02,2.051401583671503204e+02,4.500000000000000000e+01,2.134693000000000095e-06,0.000000000000000000e+00
4.382155974903582774e+02,2.051397594025096396e+02,4.500000000000000000e+01,2.045562999999999985e-06,0.000000000000000000e+00
4.386431407343150113e+02,2.051393318592656954e+02,4.500000000000000000e+01,2.037938000000000206e-06,0.000000000000000000e+00
4.390738162225932797e+02,2.051389011837774206e+02,4.500000000000000000e+01,2.013577999999999900e-06,0.000000000000000000e+00
4.395051909122137204e+02,2.051384698090877805e+02,4.500000000000000000e+01,1.933848000000000073e-06,0.000000000000000000e+00
4.399488093535134112e+02,2.051380261906464852e+02,4.500000000000000000e+01,2.016983000000000082e-06,0.000000000000000000e+00
4.403433389269138729e+02,2.051376316610731010e+02,4.500000000000000000e+01,2.034983000000000164e-06,0.000000000000000000e+00
4.407515767317835866e+02,2.051372234232682104e+02,4.500000000000000000e+01,2.102606000000000160e-06,0.000000000000000000e+00
4.411819655353385770e+02,2.051367930344646595e+02,4.500000000000000000e+01,2.063636000000000176e-06,0.000000000000000000e+00
4.415896804337360209e+02,2.051363853195662728e+02,4.500000000000000000e+01,2.033134999999999974e-06,0.000000000000000000e+00
4.420208107271583913e+02,2.051359541892728373e+02,4.500000000000000000e+01,2.100467000000000196e-06,0.000000000000000000e+00
4.424221344116032810e+02,2.051355528655884086e+02,4.500000000000000000e+01,2.169806999999999942e-06,0.000000000000000000e+00
4.428290300209399106e+02,2.051351459699790496e+02,4.500000000000000000e+01,1.987806000000000006e-06,0.000000000000000000e+00
4.432253079251735244e+02,2.051347496920748199e+02,4.500000000000000000e+01,2.111118999999999887e-06,0.000000000000000000e+00
4.436693589637404216e+02,2.051343056410362635e+02,4.500000000000000000e+01,2.082248000000000210e-06,0.000000000000000000e+00
4.440841913663400646e+02,2.051338908086336517e+02,4.500000000000000000e+01,2.076426999999999830e-06,0.000000000000000000e+00
4.444911205572652193e+02,2.051334838794427355e+02,4.500000000000000000e+01,2.078376999999999871e-06,0.000000000000000000e+00
4.449331772179813811e+02,2.051330418227820189e+02,4.500000000000000000e+01,2.086147999999999868e-06,0.000000000000000000e+00
4.453209492493638209e+02,2.051326540507506309e+02,4.500000000000000000e+01,2.086250000000000142e-06,0.000000000000000000e+00
4.457389532960311840e+02,2.051322360467039800e+02,4.500000000000000000e+01,2.085754999999999819e-06,0.000000000000000000e+00
4.461696236021774098e+02,2.051318053763978355e+02,4.500000000000000000e+01,2.065352999999999926e-06,0.000000000000000000e+00
4.465919406667594558e+02,2.051313830593332455e+02,4.500000000000000000e+01,2.068845999999999995e-06,0.000000000000000000e+00
4.470090717305216117e+02,2.051309659282694895e+02,4.500000000000000000e+01,1.993364999999999930e-06,0.000000000000000000e+00
4.474330704930937941e+02,2.051305419295069044e+02,4.500000000000000000e+01,2.041356999999999927e-06,0.000000000000000000e+00
4.478686752044955028e+02,2.051301063247955199e+02,4.500000000000000000e+01,2.077736999999999992e-06,0.000000000000000000e+00
4.482803001292969611e+02,2.051296946998706971e+02,4.500000000000000000e+01,2.035259999999999975e-06,0.000000000000000000e+00
4.486854892123524792e+02,2.051292895107876575e+02,4.500000000000000000e+01,2.052328999999999981e-06,0.000000000000000000e+00
4.491166235284422328e+02,2.051288583764715554e+02,4.500000000000000000e+01,2.042812000000000068e-06,0.000000000000000000e+00
4.495431489016560249e+02,2.051284318510983553e+02,4.500000000000000000e+01,1.990832999999999917e-06,0.000000000000000000e+00
4.499455792445727980e+02,2.051280294207554391e+02,4.500000000000000000e+01,2.046158999999999919e-06,0.000000000000000000e+00
4.503752616327113856e+02,2.051275997383672802e+02,4.500000000000000000e+01,2.017986999999999844e-06,0.000000000000000000e+00
4.507947741389256748e+02,2.051271802258610819e+02,4.500000000000000000e+01,1.835941999999999963e-06,0.000000000000000000e+00
4.511982440783415313e+02,2.051267767559216679e+02,4.500000000000000000e+01,1.842868999999999957e-06,0.000000000000000000e+00
4.516338575767170482e+02,2.051263411424232856e+02,4.500000000000000000e+01,1.936350999999999920e-06,0.000000000000000000e+00
4.520207346946564257e+02,2.051259542653053529e+02,4.500000000000000000e+01,1.901266000000000026e-06,0.000000000000000000e+00
4.524660864083125489e+02,2.051255089135916876e+02,4.500000000000000000e+01,1.854611999999999905e-06,0.000000000000000000e+00
4.528682121488549228e+02,2.051251067878511378e+02,4.500000000000000000e+01,1.834574999999999922e-06,0.000000000000000000e+00
4.532688414323959023e+02,2.051247061585676192e+02,4.500000000000000000e+01,1.735098000000000070e-06,0.000000000000000000e+00
4.536963185339723736e+02,2.051242786814660235e+02,4.500000000000000000e+01,1.634397999999999916e-06,0.000000000000000000e+00
4.541040365978487330e+02,2.051238709634021404e+02,4.500000000000000000e+01,1.613894999999999987e-06,0.000000000000000000e+00
4.545347135895211750e+02,2.051234402864104709e+02,4.500000000000000000e+01,1.619221000000000044e-06,0.000000000000000000e+00
4.549574139136428244e+02,2.051230175860863483e+02,4.500000000000000000e+01,1.558379000000000034e-06,0.000000000000000000e+00
4.553449116590239782e+02,2.051226300883409692e+02,4.500000000000000000e+01,1.404550999999999988e-06,0.000000000000000000e+00
4.557841577709392027e+02,2.051221908422290596e+02,4.500000000000000000e+01,1.566863000000000019e-06,0.000000000000000000e+00
4.562081507860397664e+02,2.051217668492139694e+02,4.500000000000000000e+01,1.600289000000000070e-06,0.000000000000000000e+00
4.566068930613802763e+02,2.051213681069386325e+02,4.500000000000000000e+01,1.599385999999999920e-06,0.000000000000000000e+00
4.570508070579050468e+02,2.051209241929420841e+02,4.500000000000000000e+01,1.631372000000000031e-06,0.000000000000000000e+00
4.574776385973653987e+02,2.051204973614026414e+02,4.500000000000000000e+01,1.654406999999999973e-06,0.000000000000000000e+00
4.578656910329472112e+02,2.051201093089670451e+02,4.500000000000000000e+01,1.739187000000000074e-06,0.000000000000000000e+00
4.582806827280196558e+02,2.051196943172719784e+02,4.500000000000000000e+01,1.826149000000000056e-06,0.000000000000000000e+00
4.587060023525329484e+02,2.051192689976474810e+02,4.500000000000000000e+01,1.823718999999999894e-06,0.000000000000000000e+00
4.591505950447291298e+02,2.051188244049552623e+02,4.500000000000000000e+01,1.826628999999999965e-06,0.000000000000000000e+00
4.595905369091303214e+02,2.051183844630908766e+02,4.500000000000000000e+01,1.798035000000000099e-06,0.000000000000000000e+00
4.599759828261624079e+02,2.051179990171738439e+02,4.500000000000000000e+01,1.848748000000000032e-06,0.000000000000000000e+00
4.604132722923728238e+02,2.051175617277076242e+02,4.500000000000000000e+01,1.843858999999999967e-06,0.000000000000000000e+00
4.608286847403716138e+02,2.051171463152596175e+02,4.500000000000000000e+01,1.885273000000000076e-06,0.000000000000000000e+00
4.612246320625012004e+02,2.051167503679374988e+02,4.500000000000000000e+01,1.904598000000000099e-06,0.000000000000000000e+00
4.616527718134894940e+02,2.051163222281865046e+02,4.500000000000000000e+01,1.826396000000000097e-06,0.000000000000000000e+00
4.620764951545633039e+02,2.051158985048454326e+02,4.500000000000000000e+01,1.815510999999999904e-06,0.000000000000000000e+00
4.624892073962943755e+02,2.051154857926037209e+02,4.500000000000000000e+01,1.793989000000000011e-06,0.000000000000000000e+00
4.629044744971636760e+02,2.051150705255028299e+02,4.500000000000000000e+01,1.792489999999999926e-06,0.000000000000000000e+00
4.632919615214568125e+02,2.051146830384785460e+02,4.500000000000000000e+01,1.714783000000000036e-06,0.000000000000000000e+00
4.637150121396659870e+02,2.051142599878603505e+02,4.500000000000000000e+01,1.788314000000000061e-06,0.000000000000000000e+00
4.641337558984553766e+02,2.051138412441015362e+02,4.500000000000000000e+01,1.670923999999999987e-06,0.000000000000000000e+00
4.645597443145113630e+02,2.051134152556854815e+02,4.500000000000000000e+01,1.680236999999999986e-06,0.000000000000000000e+00
4.649837373296119267e+02,2.051129912626703913e+02,4.500000000000000000e+01,1.706445000000000058e-06,0.000000000000000000e+00
4.653925031832769719e+02,2.051125824968167137e+02,4.500000000000000000e+01,1.731488999999999974e-06,0.000000000000000000e+00
4.658119245653095959e+02,2.051121630754346938e+02,4.500000000000000000e+01,1.667941000000000020e-06,0.000000000000000000e+00
4.662313367187873041e+02,2.051117436632812030e+02,4.500000000000000000e+01,1.649502999999999918e-06,0.000000000000000000e+00
4.666620122070655157e+02,2.051113129877929282e+02,4.500000000000000000e+01,1.668333000000000041e-06,0.000000000000000000e+00
4.670699638341429818e+02,2.051109050361658603e+02,4.500000000000000000e+01,1.601307000000000007e-06,0.000000000000000000e+00
4.675004080154409962e+02,2.051104745919845698e+02,4.500000000000000000e+01,1.590844000000000027e-06,0.000000000000000000e+00
4.679160462586476683e+02,2.051100589537413441e+02,4.500000000000000000e+01,1.612773999999999960e-06,0.000000000000000000e+00
4.683481823625953666e+02,2.051096268176374053e+02,4.500000000000000000e+01,1.627515000000000078e-06,0.000000000000000000e+00
4.687695989158431757e+02,2.051092054010841537e+02,4.500000000000000000e+01,1.608117999999999974e-06,0.000000000000000000e+00
4.691706679593492026e+02,2.051088043320406484e+02,4.500000000000000000e+01,1.609834999999999936e-06,0.000000000000000000e+00
4.696087847307583729e+02,2.051083662152692568e+02,4.500000000000000000e+01,1.621563999999999921e-06,0.000000000000000000e+00
4.700169594882025876e+02,2.051079580405117895e+02,4.500000000000000000e+01,1.599909999999999984e-06,0.000000000000000000e+00
4.704359918191216252e+02,2.051075390081808791e+02,4.500000000000000000e+01,1.500971999999999976e-06,0.000000000000000000e+00
4.708515393898268826e+02,2.051071234606101825e+02,4.500000000000000000e+01,1.609688999999999929e-06,0.000000000000000000e+00
4.712415692863106642e+02,2.051067334307136889e+02,4.500000000000000000e+01,1.560255999999999966e-06,0.000000000000000000e+00
4.716716410157131918e+02,2.051063033589842917e+02,4.500000000000000000e+01,1.556240000000000070e-06,0.000000000000000000e+00
4.720940529320318433e+02,2.051058809470679591e+02,4.500000000000000000e+01,1.570370000000000052e-06,0.000000000000000000e+00
4.725121065292588014e+02,2.051054628934707296e+02,4.500000000000000000e+01,1.550507000000000002e-06,0.000000000000000000e+00
4.729360951049618507e+02,2.051050389048950535e+02,4.500000000000000000e+01,1.532288000000000016e-06,0.000000000000000000e+00
4.733164904243644742e+02,2.051046585095756427e+02,4.500000000000000000e+01,1.543448999999999992e-06,0.000000000000000000e+00
4.737598165091313831e+02,2.051042151834908793e+02,4.500000000000000000e+01,1.534354000000000082e-06,0.000000000000000000e+00
4.741729777926208271e+02,2.051038020222073897e+02,4.500000000000000000e+01,1.515101999999999957e-06,0.000000000000000000e+00
4.745813140179870970e+02,2.051033936859820130e+02,4.500000000000000000e+01,1.477936000000000007e-06,0.000000000000000000e+00
4.750273255207113152e+02,2.051029476744792817e+02,4.500000000000000000e+01,1.525768000000000034e-06,0.000000000000000000e+00
4.754290558686992085e+02,2.051025459441312933e+02,4.500000000000000000e+01,1.437757999999999923e-06,0.000000000000000000e+00
4.758364359848384879e+02,2.051021385640151777e+02,4.500000000000000000e+01,1.425389000000000059e-06,0.000000000000000000e+00
4.762520353386292982e+02,2.051017229646613771e+02,4.500000000000000000e+01,1.390974000000000025e-06,0.000000000000000000e+00
4.766597980265012779e+02,2.051013152019735060e+02,4.500000000000000000e+01,1.398847000000000085e-06,0.000000000000000000e+00
4.770997652615758398e+02,2.051008752347384245e+02,4.500000000000000000e+01,1.428459999999999915e-06,0.000000000000000000e+00
4.775235195000000203e+02,2.051004514804999985e+02,4.500000000000000000e+01,1.445864000000000062e-06,0.000000000000000000e+00
4.779290967257271063e+02,2.051000459032742640e+02,4.500000000000000000e+01,1.387118000000000100e-06,0.000000000000000000e+00
4.783566661096828057e+02,2.050996183338903336e+02,4.500000000000000000e+01,1.411550000000000063e-06,0.000000000000000000e+00
4.787722070538341654e+02,2.050992027929461585e+02,4.500000000000000000e+01,1.430875000000000086e-06,0.000000000000000000e+00
4.791990722109691774e+02,2.050987759277890348e+02,4.500000000000000000e+01,1.407345000000000033e-06,0.000000000000000000e+00
4.796429729220640183e+02,2.050983320270779302e+02,4.500000000000000000e+01,1.376203999999999953e-06,0.000000000000000000e+00
4.800381502270607825e+02,2.050979368497729354e+02,4.500000000000000000e+01,1.354186999999999949e-06,0.000000000000000000e+00
4.804618979129006107e+02,2.050975131020871061e+02,4.500000000000000000e+01,1.324443000000000103e-06,0.000000000000000000e+00
4.809052157693021741e+02,2.050970697842307118e+02,4.500000000000000000e+01,1.298060000000000071e-06,0.000000000000000000e+00
4.813076763288585767e+02,2.050966673236711415e+02,4.500000000000000000e+01,1.381281999999999941e-06,0.000000000000000000e+00
4.817124365180467294e+02,2.050962625634819574e+02,4.500000000000000000e+01,1.398730000000000032e-06,0.000000000000000000e+00
4.821462995398060798e+02,2.050958287004602028e+02,4.500000000000000000e+01,1.351320000000000006e-06,0.000000000000000000e+00
4.825544692433476257e+02,2.050954205307566554e+02,4.500000000000000000e+01,1.289677999999999936e-06,0.000000000000000000e+00
4.829818434733745107e+02,2.050949931565266411e+02,4.500000000000000000e+01,1.306544000000000056e-06,0.000000000000000000e+00
4.833696191565721847e+02,2.050946053808434328e+02,4.500000000000000000e+01,1.308827999999999999e-06,0.000000000000000000e+00
4.837851610327094818e+02,2.050941898389672815e+02,4.500000000000000000e+01,1.339357999999999942e-06,0.000000000000000000e+00
4.842094435843163751e+02,2.050937655564156898e+02,4.500000000000000000e+01,1.295397000000000042e-06,0.000000000000000000e+00
4.846173875515073064e+02,2.050933576124485000e+02,4.500000000000000000e+01,1.262059000000000091e-06,0.000000000000000000e+00
4.850482389186144587e+02,2.050929267610814009e+02,4.500000000000000000e+01,1.278589000000000041e-06,0.000000000000000000e+00
4.854518052556906582e+02,2.050925231947443024e+02,4.500000000000000000e+01,1.224601999999999943e-06,0.000000000000000000e+00
4.858620641408010101e+02,2.050921129358592054e+02,4.500000000000000000e+01,1.210952000000000082e-06,0.000000000000000000e+00
4.862996009275030929e+02,2.050916753990724999e+02,4.500000000000000000e+01,1.233158000000000010e-06,0.000000000000000000e+00
4.867233437992318272e+02,2.050912516562007681e+02,4.500000000000000000e+01,1.226405999999999977e-06,0.000000000000000000e+00
4.871438174200346225e+02,2.050908311825799615e+02,4.500000000000000000e+01,1.246472999999999941e-06,0.000000000000000000e+00
4.875465793764165028e+02,2.050904284206235957e+02,4.500000000000000000e+01,1.209787999999999927e-06,0.000000000000000000e+00
4.879947966581848959e+02,2.050899802033418098e+02,4.500000000000000000e+01,1.238543000000000002e-06,0.000000000000000000e+00
4.884103464673452208e+02,2.050895646535326478e+02,4.500000000000000000e+01,1.314183000000000009e-06,0.000000000000000000e+00
4.888178020277201199e+02,2.050891571979722698e+02,4.500000000000000000e+01,1.265871000000000073e-06,0.000000000000000000e+00
4.892198131985860527e+02,2.050887551868014214e+02,4.500000000000000000e+01,1.243344999999999994e-06,0.000000000000000000e+00
4.896652818072950026e+02,2.050883097181927042e+02,4.500000000000000000e+01,1.251494000000000049e-06,0.000000000000000000e+00
4.900948141179276831e+02,2.050878801858820850e+02,4.500000000000000000e+01,1.153427999999999970e-06,0.000000000000000000e+00
4.904875227748753446e+02,2.050874874772251246e+02,4.500000000000000000e+01,1.174237999999999903e-06,0.000000000000000000e+00
4.909291779001777059e+02,2.050870458220998387e+02,4.500000000000000000e+01,1.188528000000000066e-06,0.000000000000000000e+00
4.913100019580620028e+02,2.050866649980419538e+02,4.500000000000000000e+01,1.201392000000000042e-06,0.000000000000000000e+00
4.917337504060308788e+02,2.050862412495939680e+02,4.500000000000000000e+01,1.234701000000000039e-06,0.000000000000000000e+00
4.921522863988230938e+02,2.050858227136011749e+02,4.500000000000000000e+01,1.248146999999999986e-06,0.000000000000000000e+00
4.925740732181041608e+02,2.050854009267818867e+02,4.500000000000000000e+01,1.170469000000000050e-06,0.000000000000000000e+00
4.930052035115264744e+02,2.050849697964884797e+02,4.500000000000000000e+01,1.196385999999999924e-06,0.000000000000000000e+00
4.934042123282442844e+02,2.050845707876717654e+02,4.500000000000000000e+01,1.324617000000000035e-06,0.000000000000000000e+00
4.938093985676041484e+02,2.050841656014324030e+02,4.500000000000000000e+01,1.385706000000000087e-06,0.000000000000000000e+00
4.942292740821062011e+02,2.050837457259179075e+02,4.500000000000000000e+01,1.322944000000000017e-06,0.000000000000000000e+00
4.946379040124916173e+02,2.050833370959875026e+02,4.500000000000000000e+01,1.348031000000000062e-06,0.000000000000000000e+00
4.950754316505641555e+02,2.050828995683494327e+02,4.500000000000000000e+01,1.305786999999999912e-06,0.000000000000000000e+00
4.954994246656647192e+02,2.050824755753343425e+02,4.500000000000000000e+01,1.264489000000000041e-06,0.000000000000000000e+00
4.959074281067013885e+02,2.050820675718933046e+02,4.500000000000000000e+01,1.195745000000000018e-06,0.000000000000000000e+00
4.963296220658944549e+02,2.050816453779341089e+02,4.500000000000000000e+01,1.239081000000000029e-06,0.000000000000000000e+00
4.967460479035372032e+02,2.050812289520964669e+02,4.500000000000000000e+01,1.209030999999999995e-06,0.000000000000000000e+00
4.971443949598033782e+02,2.050808306050402052e+02,4.500000000000000000e+01,1.271051999999999939e-06,0.000000000000000000e+00
4.975844418806385079e+02,2.050803905581193760e+02,4.500000000000000000e+01,1.240725000000000094e-06,0.000000000000000000e+00
4.980153466027628610e+02,2.050799596533972533e+02,4.500000000000000000e+01,1.223888999999999955e-06,0.000000000000000000e+00
4.984156235749898656e+02,2.050795593764250100e+02,4.500000000000000000e+01,1.230785999999999967e-06,0.000000000000000000e+00
4.988215178010443083e+02,2.050791534821989615e+02,4.500000000000000000e+01,1.294203999999999933e-06,0.000000000000000000e+00
4.992642813836245068e+02,2.050787107186163780e+02,4.500000000000000000e+01,1.233406000000000080e-06,0.000000000000000000e+00
4.996925876029580991e+02,2.050782824123970443e+02,4.500000000000000000e+01,1.194653999999999972e-06,0.000000000000000000e+00
5.001232657644762867e+02,2.050778517342355372e+02,4.500000000000000000e+01,1.258187999999999964e-06,0.000000000000000000e+00
5.005314429562803298e+02,2.050774435570437220e+02,4.500000000000000000e+01,1.223495999999999907e-06,0.000000000000000000e+00
5.009542501805073016e+02,2.050770207498194964e+02,4.500000000000000000e+01,1.232693000000000092e-06,0.000000000000000000e+00
5.013575675469357975e+02,2.050766174324530766e+02,4.500000000000000000e+01,1.174543000000000064e-06,0.000000000000000000e+00
5.017570107463952240e+02,2.050762179892536210e+02,4.500000000000000000e+01,1.258638999999999919e-06,0.000000000000000000e+00
5.022050522181402243e+02,2.050757699477818505e+02,4.500000000000000000e+01,1.228384999999999971e-06,0.000000000000000000e+00
5.025943594005768773e+02,2.050753806405994339e+02,4.500000000000000000e+01,1.271692000000000029e-06,0.000000000000000000e+00
5.030275384374627379e+02,2.050749474615625445e+02,4.500000000000000000e+01,1.239052000000000076e-06,0.000000000000000000e+00
5.034332060409437872e+02,2.050745417939590709e+02,4.500000000000000000e+01,1.169857999999999913e-06,0.000000000000000000e+00
5.038502701560188939e+02,2.050741247298439873e+02,4.500000000000000000e+01,1.243373999999999947e-06,0.000000000000000000e+00
5.042716058224718267e+02,2.050737033941775280e+02,4.500000000000000000e+01,1.278328000000000037e-06,0.000000000000000000e+00
5.046722544790076768e+02,2.050733027455210049e+02,4.500000000000000000e+01,1.228413999999999925e-06,0.000000000000000000e+00
5.051099962091474822e+02,2.050728650037908665e+02,4.500000000000000000e+01,1.292399000000000084e-06,0.000000000000000000e+00
5.055179443209717078e+02,2.050724570556790241e+02,4.500000000000000000e+01,1.288818999999999942e-06,0.000000000000000000e+00
5.059369298995414397e+02,2.050720380701004615e+02,4.500000000000000000e+01,1.251289999999999924e-06,0.000000000000000000e+00
5.063521929058763931e+02,2.050716228070941156e+02,4.500000000000000000e+01,1.225881999999999912e-06,0.000000000000000000e+00
5.067904666962476199e+02,2.050711845333037502e+02,4.500000000000000000e+01,1.297944000000000045e-06,0.000000000000000000e+00
5.071951903537117232e+02,2.050707798096462966e+02,4.500000000000000000e+01,1.292675999999999895e-06,0.000000000000000000e+00
5.076134494236641217e+02,2.050703615505763366e+02,4.500000000000000000e+01,1.255946999999999937e-06,0.000000000000000000e+00
5.080567645421817815e+02,2.050699182354578340e+02,4.500000000000000000e+01,1.352643999999999919e-06,0.000000000000000000e+00
5.084616883036331387e+02,2.050695133116963689e+02,4.500000000000000000e+01,1.334032000000000097e-06,0.000000000000000000e+00
5.088729756467345169e+02,2.050691020243532705e+02,4.500000000000000000e+01,1.345542999999999994e-06,0.000000000000000000e+00
5.092885198505049971e+02,2.050686864801494949e+02,4.500000000000000000e+01,1.382154999999999898e-06,0.000000000000000000e+00
5.097334112416804146e+02,2.050682415887583261e+02,4.500000000000000000e+01,1.363151000000000054e-06,0.000000000000000000e+00
5.101201393003839257e+02,2.050678548606996117e+02,4.500000000000000000e+01,1.265797999999999964e-06,0.000000000000000000e+00
5.105558963887497157e+02,2.050674191036112575e+02,4.500000000000000000e+01,1.274034999999999907e-06,0.000000000000000000e+00
5.110036580800349952e+02,2.050669713419199809e+02,4.500000000000000000e+01,1.292471999999999981e-06,0.000000000000000000e+00
5.113923648176419761e+02,2.050665826351823569e+02,4.500000000000000000e+01,1.230190000000000033e-06,0.000000000000000000e+00
5.117971528980070275e+02,2.050661778471019829e+02,4.500000000000000000e+01,1.318170999999999979e-06,0.000000000000000000e+00
5.122006153614198638e+02,2.050657743846385870e+02,4.500000000000000000e+01,1.313673999999999935e-06,0.000000000000000000e+00
5.126360089332263215e+02,2.050653389910667670e+02,4.500000000000000000e+01,1.319858999999999987e-06,0.000000000000000000e+00
5.130441831002775643e+02,2.050649308168997322e+02,4.500000000000000000e+01,1.248131999999999996e-06,0.000000000000000000e+00
5.134695439425345285e+02,2.050645054560574749e+02,4.500000000000000000e+01,1.280902999999999965e-06,0.000000000000000000e+00
5.138713318962761605e+02,2.050641036681037122e+02,4.500000000000000000e+01,1.294741999999999961e-06,0.000000000000000000e+00
5.142725886598811940e+02,2.050637024113401310e+02,4.500000000000000000e+01,1.266308000000000065e-06,0.000000000000000000e+00
5.147193179264772880e+02,2.050632556820735317e+02,4.500000000000000000e+01,1.227016999999999902e-06,0.000000000000000000e+00
5.151192168578414794e+02,2.050628557831421688e+02,4.500000000000000000e+01,1.249601999999999916e-06,0.000000000000000000e+00
5.155418030735465891e+02,2.050624331969264631e+02,4.500000000000000000e+01,1.269436000000000012e-06,0.000000000000000000e+00
5.159897677120441131e+02,2.050619852322879524e+02,4.500000000000000000e+01,1.241453000000000072e-06,0.000000000000000000e+00
5.163773054695293467e+02,2.050615976945304624e+02,4.500000000000000000e+01,1.273220000000000068e-06,0.000000000000000000e+00
5.167930895525869346e+02,2.050611819104474023e+02,4.500000000000000000e+01,1.287145999999999924e-06,0.000000000000000000e+00
5.172159259196287167e+02,2.050607590740803801e+02,4.500000000000000000e+01,1.225664000000000036e-06,0.000000000000000000e+00
5.176236462397258720e+02,2.050603513537602680e+02,4.500000000000000000e+01,1.208536999999999912e-06,0.000000000000000000e+00
5.180597540303919004e+02,2.050599152459696199e+02,4.500000000000000000e+01,1.281398000000000077e-06,0.000000000000000000e+00
5.184837470454925779e+02,2.050594912529545013e+02,4.500000000000000000e+01,1.243620999999999989e-06,0.000000000000000000e+00
5.189252671985580037e+02,2.050590497328014408e+02,4.500000000000000000e+01,1.189473999999999921e-06,0.000000000000000000e+00
5.193314829323218191e+02,2.050586435170676793e+02,4.500000000000000000e+01,1.218518999999999954e-06,0.000000000000000000e+00
5.197320229550432487e+02,2.050582429770449551e+02,4.500000000000000000e+01,1.250766000000000071e-06,0.000000000000000000e+00
5.201629204241937714e+02,2.050578120795757968e+02,4.500000000000000000e+01,1.266177000000000049e-06,0.000000000000000000e+00
5.206029581831194264e+02,2.050573720418168762e+02,4.500000000000000000e+01,1.225679000000000026e-06,0.000000000000000000e+00
5.210019540629771200e+02,2.050569730459370135e+02,4.500000000000000000e+01,1.280729000000000033e-06,0.000000000000000000e+00
5.214259411608101118e+02,2.050565490588391810e+02,4.500000000000000000e+01,1.232342999999999959e-06,0.000000000000000000e+00
5.218406216512328228e+02,2.050561343783487587e+02,4.500000000000000000e+01,1.236767000000000105e-06,0.000000000000000000e+00
5.222486764512511854e+02,2.050557263235487540e+02,4.500000000000000000e+01,1.212435999999999965e-06,0.000000000000000000e+00
5.226794722647524623e+02,2.050552955277352396e+02,4.500000000000000000e+01,1.188222000000000090e-06,0.000000000000000000e+00
5.230876473899936627e+02,2.050548873526099953e+02,4.500000000000000000e+01,1.162014000000000018e-06,0.000000000000000000e+00
5.235170043933761690e+02,2.050544579956066400e+02,4.500000000000000000e+01,1.111634999999999988e-06,0.000000000000000000e+00
5.239104417313859585e+02,2.050540645582686068e+02,4.500000000000000000e+01,1.193999000000000103e-06,0.000000000000000000e+00
5.243254267999045624e+02,2.050536495732000901e+02,4.500000000000000000e+01,1.245774999999999944e-06,0.000000000000000000e+00
5.247224014965607921e+02,2.050532525985034340e+02,4.500000000000000000e+01,1.234686000000000049e-06,0.000000000000000000e+00
5.251507959766649947e+02,2.050528242040233238e+02,4.500000000000000000e+01,1.225037999999999908e-06,0.000000000000000000e+00
5.255893626985376841e+02,2.050523856373014553e+02,4.500000000000000000e+01,1.183726000000000074e-06,0.000000000000000000e+00
5.259894137659126727e+02,2.050519855862340819e+02,4.500000000000000000e+01,1.239387000000000006e-06,0.000000000000000000e+00
5.264121018560045968e+02,2.050515628981439988e+02,4.500000000000000000e+01,1.188163999999999971e-06,0.000000000000000000e+00
5.268456569247488233e+02,2.050511293430752460e+02,4.500000000000000000e+01,1.166365000000000055e-06,0.000000000000000000e+00
5.272612044954541943e+02,2.050507137955045494e+02,4.500000000000000000e+01,1.189357000000000080e-06,0.000000000000000000e+00
5.276900701611328941e+02,2.050502849298388810e+02,4.500000000000000000e+01,1.250519000000000029e-06,0.000000000000000000e+00
5.280977883605135048e+02,2.050498772116394832e+02,4.500000000000000000e+01,1.267268000000000095e-06,0.000000000000000000e+00
5.285315568138552180e+02,2.050494434431861350e+02,4.500000000000000000e+01,1.239940000000000024e-06,0.000000000000000000e+00
5.289553045832338967e+02,2.050490196954167743e+02,4.500000000000000000e+01,1.225736999999999933e-06,0.000000000000000000e+00
5.293542980681791050e+02,2.050486207019318101e+02,4.500000000000000000e+01,1.251625000000000066e-06,0.000000000000000000e+00
5.297811500559281512e+02,2.050481938499440844e+02,4.500000000000000000e+01,1.253283999999999909e-06,0.000000000000000000e+00
5.302063891774197373e+02,2.050477686108225726e+02,4.500000000000000000e+01,1.269844000000000052e-06,0.000000000000000000e+00
5.306145667872478953e+02,2.050473604332127593e+02,4.500000000000000000e+01,1.093984000000000011e-06,0.000000000000000000e+00
5.310416740439743535e+02,2.050469333259560187e+02,4.500000000000000000e+01,1.204243999999999993e-06,0.000000000000000000e+00
5.314436182765658714e+02,2.050465313817234403e+02,4.500000000000000000e+01,1.284438999999999952e-06,0.000000000000000000e+00
5.318586099716383160e+02,2.050461163900283736e+02,4.500000000000000000e+01,1.260109000000000051e-06,0.000000000000000000e+00
5.322470709255725296e+02,2.050457279290744168e+02,4.500000000000000000e+01,1.260195999999999911e-06,0.000000000000000000e+00
5.326774839141183975e+02,2.050452975160858955e+02,4.500000000000000000e+01,1.297245000000000020e-06,0.000000000000000000e+00
5.331192274739378263e+02,2.050448557725260628e+02,4.500000000000000000e+01,1.325141000000000100e-06,0.000000000000000000e+00
5.335182194580152100e+02,2.050444567805419922e+02,4.500000000000000000e+01,1.264822999999999943e-06,0.000000000000000000e+00
5.339419568004962002e+02,2.050440330431995051e+02,4.500000000000000000e+01,1.281353999999999921e-06,0.000000000000000000e+00
5.343549538895274509e+02,2.050436200461104761e+02,4.500000000000000000e+01,1.294276000000000015e-06,0.000000000000000000e+00
5.347660532774935973e+02,2.050432089467225012e+02,4.500000000000000000e+01,1.341105000000000096e-06,0.000000000000000000e+00
5.351940331193615066e+02,2.050427809668806276e+02,4.500000000000000000e+01,1.290055999999999995e-06,0.000000000000000000e+00
5.356017522257162682e+02,2.050423732477742931e+02,4.500000000000000000e+01,1.313979999999999912e-06,0.000000000000000000e+00
5.360324277139944797e+02,2.050419425722860183e+02,4.500000000000000000e+01,1.352512999999999903e-06,0.000000000000000000e+00
5.364551816343732753e+02,2.050415198183656287e+02,4.500000000000000000e+01,1.257431000000000032e-06,0.000000000000000000e+00
5.368715029433963082e+02,2.050411034970566106e+02,4.500000000000000000e+01,1.323088999999999997e-06,0.000000000000000000e+00
5.372823988682936260e+02,2.050406926011316955e+02,4.500000000000000000e+01,1.335327000000000056e-06,0.000000000000000000e+00
5.377063918833941898e+02,2.050402686081166053e+02,4.500000000000000000e+01,1.306253000000000070e-06,0.000000000000000000e+00
5.381056284815954314e+02,2.050398693715184208e+02,4.500000000000000000e+01,1.321358000000000072e-06,0.000000000000000000e+00
5.385498837431415495e+02,2.050394251162568651e+02,4.500000000000000000e+01,1.278545999999999913e-06,0.000000000000000000e+00
5.389767948217456706e+02,2.050389982051782454e+02,4.500000000000000000e+01,1.282155000000000009e-06,0.000000000000000000e+00
5.393923452459711143e+02,2.050385826547540375e+02,4.500000000000000000e+01,1.304054999999999960e-06,0.000000000000000000e+00
5.398268512817576266e+02,2.050381481487182498e+02,4.500000000000000000e+01,1.298496000000000036e-06,0.000000000000000000e+00
5.402280397753247598e+02,2.050377469602246663e+02,4.500000000000000000e+01,1.269844000000000052e-06,0.000000000000000000e+00
5.406495830038168151e+02,2.050373254169961967e+02,4.500000000000000000e+01,1.290274999999999899e-06,0.000000000000000000e+00
5.410819380334778543e+02,2.050368930619665377e+02,4.500000000000000000e+01,1.311782000000000013e-06,0.000000000000000000e+00
5.414967470087735819e+02,2.050364782529912304e+02,4.500000000000000000e+01,1.336608000000000053e-06,0.000000000000000000e+00
5.419125725172953025e+02,2.050360624274827046e+02,4.500000000000000000e+01,1.289124999999999918e-06,0.000000000000000000e+00
5.423000570095687181e+02,2.050356749429904255e+02,4.500000000000000000e+01,1.334846999999999936e-06,0.000000000000000000e+00
5.427216310260024557e+02,2.050352533689739971e+02,4.500000000000000000e+01,1.352090999999999901e-06,0.000000000000000000e+00
5.431400337402092191e+02,2.050348349662597798e+02,4.500000000000000000e+01,1.344581999999999936e-06,0.000000000000000000e+00
5.435609405447605695e+02,2.050344140594552300e+02,4.500000000000000000e+01,1.423279000000000049e-06,0.000000000000000000e+00
5.439897478686352770e+02,2.050339852521313730e+02,4.500000000000000000e+01,1.448744999999999967e-06,0.000000000000000000e+00
5.443775169252789965e+02,2.050335974830747148e+02,4.500000000000000000e+01,1.371255999999999954e-06,0.000000000000000000e+00
5.448137570190839369e+02,2.050331612429809240e+02,4.500000000000000000e+01,1.377323999999999953e-06,0.000000000000000000e+00
5.451981244769591513e+02,2.050327768755230409e+02,4.500000000000000000e+01,1.410909999999999973e-06,0.000000000000000000e+00
5.456367439738543226e+02,2.050323382560261507e+02,4.500000000000000000e+01,1.465028999999999903e-06,0.000000000000000000e+00
5.460777675373393549e+02,2.050318972324626543e+02,4.500000000000000000e+01,1.444889000000000042e-06,0.000000000000000000e+00
5.464849745419847977e+02,2.050314900254580266e+02,4.500000000000000000e+01,1.366803000000000066e-06,0.000000000000000000e+00
5.468988521748349285e+02,2.050310761478251607e+02,4.500000000000000000e+01,1.187989000000000011e-06,0.000000000000000000e+00
5.473141284342779045e+02,2.050306608715657148e+02,4.500000000000000000e+01,1.404202000000000096e-06,0.000000000000000000e+00
5.477564587519083261e+02,2.050302185412481037e+02,4.500000000000000000e+01,1.454871000000000084e-06,0.000000000000000000e+00
5.481799456704596878e+02,2.050297950543295542e+02,4.500000000000000000e+01,1.433582000000000058e-06,0.000000000000000000e+00
5.485786241746716314e+02,2.050293963758253426e+02,4.500000000000000000e+01,1.503110999999999939e-06,0.000000000000000000e+00
5.490249321732342196e+02,2.050289500678267700e+02,4.500000000000000000e+01,1.507564000000000039e-06,0.000000000000000000e+00
5.494457424359212609e+02,2.050285292575640881e+02,4.500000000000000000e+01,1.501524999999999994e-06,0.000000000000000000e+00
5.498335181191189349e+02,2.050281414818808798e+02,4.500000000000000000e+01,1.483975000000000052e-06,0.000000000000000000e+00
5.502487807629415784e+02,2.050277262192370529e+02,4.500000000000000000e+01,1.501538999999999957e-06,0.000000000000000000e+00
5.506976477328244073e+02,2.050272773522671912e+02,4.500000000000000000e+01,1.492938999999999946e-06,0.000000000000000000e+00
5.510876278551289715e+02,2.050268873721448699e+02,4.500000000000000000e+01,1.472478999999999933e-06,0.000000000000000000e+00
5.515201371145038820e+02,2.050264548628854868e+02,4.500000000000000000e+01,1.466906000000000046e-06,0.000000000000000000e+00
5.519264765682808047e+02,2.050260485234317116e+02,4.500000000000000000e+01,1.393418999999999965e-06,0.000000000000000000e+00
5.523426167780720561e+02,2.050256323832219323e+02,4.500000000000000000e+01,1.470704000000000065e-06,0.000000000000000000e+00
5.527648723766562853e+02,2.050252101276233532e+02,4.500000000000000000e+01,1.486653000000000071e-06,0.000000000000000000e+00
5.531656061625077427e+02,2.050248093938375007e+02,4.500000000000000000e+01,1.432242999999999943e-06,0.000000000000000000e+00
5.536041746328345425e+02,2.050243708253671571e+02,4.500000000000000000e+01,1.466877000000000093e-06,0.000000000000000000e+00
5.539896251549521367e+02,2.050239853748450400e+02,4.500000000000000000e+01,1.404433999999999935e-06,0.000000000000000000e+00
5.544308528196964971e+02,2.050235441471803028e+02,4.500000000000000000e+01,1.369524000000000002e-06,0.000000000000000000e+00
5.548363175686442901e+02,2.050231386824313518e+02,4.500000000000000000e+01,1.406689999999999952e-06,0.000000000000000000e+00
5.552366506042072842e+02,2.050227383493958087e+02,4.500000000000000000e+01,1.399967000000000085e-06,0.000000000000000000e+00
5.556673263819913018e+02,2.050223076736180019e+02,4.500000000000000000e+01,1.444073999999999991e-06,0.000000000000000000e+00
5.560898330995546530e+02,2.050218851669004607e+02,4.500000000000000000e+01,1.481369999999999930e-06,0.000000000000000000e+00
5.565062884591711736e+02,2.050214687115408196e+02,4.500000000000000000e+01,1.469467000000000012e-06,0.000000000000000000e+00
5.569503132801442007e+02,2.050210246867198691e+02,4.500000000000000000e+01,1.406936999999999994e-06,0.000000000000000000e+00
5.573447914187811421e+02,2.050206302085812240e+02,4.500000000000000000e+01,1.428837999999999973e-06,0.000000000000000000e+00
5.577533519696768280e+02,2.050202216480303150e+02,4.500000000000000000e+01,1.359906000000000054e-06,0.000000000000000000e+00
5.581834179957060087e+02,2.050197915820043022e+02,4.500000000000000000e+01,1.427936000000000062e-06,0.000000000000000000e+00
5.586140934839842203e+02,2.050193609065160274e+02,4.500000000000000000e+01,1.439707999999999964e-06,0.000000000000000000e+00
5.590222631875257093e+02,2.050189527368124800e+02,4.500000000000000000e+01,1.489621000000000048e-06,0.000000000000000000e+00
5.594427633738006307e+02,2.050185322366262142e+02,4.500000000000000000e+01,1.296372000000000062e-06,0.000000000000000000e+00
5.598724786316794280e+02,2.050181025213683199e+02,4.500000000000000000e+01,1.418010999999999899e-06,0.000000000000000000e+00
5.603016385463992037e+02,2.050176733614536033e+02,4.500000000000000000e+01,1.360676999999999949e-06,0.000000000000000000e+00
5.607231475676612718e+02,2.050172518524323380e+02,4.500000000000000000e+01,1.422406000000000091e-06,0.000000000000000000e+00
5.611315495131314037e+02,2.050168434504868742e+02,4.500000000000000000e+01,1.465973999999999942e-06,0.000000000000000000e+00
5.615626757440902566e+02,2.050164123242559242e+02,4.500000000000000000e+01,1.451742999999999926e-06,0.000000000000000000e+00
5.619679403554473538e+02,2.050160070596445507e+02,4.500000000000000000e+01,1.410618999999999987e-06,0.000000000000000000e+00
5.623799256490046901e+02,2.050155950743509834e+02,4.500000000000000000e+01,1.480656999999999942e-06,0.000000000000000000e+00
5.628097055453146140e+02,2.050151652944546754e+02,4.500000000000000000e+01,1.464912000000000062e-06,0.000000000000000000e+00
5.631951486727966767e+02,2.050147798513272051e+02,4.500000000000000000e+01,1.429012999999999933e-06,0.000000000000000000e+00
5.636153398083575894e+02,2.050143596601916443e+02,4.500000000000000000e+01,1.489839999999999952e-06,0.000000000000000000e+00
5.640340035184663066e+02,2.050139409964815229e+02,4.500000000000000000e+01,1.481996000000000058e-06,0.000000000000000000e+00
5.644571021374046040e+02,2.050135178978625845e+02,4.500000000000000000e+01,1.489853999999999915e-06,0.000000000000000000e+00
5.648728487102860072e+02,2.050131021512897291e+02,4.500000000000000000e+01,1.511362000000000057e-06,0.000000000000000000e+00
5.652876402661223665e+02,2.050126873597338886e+02,4.500000000000000000e+01,1.470980000000000060e-06,0.000000000000000000e+00
5.657114765074820752e+02,2.050122635234925212e+02,4.500000000000000000e+01,1.450971000000000003e-06,0.000000000000000000e+00
5.661063612967866447e+02,2.050118686387032199e+02,4.500000000000000000e+01,1.479042000000000043e-06,0.000000000000000000e+00
5.665500951321811272e+02,2.050114249048678232e+02,4.500000000000000000e+01,1.438470999999999911e-06,0.000000000000000000e+00
5.669767692387616762e+02,2.050109982307612313e+02,4.500000000000000000e+01,1.427077000000000067e-06,0.000000000000000000e+00
5.673920382558910660e+02,2.050105829617441202e+02,4.500000000000000000e+01,1.443725000000000098e-06,0.000000000000000000e+00
5.678198447295596907e+02,2.050101551552704393e+02,4.500000000000000000e+01,1.450389000000000031e-06,0.000000000000000000e+00
5.682052959961831675e+02,2.050097697040038156e+02,4.500000000000000000e+01,1.397245999999999937e-06,0.000000000000000000e+00
5.686498131367636688e+02,2.050093251868632365e+02,4.500000000000000000e+01,1.312698999999999915e-06,0.000000000000000000e+00
5.690898241217930718e+02,2.050088851758782198e+02,4.500000000000000000e+01,1.172710000000000077e-06,0.000000000000000000e+00
5.694748166762811934e+02,2.050085001833237186e+02,4.500000000000000000e+01,1.522726999999999948e-06,0.000000000000000000e+00
5.699119838163649092e+02,2.050080630161836268e+02,4.500000000000000000e+01,1.417662000000000006e-06,0.000000000000000000e+00
5.703278159514406980e+02,2.050076471840485510e+02,4.500000000000000000e+01,1.396532999999999949e-06,0.000000000000000000e+00
5.707239804751208112e+02,2.050072510195248867e+02,4.500000000000000000e+01,1.448919999999999927e-06,0.000000000000000000e+00
5.711522871981263734e+02,2.050068227128018634e+02,4.500000000000000000e+01,1.465304999999999898e-06,0.000000000000000000e+00
5.715762604711447921e+02,2.050063987395288621e+02,4.500000000000000000e+01,1.457213999999999962e-06,0.000000000000000000e+00
5.719891724208126789e+02,2.050059858275791953e+02,4.500000000000000000e+01,1.422275000000000075e-06,0.000000000000000000e+00
5.723988582061068655e+02,2.050055761417939095e+02,4.500000000000000000e+01,1.453096000000000004e-06,0.000000000000000000e+00
5.728129845311195822e+02,2.050051620154688692e+02,4.500000000000000000e+01,1.414183999999999927e-06,0.000000000000000000e+00
5.732364772594766009e+02,2.050047385227405243e+02,4.500000000000000000e+01,1.527906999999999998e-06,0.000000000000000000e+00
5.736543530611108963e+02,2.050043206469388792e+02,4.500000000000000000e+01,1.454784000000000012e-06,0.000000000000000000e+00
5.740592125499176746e+02,2.050039157874500972e+02,4.500000000000000000e+01,1.380206000000000097e-06,0.000000000000000000e+00
5.745070468926306830e+02,2.050034679531073607e+02,4.500000000000000000e+01,1.308900999999999896e-06,0.000000000000000000e+00
5.748971610750636501e+02,2.050030778389249519e+02,4.500000000000000000e+01,1.481967000000000104e-06,0.000000000000000000e+00
5.753127108842238613e+02,2.050026622891157899e+02,4.500000000000000000e+01,1.367967000000000010e-06,0.000000000000000000e+00
5.757322074871506175e+02,2.050022427925128454e+02,4.500000000000000000e+01,1.236680000000000033e-06,0.000000000000000000e+00
5.761406154366636656e+02,2.050018343845633524e+02,4.500000000000000000e+01,1.394510000000000011e-06,0.000000000000000000e+00
5.765789185916030419e+02,2.050013960814083873e+02,4.500000000000000000e+01,1.303807999999999918e-06,0.000000000000000000e+00
5.769799154336275251e+02,2.050009950845663695e+02,4.500000000000000000e+01,1.316439000000000026e-06,0.000000000000000000e+00
5.774018999441781261e+02,2.050005731000558171e+02,4.500000000000000000e+01,1.309468999999999905e-06,0.000000000000000000e+00
5.778343257338245849e+02,2.050001406742661914e+02,4.500000000000000000e+01,1.374937999999999947e-06,0.000000000000000000e+00
5.782496689379973986e+02,2.049997253310619953e+02,4.500000000000000000e+01,1.311637000000000034e-06,0.000000000000000000e+00
5.786576166606665765e+02,2.049993173833393314e+02,4.500000000000000000e+01,1.309715999999999947e-06,0.000000000000000000e+00
5.790885195515170381e+02,2.049988864804484763e+02,4.500000000000000000e+01,1.333930000000000034e-06,0.000000000000000000e+00
5.795213642232824895e+02,2.049984536357767126e+02,4.500000000000000000e+01,1.296779000000000074e-06,0.000000000000000000e+00
5.799448514974117188e+02,2.049980301485025791e+02,4.500000000000000000e+01,1.235471999999999934e-06,0.000000000000000000e+00
5.803580456533148890e+02,2.049976169543466824e+02,4.500000000000000000e+01,1.234598999999999976e-06,0.000000000000000000e+00
5.807692696159249408e+02,2.049972057303840813e+02,4.500000000000000000e+01,1.376610999999999965e-06,0.000000000000000000e+00
5.811962098039555258e+02,2.049967787901960605e+02,4.500000000000000000e+01,1.270789999999999907e-06,0.000000000000000000e+00
5.816041563600875861e+02,2.049963708436399088e+02,4.500000000000000000e+01,1.269291000000000033e-06,0.000000000000000000e+00
5.820348326037736797e+02,2.049959401673962418e+02,4.500000000000000000e+01,1.241539999999999933e-06,0.000000000000000000e+00
5.824373090305343794e+02,2.049955376909694564e+02,4.500000000000000000e+01,1.248350999999999900e-06,0.000000000000000000e+00
5.828456111538156392e+02,2.049951293888461805e+02,4.500000000000000000e+01,1.331572999999999982e-06,0.000000000000000000e+00
5.832602929688207496e+02,2.049947147070311928e+02,4.500000000000000000e+01,1.255771999999999977e-06,0.000000000000000000e+00
5.836673013185287573e+02,2.049943076986814674e+02,4.500000000000000000e+01,1.287261999999999950e-06,0.000000000000000000e+00
5.841080254687723254e+02,2.049938669745312438e+02,4.500000000000000000e+01,1.225736999999999933e-06,0.000000000000000000e+00
5.845067711309907281e+02,2.049934682288690055e+02,4.500000000000000000e+01,1.330859999999999994e-06,0.000000000000000000e+00
5.849305140027195193e+02,2.049930444859972738e+02,4.500000000000000000e+01,1.298045000000000080e-06,0.000000000000000000e+00
5.853447733495261218e+02,2.049926302266504763e+02,4.500000000000000000e+01,1.314460000000000032e-06,0.000000000000000000e+00
5.857536037087497789e+02,2.049922213962912565e+02,4.500000000000000000e+01,1.314460000000000032e-06,0.000000000000000000e+00
5.861838553528518787e+02,2.049917911446471521e+02,4.500000000000000000e+01,1.341410000000000045e-06,0.000000000000000000e+00
5.866147571894517796e+02,2.049913602428105435e+02,4.500000000000000000e+01,1.201740999999999935e-06,0.000000000000000000e+00
5.870229293817094458e+02,2.049909520706183059e+02,4.500000000000000000e+01,1.361055000000000007e-06,0.000000000000000000e+00
5.874435725056325737e+02,2.049905314274943748e+02,4.500000000000000000e+01,1.369698999999999962e-06,0.000000000000000000e+00
5.878729553282443021e+02,2.049901020446717439e+02,4.500000000000000000e+01,1.327905999999999979e-06,0.000000000000000000e+00
5.883021615967344360e+02,2.049896728384032656e+02,4.500000000000000000e+01,1.204010999999999915e-06,0.000000000000000000e+00
5.886963552267831119e+02,2.049892786447732078e+02,4.500000000000000000e+01,1.300562999999999918e-06,0.000000000000000000e+00
5.891318676335877171e+02,2.049888431323664122e+02,4.500000000000000000e+01,1.388033999999999974e-06,0.000000000000000000e+00
5.895556090137888532e+02,2.049884193909862233e+02,4.500000000000000000e+01,1.282708000000000027e-06,0.000000000000000000e+00
5.900034224662545057e+02,2.049879715775337559e+02,4.500000000000000000e+01,1.244202999999999961e-06,0.000000000000000000e+00
5.903926103130384035e+02,2.049875823896869633e+02,4.500000000000000000e+01,1.192834999999999947e-06,0.000000000000000000e+00
5.908081512571898202e+02,2.049871668487428167e+02,4.500000000000000000e+01,1.423904999999999964e-06,0.000000000000000000e+00
5.912092320521638840e+02,2.049867657679478441e+02,4.500000000000000000e+01,1.362045000000000018e-06,0.000000000000000000e+00
5.916366560881351688e+02,2.049863383439118536e+02,4.500000000000000000e+01,1.270061999999999928e-06,0.000000000000000000e+00
5.920619289521499695e+02,2.049859130710478610e+02,4.500000000000000000e+01,1.427630000000000085e-06,0.000000000000000000e+00
5.924700636021947275e+02,2.049855049363978026e+02,4.500000000000000000e+01,1.261345000000000076e-06,0.000000000000000000e+00
5.928856111729000986e+02,2.049850893888271059e+02,4.500000000000000000e+01,1.255321000000000021e-06,0.000000000000000000e+00
5.932733736029898637e+02,2.049847016263970261e+02,4.500000000000000000e+01,1.361127999999999905e-06,0.000000000000000000e+00
5.937197848981344350e+02,2.049842552151018538e+02,4.500000000000000000e+01,1.445412999999999895e-06,0.000000000000000000e+00
5.941196066000039764e+02,2.049838553934000061e+02,4.500000000000000000e+01,1.388282000000000043e-06,0.000000000000000000e+00
5.945422648021184386e+02,2.049834327351978800e+02,4.500000000000000000e+01,1.280087999999999915e-06,0.000000000000000000e+00
5.949900091626685708e+02,2.049829849908373376e+02,4.500000000000000000e+01,1.394829999999999951e-06,0.000000000000000000e+00
5.953770484302754085e+02,2.049825979515697156e+02,4.500000000000000000e+01,1.335051000000000061e-06,0.000000000000000000e+00
5.957933324165717295e+02,2.049821816675834327e+02,4.500000000000000000e+01,1.296241000000000046e-06,0.000000000000000000e+00
5.962163518233865034e+02,2.049817586481766227e+02,4.500000000000000000e+01,1.305466999999999973e-06,0.000000000000000000e+00
5.966245262189065670e+02,2.049813504737811058e+02,4.500000000000000000e+01,1.332111000000000009e-06,0.000000000000000000e+00
5.970554279077030060e+02,2.049809195720922901e+02,4.500000000000000000e+01,1.267675999999999923e-06,0.000000000000000000e+00
5.974832941440915874e+02,2.049804917058559113e+02,4.500000000000000000e+01,1.229346000000000029e-06,0.000000000000000000e+00
5.978942774304923660e+02,2.049800807225695110e+02,4.500000000000000000e+01,1.268038999999999990e-06,0.000000000000000000e+00
5.983074503151315184e+02,2.049796675496848763e+02,4.500000000000000000e+01,1.138440000000000022e-06,0.000000000000000000e+00
5.987316879465648753e+02,2.049792433120534270e+02,4.500000000000000000e+01,1.126797999999999897e-06,0.000000000000000000e+00
5.991644826110906479e+02,2.049788105173889221e+02,4.500000000000000000e+01,1.320193000000000101e-06,0.000000000000000000e+00
5.995951580993688594e+02,2.049783798419006473e+02,4.500000000000000000e+01,1.237262000000000005e-06,0.000000000000000000e+00
6.000033332246101736e+02,2.049779716667754030e+02,4.500000000000000000e+01,1.250228000000000043e-06,0.000000000000000000e+00
6.004196215315291738e+02,2.049775553784684803e+02,4.500000000000000000e+01,1.178559999999999987e-06,0.000000000000000000e+00
6.008419564355576767e+02,2.049771330435644359e+02,4.500000000000000000e+01,1.203282999999999936e-06,0.000000000000000000e+00
6.012498945738209386e+02,2.049767251054261692e+02,4.500000000000000000e+01,1.086969999999999945e-06,0.000000000000000000e+00
6.016808016273773774e+02,2.049762941983726137e+02,4.500000000000000000e+01,1.184234999999999937e-06,0.000000000000000000e+00
6.020723797208902397e+02,2.049759026202791006e+02,4.500000000000000000e+01,1.174296000000000022e-06,0.000000000000000000e+00
6.025192024410132490e+02,2.049754557975589933e+02,4.500000000000000000e+01,1.088978000000000105e-06,0.000000000000000000e+00
6.029196134033112457e+02,2.049750553865966936e+02,4.500000000000000000e+01,1.089123999999999900e-06,0.000000000000000000e+00
6.033259464595647614e+02,2.049746490535404462e+02,4.500000000000000000e+01,1.199062999999999916e-06,0.000000000000000000e+00
6.037428132011883690e+02,2.049742321867988153e+02,4.500000000000000000e+01,1.095948000000000014e-06,0.000000000000000000e+00
6.041507663455574857e+02,2.049738242336544545e+02,4.500000000000000000e+01,1.209525999999999895e-06,0.000000000000000000e+00
6.045814364121358722e+02,2.049733935635878765e+02,4.500000000000000000e+01,1.229593000000000070e-06,0.000000000000000000e+00
6.049883225229609707e+02,2.049729866774770528e+02,4.500000000000000000e+01,1.229186000000000059e-06,0.000000000000000000e+00
6.054025725618257638e+02,2.049725724274381662e+02,4.500000000000000000e+01,1.171676999999999938e-06,0.000000000000000000e+00
6.058461740351992830e+02,2.049721288259648020e+02,4.500000000000000000e+01,1.224907000000000104e-06,0.000000000000000000e+00
6.062379590712099571e+02,2.049717370409287867e+02,4.500000000000000000e+01,1.163468999999999948e-06,0.000000000000000000e+00
6.066595441303466032e+02,2.049713154558696431e+02,4.500000000000000000e+01,1.173917999999999964e-06,0.000000000000000000e+00
6.070988957182512422e+02,2.049708761042817571e+02,4.500000000000000000e+01,1.414141000000000010e-06,0.000000000000000000e+00
6.075300227347054260e+02,2.049704449772652879e+02,4.500000000000000000e+01,1.415857999999999972e-06,0.000000000000000000e+00
6.079317716913974436e+02,2.049700432283086116e+02,4.500000000000000000e+01,1.240550999999999949e-06,0.000000000000000000e+00
6.083394553820871806e+02,2.049696355446179155e+02,4.500000000000000000e+01,1.227584999999999911e-06,0.000000000000000000e+00
6.087792530985948360e+02,2.049691957469014199e+02,4.500000000000000000e+01,1.288542999999999947e-06,0.000000000000000000e+00
6.092029959703237409e+02,2.049687720040296881e+02,4.500000000000000000e+01,1.216642000000000023e-06,0.000000000000000000e+00
6.096017382456642508e+02,2.049683732617543512e+02,4.500000000000000000e+01,1.315216999999999964e-06,0.000000000000000000e+00
6.100458879410106192e+02,2.049679291120589824e+02,4.500000000000000000e+01,1.268664999999999906e-06,0.000000000000000000e+00
6.104494741324936058e+02,2.049675255258675008e+02,4.500000000000000000e+01,1.221749999999999992e-06,0.000000000000000000e+00
6.108594075691149783e+02,2.049671155924309005e+02,4.500000000000000000e+01,1.328692000000000077e-06,0.000000000000000000e+00
6.112722034590519797e+02,2.049667027965409432e+02,4.500000000000000000e+01,1.186635999999999933e-06,0.000000000000000000e+00
6.116781326416689808e+02,2.049662968673583237e+02,4.500000000000000000e+01,1.218737000000000043e-06,0.000000000000000000e+00
6.121198392868379869e+02,2.049658551607131756e+02,4.500000000000000000e+01,1.375344999999999958e-06,0.000000000000000000e+00
6.125167609108258375e+02,2.049654582390891733e+02,4.500000000000000000e+01,1.267574000000000072e-06,0.000000000000000000e+00
6.129357491070056767e+02,2.049650392508929997e+02,4.500000000000000000e+01,1.303022000000000033e-06,0.000000000000000000e+00
6.133553821998611966e+02,2.049646196178001389e+02,4.500000000000000000e+01,1.317035999999999989e-06,0.000000000000000000e+00
6.137665658715012569e+02,2.049642084341284942e+02,4.500000000000000000e+01,1.278269000000000102e-06,0.000000000000000000e+00
6.141944558750813030e+02,2.049637805441249157e+02,4.500000000000000000e+01,1.311593000000000090e-06,0.000000000000000000e+00
6.146147046466413713e+02,2.049633602953533682e+02,4.500000000000000000e+01,1.315070999999999957e-06,0.000000000000000000e+00
6.150331383839392174e+02,2.049629418616160592e+02,4.500000000000000000e+01,1.155218000000000041e-06,0.000000000000000000e+00
6.154562517027142121e+02,2.049625187482972990e+02,4.500000000000000000e+01,1.153733999999999947e-06,0.000000000000000000e+00
6.158596213606870151e+02,2.049621153786393108e+02,4.500000000000000000e+01,1.326727000000000045e-06,0.000000000000000000e+00
6.162592958591989145e+02,2.049617157041408007e+02,4.500000000000000000e+01,1.248844999999999984e-06,0.000000000000000000e+00
6.167071097192203979e+02,2.049612678902807943e+02,4.500000000000000000e+01,1.238775000000000053e-06,0.000000000000000000e+00
6.171058460306782081e+02,2.049608691539693268e+02,4.500000000000000000e+01,1.242035000000000044e-06,0.000000000000000000e+00
6.175295628086566921e+02,2.049604454371913391e+02,4.500000000000000000e+01,1.189081000000000085e-06,0.000000000000000000e+00
6.179756229472008044e+02,2.049599993770528101e+02,4.500000000000000000e+01,1.087144000000000090e-06,0.000000000000000000e+00
6.183770717133451171e+02,2.049595979282866551e+02,4.500000000000000000e+01,1.257226999999999906e-06,0.000000000000000000e+00
6.187786855440400586e+02,2.049591963144559656e+02,4.500000000000000000e+01,1.195614000000000002e-06,0.000000000000000000e+00
6.192043727683198995e+02,2.049587706272316723e+02,4.500000000000000000e+01,9.754003000000000419e-07,0.000000000000000000e+00
6.196485463171202355e+02,2.049583264536828722e+02,4.500000000000000000e+01,1.265478000000000024e-06,0.000000000000000000e+00
6.200722903122689331e+02,2.049579027096877439e+02,4.500000000000000000e+01,1.454595000000000089e-06,0.000000000000000000e+00
6.204734721899850456e+02,2.049575015278100238e+02,4.500000000000000000e+01,1.375840000000000070e-06,0.000000000000000000e+00
6.209111466122406000e+02,2.049570638533877514e+02,4.500000000000000000e+01,1.335051000000000061e-06,0.000000000000000000e+00
6.213190229351145035e+02,2.049566559770648837e+02,4.500000000000000000e+01,1.279360999999999964e-06,0.000000000000000000e+00
6.217209191871787652e+02,2.049562540808128119e+02,4.500000000000000000e+01,1.264429999999999895e-06,0.000000000000000000e+00
6.221520494806011357e+02,2.049558229505194049e+02,4.500000000000000000e+01,1.342719999999999995e-06,0.000000000000000000e+00
6.225602246058424498e+02,2.049554147753941606e+02,4.500000000000000000e+01,1.289240999999999944e-06,0.000000000000000000e+00
6.229888778392132735e+02,2.049549861221607898e+02,4.500000000000000000e+01,1.270295000000000007e-06,0.000000000000000000e+00
6.233988478167899530e+02,2.049545761521832219e+02,4.500000000000000000e+01,1.374529999999999908e-06,0.000000000000000000e+00
6.237913540265592474e+02,2.049541836459734441e+02,4.500000000000000000e+01,1.271036999999999948e-06,0.000000000000000000e+00
0.000000000000000000e+00,2.055779750000000092e+02,5.000000000000000000e+01,2.263301999999999968e-05,0.000000000000000000e+00
0.000000000000000000e+00,2.055779750000000092e+02,5.000000000000000000e+01,-1.896346999999999981e-06,0.000000000000000000e+00
0.000000000000000000e+00,2.055779750000000092e+02,5.000000000000000000e+01,-9.566575000000000813e-07,0.000000000000000000e+00
3.450844830916550282e-02,2.055779404915516864e+02,5.000000000000000000e+01,-3.657623999999999851e-07,0.000000000000000000e+00
1.859243807344043986e-01,2.055777890756192789e+02,5.000000000000000000e+01,8.425559000000000517e-08,0.000000000000000000e+00
3.787473095246465804e-01,2.055775962526904834e+02,5.000000000000000000e+01,4.285830000000000202e-07,0.000000000000000000e+00
6.138994212904492764e-01,2.055773611005787131e+02,5.000000000000000000e+01,6.985210000000000118e-07,0.000000000000000000e+00
8.784413725627406855e-01,2.055770965586274315e+02,5.000000000000000000e+01,6.268091999999999956e-07,0.000000000000000000e+00
1.172704166684841676e+00,2.055768022958333177e+02,5.000000000000000000e+01,7.147172999999999833e-07,0.000000000000000000e+00
1.554867535375623611e+00,2.055764201324646194e+02,5.000000000000000000e+01,8.256466000000000394e-07,0.000000000000000000e+00
1.922411465481121517e+00,2.055760525885345089e+02,5.000000000000000000e+01,9.300419999999999844e-07,0.000000000000000000e+00
2.320763124173028213e+00,2.055756542368758346e+02,5.000000000000000000e+01,1.033957000000000052e-06,0.000000000000000000e+00
2.761418132547353910e+00,2.055752135818674446e+02,5.000000000000000000e+01,1.150416000000000049e-06,0.000000000000000000e+00
3.146887074082593383e+00,2.055748281129259283e+02,5.000000000000000000e+01,1.173073999999999960e-06,0.000000000000000000e+00
3.585571360843531785e+00,2.055743894286391651e+02,5.000000000000000000e+01,1.248713999999999968e-06,0.000000000000000000e+00
4.028749831572668860e+00,2.055739462501684329e+02,5.000000000000000000e+01,1.339708000000000074e-06,0.000000000000000000e+00
4.408204092502206350e+00,2.055735667959075101e+02,5.000000000000000000e+01,1.270789999999999907e-06,0.000000000000000000e+00
4.840970385961935740e+00,2.055731340296140388e+02,5.000000000000000000e+01,1.263716999999999907e-06,0.000000000000000000e+00
5.233746777862595678e+00,2.055727412532221479e+02,5.000000000000000000e+01,1.328124000000000068e-06,0.000000000000000000e+00
5.654062379253467441e+00,2.055723209376207592e+02,5.000000000000000000e+01,1.292108000000000098e-06,0.000000000000000000e+00
6.093866272672464390e+00,2.055718811337273166e+02,5.000000000000000000e+01,1.291002000000000061e-06,0.000000000000000000e+00
6.524356691219015403e+00,2.055714506433087934e+02,5.000000000000000000e+01,1.285457999999999916e-06,0.000000000000000000e+00
6.945275312768043996e+00,2.055710297246872358e+02,5.000000000000000000e+01,1.294931000000000096e-06,0.000000000000000000e+00
7.332838695427676967e+00,2.055706421613045620e+02,5.000000000000000000e+01,1.218533999999999945e-06,0.000000000000000000e+00
7.748584169573420333e+00,2.055702264158304331e+02,5.000000000000000000e+01,1.248553999999999998e-06,0.000000000000000000e+00
8.179343796803365763e+00,2.055697956562032118e+02,5.000000000000000000e+01,1.238149999999999953e-06,0.000000000000000000e+00
8.621073431976716606e+00,2.055693539265680272e+02,5.000000000000000000e+01,1.162247000000000097e-06,0.000000000000000000e+00
9.019299855832956681e+00,2.055689557001441585e+02,5.000000000000000000e+01,7.948693000000000249e-07,0.000000000000000000e+00
9.451503136194240540e+00,2.055685234968638042e+02,5.000000000000000000e+01,1.165696000000000011e-06,0.000000000000000000e+00
9.866177871041960756e+00,2.055681088221289485e+02,5.000000000000000000e+01,1.138556000000000047e-06,0.000000000000000000e+00
1.027824043000000032e+01,2.055676967595699978e+02,5.000000000000000000e+01,1.219014000000000066e-06,0.000000000000000000e+00
1.068371148499923962e+01,2.055672912885150083e+02,5.000000000000000000e+01,1.214880999999999905e-06,0.000000000000000000e+00
1.111425476905474063e+01,2.055668607452309402e+02,5.000000000000000000e+01,1.210123000000000069e-06,0.000000000000000000e+00
1.154980895284715814e+01,2.055664251910471592e+02,5.000000000000000000e+01,1.214298999999999934e-06,0.000000000000000000e+00
1.195331021671654881e+01,2.055660216897832981e+02,5.000000000000000000e+01,1.270382000000000079e-06,0.000000000000000000e+00
1.235809028246083585e+01,2.055656169097175336e+02,5.000000000000000000e+01,1.201318999999999933e-06,0.000000000000000000e+00
1.274681531315428451e+01,2.055652281846868448e+02,5.000000000000000000e+01,1.114677000000000102e-06,0.000000000000000000e+00
1.317729906127388340e+01,2.055647977009387262e+02,5.000000000000000000e+01,1.277323000000000035e-06,0.000000000000000000e+00
1.361904395734631201e+01,2.055643559560426468e+02,5.000000000000000000e+01,1.317807000000000095e-06,0.000000000000000000e+00
1.401616285115784422e+01,2.055639588371488458e+02,5.000000000000000000e+01,1.294931000000000096e-06,0.000000000000000000e+00
1.443545954734665848e+01,2.055635395404526662e+02,5.000000000000000000e+01,1.278778999999999992e-06,0.000000000000000000e+00
1.485109114232247585e+01,2.055631239088576763e+02,5.000000000000000000e+01,1.305218999999999903e-06,0.000000000000000000e+00
1.528636620676194369e+01,2.055626886337932433e+02,5.000000000000000000e+01,1.139269000000000035e-06,0.000000000000000000e+00
1.567163991470830808e+01,2.055623033600852807e+02,5.000000000000000000e+01,1.274034999999999907e-06,0.000000000000000000e+00
1.611305915351145046e+01,2.055618619408464838e+02,5.000000000000000000e+01,1.291017000000000052e-06,0.000000000000000000e+00
1.653713144912808275e+01,2.055614378685508825e+02,5.000000000000000000e+01,1.136330000000000012e-06,0.000000000000000000e+00
1.694197412136800196e+01,2.055610330258786291e+02,5.000000000000000000e+01,1.279214999999999957e-06,0.000000000000000000e+00
1.736008936717001916e+01,2.055606149106328360e+02,5.000000000000000000e+01,1.382476000000000077e-06,0.000000000000000000e+00
1.778746533637978189e+01,2.055601875346636120e+02,5.000000000000000000e+01,1.274500000000000037e-06,0.000000000000000000e+00
1.821159717343743623e+01,2.055597634028265759e+02,5.000000000000000000e+01,1.265972999999999924e-06,0.000000000000000000e+00
1.861861713315132505e+01,2.055593563828668380e+02,5.000000000000000000e+01,1.326930999999999959e-06,0.000000000000000000e+00
1.905039771757715172e+01,2.055589246022824170e+02,5.000000000000000000e+01,1.370819999999999989e-06,0.000000000000000000e+00
1.947678097939406783e+01,2.055584982190206063e+02,5.000000000000000000e+01,1.401174999999999972e-06,0.000000000000000000e+00
1.989219236056935713e+01,2.055580828076394369e+02,5.000000000000000000e+01,1.389780999999999916e-06,0.000000000000000000e+00
2.030738649694656317e+01,2.055576676135030425e+02,5.000000000000000000e+01,1.429798000000000003e-06,0.000000000000000000e+00
2.075029913625816036e+01,2.055572247008637419e+02,5.000000000000000000e+01,1.460036999999999960e-06,0.000000000000000000e+00
2.113536673359502061e+01,2.055568396332664065e+02,5.000000000000000000e+01,1.422929999999999944e-06,0.000000000000000000e+00
2.157294927508766946e+01,2.055564020507249268e+02,5.000000000000000000e+01,1.421372999999999952e-06,0.000000000000000000e+00
2.197448763580846531e+01,2.055560005123641929e+02,5.000000000000000000e+01,1.421475000000000015e-06,0.000000000000000000e+00
2.238435491602300687e+01,2.055555906450839814e+02,5.000000000000000000e+01,1.407271999999999924e-06,0.000000000000000000e+00
2.279994973615712794e+01,2.055551750502638413e+02,5.000000000000000000e+01,1.408945999999999969e-06,0.000000000000000000e+00
2.320318113899491053e+01,2.055547718188610133e+02,5.000000000000000000e+01,1.396925999999999998e-06,0.000000000000000000e+00
2.362991501886792634e+01,2.055543450849811222e+02,5.000000000000000000e+01,1.384526999999999941e-06,0.000000000000000000e+00
2.406675421689966043e+01,2.055539082457831057e+02,5.000000000000000000e+01,1.428168999999999929e-06,0.000000000000000000e+00
2.446890535253296406e+01,2.055535060946474744e+02,5.000000000000000000e+01,1.393637000000000054e-06,0.000000000000000000e+00
2.487762537556656994e+01,2.055530973746244285e+02,5.000000000000000000e+01,1.401553000000000030e-06,0.000000000000000000e+00
2.531360600166988917e+01,2.055526613939983349e+02,5.000000000000000000e+01,1.409862000000000055e-06,0.000000000000000000e+00
2.573764904544478682e+01,2.055522373509545560e+02,5.000000000000000000e+01,1.371401999999999961e-06,0.000000000000000000e+00
2.613631356572355458e+01,2.055518386864342801e+02,5.000000000000000000e+01,1.374340999999999985e-06,0.000000000000000000e+00
2.656013419251413055e+01,2.055514148658074873e+02,5.000000000000000000e+01,1.397201999999999993e-06,0.000000000000000000e+00
2.700793414152805028e+01,2.055509670658584866e+02,5.000000000000000000e+01,1.408537999999999930e-06,0.000000000000000000e+00
2.742479556785411177e+01,2.055505502044321418e+02,5.000000000000000000e+01,1.406805999999999978e-06,0.000000000000000000e+00
2.783113171478327530e+01,2.055501438682852324e+02,5.000000000000000000e+01,1.361374999999999946e-06,0.000000000000000000e+00
2.823189061808718492e+01,2.055497431093819216e+02,5.000000000000000000e+01,1.328823000000000093e-06,0.000000000000000000e+00
2.866255918108869949e+01,2.055493124408189090e+02,5.000000000000000000e+01,1.297361000000000046e-06,0.000000000000000000e+00
2.909339574747891177e+01,2.055488816042525286e+02,5.000000000000000000e+01,1.332576999999999956e-06,0.000000000000000000e+00
2.950145717143414714e+01,2.055484735428285603e+02,5.000000000000000000e+01,1.366598999999999941e-06,0.000000000000000000e+00
2.991713401012537332e+01,2.055480578659898754e+02,5.000000000000000000e+01,1.391759999999999911e-06,0.000000000000000000e+00
3.034935782933753146e+01,2.055476256421706580e+02,5.000000000000000000e+01,1.353909999999999926e-06,0.000000000000000000e+00
3.077102875374639979e+01,2.055472039712462617e+02,5.000000000000000000e+01,1.366875999999999964e-06,0.000000000000000000e+00
3.116355486238198935e+01,2.055468114451376209e+02,5.000000000000000000e+01,1.358654000000000011e-06,0.000000000000000000e+00
3.159820434065623829e+01,2.055463767956593415e+02,5.000000000000000000e+01,1.320876999999999924e-06,0.000000000000000000e+00
3.200641952471210772e+01,2.055459685804752894e+02,5.000000000000000000e+01,1.338251999999999905e-06,0.000000000000000000e+00
3.242303237511596592e+01,2.055455519676248741e+02,5.000000000000000000e+01,1.379653000000000079e-06,0.000000000000000000e+00
3.283827421422323312e+01,2.055451367257857669e+02,5.000000000000000000e+01,1.386739000000000014e-06,0.000000000000000000e+00
3.323180788326507695e+01,2.055447431921167265e+02,5.000000000000000000e+01,1.333158999999999927e-06,0.000000000000000000e+00
3.366080367383761285e+01,2.055443141963261553e+02,5.000000000000000000e+01,1.374268000000000087e-06,0.000000000000000000e+00
3.409136352644705426e+01,2.055438836364735664e+02,5.000000000000000000e+01,1.379958000000000028e-06,0.000000000000000000e+00
3.449919234371049015e+01,2.055434758076562787e+02,5.000000000000000000e+01,1.429624000000000070e-06,0.000000000000000000e+00
3.491462237866780072e+01,2.055430603776213445e+02,5.000000000000000000e+01,1.400127000000000054e-06,0.000000000000000000e+00
3.532980863021178664e+01,2.055426451913697861e+02,5.000000000000000000e+01,1.390523000000000070e-06,0.000000000000000000e+00
3.574599588401900263e+01,2.055422290041159954e+02,5.000000000000000000e+01,1.434848000000000064e-06,0.000000000000000000e+00
3.615401182745983277e+01,2.055418209881725318e+02,5.000000000000000000e+01,1.404347000000000075e-06,0.000000000000000000e+00
3.658493203686756345e+01,2.055413900679631354e+02,5.000000000000000000e+01,1.407242999999999970e-06,0.000000000000000000e+00
3.701445278858120247e+01,2.055409605472114265e+02,5.000000000000000000e+01,1.439650000000000057e-06,0.000000000000000000e+00
3.740676578656629658e+01,2.055405682342134241e+02,5.000000000000000000e+01,1.511579999999999934e-06,0.000000000000000000e+00
3.782239258334880105e+01,2.055401526074166441e+02,5.000000000000000000e+01,1.455234999999999968e-06,0.000000000000000000e+00
3.826412174946921851e+01,2.055397108782505313e+02,5.000000000000000000e+01,1.386565000000000081e-06,0.000000000000000000e+00
3.868811476456976806e+01,2.055392868852354411e+02,5.000000000000000000e+01,1.574080999999999998e-06,0.000000000000000000e+00
3.912480559635653776e+01,2.055388501944036364e+02,5.000000000000000000e+01,1.516265999999999901e-06,0.000000000000000000e+00
3.955572430761223046e+01,2.055384192756923767e+02,5.000000000000000000e+01,1.417793000000000022e-06,0.000000000000000000e+00
3.995986868083685550e+01,2.055380151313191561e+02,5.000000000000000000e+01,1.447900999999999963e-06,0.000000000000000000e+00
4.037062357250775335e+01,2.055376043764274812e+02,5.000000000000000000e+01,1.433189000000000010e-06,0.000000000000000000e+00
4.078583099127945388e+01,2.055371891690087125e+02,5.000000000000000000e+01,1.390318999999999944e-06,0.000000000000000000e+00
4.120994613207260215e+01,2.055367650538679243e+02,5.000000000000000000e+01,1.392211000000000078e-06,0.000000000000000000e+00
4.161801041845939864e+01,2.055363569895815488e+02,5.000000000000000000e+01,1.423744999999999995e-06,0.000000000000000000e+00
4.204852823178348586e+01,2.055359264717682208e+02,5.000000000000000000e+01,1.389052999999999938e-06,0.000000000000000000e+00
4.247474362445993279e+01,2.055355002563755420e+02,5.000000000000000000e+01,1.421897000000000017e-06,0.000000000000000000e+00
4.286229033085057694e+01,2.055351127096691641e+02,5.000000000000000000e+01,1.427528000000000023e-06,0.000000000000000000e+00
4.327789863669855919e+01,2.055346971013632924e+02,5.000000000000000000e+01,1.382111999999999982e-06,0.000000000000000000e+00
4.368660015172358868e+01,2.055342883998482648e+02,5.000000000000000000e+01,1.323933000000000001e-06,0.000000000000000000e+00
4.411158148814816826e+01,2.055338634185118565e+02,5.000000000000000000e+01,1.302541999999999912e-06,0.000000000000000000e+00
4.454234793745526844e+01,2.055334326520625439e+02,5.000000000000000000e+01,1.338150000000000054e-06,0.000000000000000000e+00
4.494527042061069011e+01,2.055330297295793969e+02,5.000000000000000000e+01,1.327818999999999907e-06,0.000000000000000000e+00
4.535504767323137543e+01,2.055326199523267690e+02,5.000000000000000000e+01,1.317821000000000058e-06,0.000000000000000000e+00
4.577067807718405845e+01,2.055322043219228192e+02,5.000000000000000000e+01,1.368491000000000075e-06,0.000000000000000000e+00
4.621744827500656072e+01,2.055317575517250077e+02,5.000000000000000000e+01,1.412103000000000081e-06,0.000000000000000000e+00
4.662921212882020683e+01,2.055313457878711745e+02,5.000000000000000000e+01,1.403036999999999913e-06,0.000000000000000000e+00
4.703995843641308028e+01,2.055309350415635947e+02,5.000000000000000000e+01,1.377935000000000089e-06,0.000000000000000000e+00
4.746398157049476652e+01,2.055305110184295074e+02,5.000000000000000000e+01,1.333916000000000071e-06,0.000000000000000000e+00
4.790293851045669982e+01,2.055300720614895340e+02,5.000000000000000000e+01,1.361899000000000011e-06,0.000000000000000000e+00
4.831804138065575671e+01,2.055296569586193414e+02,5.000000000000000000e+01,1.312204000000000015e-06,0.000000000000000000e+00
4.873650462232438940e+01,2.055292384953776832e+02,5.000000000000000000e+01,1.296808000000000027e-06,0.000000000000000000e+00
4.914446966355099988e+01,2.055288305303364496e+02,5.000000000000000000e+01,1.249019999999999944e-06,0.000000000000000000e+00
4.957491519965258675e+01,2.055284000848003529e+02,5.000000000000000000e+01,1.293781999999999931e-06,0.000000000000000000e+00
5.000515294022225277e+01,2.055279698470597793e+02,5.000000000000000000e+01,1.306892999999999949e-06,0.000000000000000000e+00
5.039438571798134348e+01,2.055275806142820159e+02,5.000000000000000000e+01,1.222274000000000056e-06,0.000000000000000000e+00
5.080965255143531323e+01,2.055271653474485731e+02,5.000000000000000000e+01,1.258159000000000010e-06,0.000000000000000000e+00
5.122929996399992092e+01,2.055267457000360025e+02,5.000000000000000000e+01,1.242603000000000053e-06,0.000000000000000000e+00
5.164658136397432031e+01,2.055263284186360409e+02,5.000000000000000000e+01,1.217281999999999902e-06,0.000000000000000000e+00
5.206778673340418351e+01,2.055259072132666063e+02,5.000000000000000000e+01,1.233376999999999914e-06,0.000000000000000000e+00
5.249834283436265281e+01,2.055254766571656262e+02,5.000000000000000000e+01,1.265361999999999999e-06,0.000000000000000000e+00
5.288621945547073722e+01,2.055250887805445359e+02,5.000000000000000000e+01,1.213047999999999918e-06,0.000000000000000000e+00
5.330162504137619806e+01,2.055246733749586383e+02,5.000000000000000000e+01,1.263776000000000053e-06,0.000000000000000000e+00
5.374543686626270755e+01,2.055242295631337299e+02,5.000000000000000000e+01,1.230612000000000035e-06,0.000000000000000000e+00
5.414410420744769681e+01,2.055238308957925426e+02,5.000000000000000000e+01,1.220905999999999987e-06,0.000000000000000000e+00
5.458424219123420329e+01,2.055233907578087553e+02,5.000000000000000000e+01,1.230131999999999914e-06,0.000000000000000000e+00
5.496943940803712536e+01,2.055230055605919688e+02,5.000000000000000000e+01,1.290245999999999945e-06,0.000000000000000000e+00
5.540558495719246679e+01,2.055225694150428239e+02,5.000000000000000000e+01,1.231659999999999953e-06,0.000000000000000000e+00
5.579302597455472323e+01,2.055221819740254432e+02,5.000000000000000000e+01,1.217210000000000032e-06,0.000000000000000000e+00
5.621616952345428331e+01,2.055217588304765570e+02,5.000000000000000000e+01,1.262320000000000096e-06,0.000000000000000000e+00
5.664691323250417554e+01,2.055213280867675110e+02,5.000000000000000000e+01,1.206105999999999934e-06,0.000000000000000000e+00
5.707116314122136913e+01,2.055209038368587926e+02,5.000000000000000000e+01,1.190011999999999949e-06,0.000000000000000000e+00
5.748264913340577920e+01,2.055204923508665900e+02,5.000000000000000000e+01,1.271517000000000069e-06,0.000000000000000000e+00
5.789800877419354208e+01,2.055200769912258068e+02,5.000000000000000000e+01,1.281062999999999935e-06,0.000000000000000000e+00
5.834086236467251751e+01,2.055196341376353359e+02,5.000000000000000000e+01,1.244333999999999977e-06,0.000000000000000000e+00
5.875503438329248240e+01,2.055192199656167134e+02,5.000000000000000000e+01,1.202700999999999964e-06,0.000000000000000000e+00
5.915465532402968307e+01,2.055188203446759587e+02,5.000000000000000000e+01,1.260531000000000053e-06,0.000000000000000000e+00
5.959390977367165476e+01,2.055183810902263417e+02,5.000000000000000000e+01,1.228065000000000032e-06,0.000000000000000000e+00
6.002471478117544734e+01,2.055179502852188307e+02,5.000000000000000000e+01,1.227934000000000016e-06,0.000000000000000000e+00
6.044559387982081233e+01,2.055175294061201896e+02,5.000000000000000000e+01,1.249572999999999962e-06,0.000000000000000000e+00
6.083286264839505009e+01,2.055171421373516125e+02,5.000000000000000000e+01,1.312276999999999913e-06,0.000000000000000000e+00
6.127349419389313567e+01,2.055167015058061111e+02,5.000000000000000000e+01,1.293141000000000025e-06,0.000000000000000000e+00
6.166444571492188231e+01,2.055163105542850701e+02,5.000000000000000000e+01,1.256062999999999963e-06,0.000000000000000000e+00
6.209628007347504308e+01,2.055158787199265191e+02,5.000000000000000000e+01,1.387742999999999988e-06,0.000000000000000000e+00
6.254106595454545214e+01,2.055154339340454612e+02,5.000000000000000000e+01,1.377178999999999973e-06,0.000000000000000000e+00
6.292644056229532623e+01,2.055150485594377017e+02,5.000000000000000000e+01,1.328909999999999953e-06,0.000000000000000000e+00
6.335322511559360237e+01,2.055146217748844037e+02,5.000000000000000000e+01,1.263325000000000097e-06,0.000000000000000000e+00
6.374304205351675279e+01,2.055142319579464925e+02,5.000000000000000000e+01,1.347347000000000028e-06,0.000000000000000000e+00
6.417339974149895454e+01,2.055138016002584891e+02,5.000000000000000000e+01,1.339110999999999900e-06,0.000000000000000000e+00
6.460411904907722658e+01,2.055133708809509301e+02,5.000000000000000000e+01,1.400781999999999923e-06,0.000000000000000000e+00
6.501199855097482327e+01,2.055129630014490374e+02,5.000000000000000000e+01,1.322638000000000041e-06,0.000000000000000000e+00
6.543015217430024677e+01,2.055125448478256942e+02,5.000000000000000000e+01,1.321678000000000011e-06,0.000000000000000000e+00
6.585111881882454554e+01,2.055121238811811679e+02,5.000000000000000000e+01,1.235617999999999941e-06,0.000000000000000000e+00
6.623627378386936471e+01,2.055117387262161230e+02,5.000000000000000000e+01,1.242238999999999958e-06,0.000000000000000000e+00
6.668354454028005307e+01,2.055112914554597126e+02,5.000000000000000000e+01,1.313761000000000007e-06,0.000000000000000000e+00
6.710738150547484793e+01,2.055108676184945296e+02,5.000000000000000000e+01,1.287029999999999898e-06,0.000000000000000000e+00
6.755129547569994486e+01,2.055104237045242996e+02,5.000000000000000000e+01,1.216773000000000039e-06,0.000000000000000000e+00
6.795534252133876407e+01,2.055100196574786651e+02,5.000000000000000000e+01,1.370747000000000092e-06,0.000000000000000000e+00
6.836587243088504806e+01,2.055096091275691208e+02,5.000000000000000000e+01,1.403823000000000010e-06,0.000000000000000000e+00
6.878130882646379973e+01,2.055091936911735502e+02,5.000000000000000000e+01,1.446896999999999989e-06,0.000000000000000000e+00
6.922684629423412161e+01,2.055087481537057670e+02,5.000000000000000000e+01,1.386972000000000093e-06,0.000000000000000000e+00
6.962573565610686899e+01,2.055083492643439058e+02,5.000000000000000000e+01,1.330831000000000040e-06,0.000000000000000000e+00
7.006765997250113287e+01,2.055079073400275149e+02,5.000000000000000000e+01,1.356427999999999975e-06,0.000000000000000000e+00
7.045286158872262661e+01,2.055075221384112751e+02,5.000000000000000000e+01,1.356399000000000022e-06,0.000000000000000000e+00
7.088562343488749207e+01,2.055070893765651192e+02,5.000000000000000000e+01,1.259351999999999907e-06,0.000000000000000000e+00
7.129617885464824667e+01,2.055066788211453570e+02,5.000000000000000000e+01,1.249820000000000004e-06,0.000000000000000000e+00
7.169992840857929650e+01,2.055062750715914319e+02,5.000000000000000000e+01,1.277775000000000018e-06,0.000000000000000000e+00
7.213072043305140824e+01,2.055058442795669578e+02,5.000000000000000000e+01,1.241685999999999939e-06,0.000000000000000000e+00
7.253875628184164270e+01,2.055054362437181510e+02,5.000000000000000000e+01,1.232707000000000055e-06,0.000000000000000000e+00
7.296277761899965242e+01,2.055050122223809979e+02,5.000000000000000000e+01,1.209467999999999988e-06,0.000000000000000000e+00
7.336536729292205905e+01,2.055046096327070870e+02,5.000000000000000000e+01,1.284409999999999998e-06,0.000000000000000000e+00
7.376573251017811117e+01,2.055042092674898129e+02,5.000000000000000000e+01,1.325780999999999979e-06,0.000000000000000000e+00
7.419368304142268755e+01,2.055037813169585661e+02,5.000000000000000000e+01,1.298714999999999940e-06,0.000000000000000000e+00
7.463719625220066689e+01,2.055033378037477974e+02,5.000000000000000000e+01,1.264634000000000020e-06,0.000000000000000000e+00
7.503601271145038254e+01,2.055029389872885588e+02,5.000000000000000000e+01,1.317457999999999991e-06,0.000000000000000000e+00
7.546000062177054701e+01,2.055025149993782350e+02,5.000000000000000000e+01,1.331281999999999996e-06,0.000000000000000000e+00
7.589896559471995374e+01,2.055020760344052917e+02,5.000000000000000000e+01,1.285559999999999979e-06,0.000000000000000000e+00
7.628668471798134476e+01,2.055016883152820242e+02,5.000000000000000000e+01,1.275256999999999969e-06,0.000000000000000000e+00
7.671057178547418687e+01,2.055012644282145402e+02,5.000000000000000000e+01,1.283580999999999985e-06,0.000000000000000000e+00
7.712947643361231087e+01,2.055008455235663973e+02,5.000000000000000000e+01,1.315188000000000011e-06,0.000000000000000000e+00
7.754912677565006618e+01,2.055004258732243443e+02,5.000000000000000000e+01,1.322609000000000088e-06,0.000000000000000000e+00
7.797514699647467751e+01,2.054999998530035157e+02,5.000000000000000000e+01,1.331732999999999951e-06,0.000000000000000000e+00
7.839075015474328723e+01,2.054995842498452703e+02,5.000000000000000000e+01,1.365988000000000016e-06,0.000000000000000000e+00
7.883365933278554394e+01,2.054991413406672223e+02,5.000000000000000000e+01,1.317355999999999928e-06,0.000000000000000000e+00
7.924909556106869957e+01,2.054987259044389418e+02,5.000000000000000000e+01,1.315361999999999943e-06,0.000000000000000000e+00
7.964799751215439017e+01,2.054983270024878550e+02,5.000000000000000000e+01,1.373337000000000011e-06,0.000000000000000000e+00
8.008785519394504604e+01,2.054978871448060431e+02,5.000000000000000000e+01,1.417297999999999911e-06,0.000000000000000000e+00
8.051873534453818593e+01,2.054974562646554546e+02,5.000000000000000000e+01,1.378794000000000084e-06,0.000000000000000000e+00
8.091917609866646899e+01,2.054970558239013485e+02,5.000000000000000000e+01,1.555003000000000018e-06,0.000000000000000000e+00
8.132610431701434095e+01,2.054966488956829949e+02,5.000000000000000000e+01,1.721214999999999918e-06,0.000000000000000000e+00
8.174328346051918004e+01,2.054962317165394836e+02,5.000000000000000000e+01,1.606953000000000003e-06,0.000000000000000000e+00
8.215168056663269169e+01,2.054958233194333559e+02,5.000000000000000000e+01,1.439243000000000045e-06,0.000000000000000000e+00
8.259069407777089111e+01,2.054953843059222436e+02,5.000000000000000000e+01,1.354855999999999992e-06,0.000000000000000000e+00
8.299075878313671240e+01,2.054949842412168550e+02,5.000000000000000000e+01,1.373570000000000090e-06,0.000000000000000000e+00
8.340391892533199325e+01,2.054945710810746675e+02,5.000000000000000000e+01,1.261839999999999975e-06,0.000000000000000000e+00
8.382929083264296821e+01,2.054941457091673556e+02,5.000000000000000000e+01,1.368970999999999984e-06,0.000000000000000000e+00
8.423626255244639083e+01,2.054937387374475577e+02,5.000000000000000000e+01,1.385604000000000024e-06,0.000000000000000000e+00
8.465993634504640397e+01,2.054933150636549612e+02,5.000000000000000000e+01,1.363615999999999973e-06,0.000000000000000000e+00
8.509056118100312460e+01,2.054928844388190043e+02,5.000000000000000000e+01,1.245702000000000046e-06,0.000000000000000000e+00
8.550690109865324473e+01,2.054924680989013552e+02,5.000000000000000000e+01,1.169973999999999939e-06,0.000000000000000000e+00
8.592353758698014587e+01,2.054920514624130305e+02,5.000000000000000000e+01,1.342560000000000026e-06,0.000000000000000000e+00
8.632982026479639615e+01,2.054916451797352011e+02,5.000000000000000000e+01,1.297695999999999976e-06,0.000000000000000000e+00
8.673044821930166393e+01,2.054912445517807100e+02,5.000000000000000000e+01,1.333318999999999897e-06,0.000000000000000000e+00
8.716132879391034294e+01,2.054908136712060980e+02,5.000000000000000000e+01,1.364431000000000024e-06,0.000000000000000000e+00
8.760152769427480735e+01,2.054903734723057198e+02,5.000000000000000000e+01,1.374908999999999993e-06,0.000000000000000000e+00
8.804193120760193381e+01,2.054899330687923964e+02,5.000000000000000000e+01,1.234773999999999937e-06,0.000000000000000000e+00
8.842425944283021977e+01,2.054895507405571777e+02,5.000000000000000000e+01,1.368141999999999970e-06,0.000000000000000000e+00
8.885914851983990559e+01,2.054891158514801646e+02,5.000000000000000000e+01,1.391453999999999934e-06,0.000000000000000000e+00
8.927212040134544679e+01,2.054887028795986623e+02,5.000000000000000000e+01,1.402252000000000055e-06,0.000000000000000000e+00
8.967848919971373789e+01,2.054882965108002963e+02,5.000000000000000000e+01,1.366206999999999920e-06,0.000000000000000000e+00
9.010923290876364433e+01,2.054878657670912503e+02,5.000000000000000000e+01,1.362189999999999997e-06,0.000000000000000000e+00
9.054426858312460524e+01,2.054874307314168789e+02,5.000000000000000000e+01,1.400446999999999994e-06,0.000000000000000000e+00
9.094844624836260039e+01,2.054870265537516332e+02,5.000000000000000000e+01,1.389198999999999945e-06,0.000000000000000000e+00
9.135223276104647994e+01,2.054866227672389698e+02,5.000000000000000000e+01,1.511841999999999966e-06,0.000000000000000000e+00
9.178686591503111458e+01,2.054861881340849834e+02,5.000000000000000000e+01,1.517677000000000098e-06,0.000000000000000000e+00
9.218929035419846230e+01,2.054857857096457963e+02,5.000000000000000000e+01,1.422406000000000091e-06,0.000000000000000000e+00
9.261318456376736208e+01,2.054853618154362209e+02,5.000000000000000000e+01,1.386157000000000042e-06,0.000000000000000000e+00
9.301217995572520181e+01,2.054849628200442737e+02,5.000000000000000000e+01,1.437656000000000072e-06,0.000000000000000000e+00
9.345654736947014385e+01,2.054845184526305388e+02,5.000000000000000000e+01,1.426088000000000084e-06,0.000000000000000000e+00
9.384959759541983715e+01,2.054841254024045725e+02,5.000000000000000000e+01,1.383451000000000097e-06,0.000000000000000000e+00
9.425925253362314038e+01,2.054837157474663911e+02,5.000000000000000000e+01,1.333027999999999911e-06,0.000000000000000000e+00
9.468838214812083720e+01,2.054832866178518884e+02,5.000000000000000000e+01,1.462859999999999958e-06,0.000000000000000000e+00
9.510934442144603906e+01,2.054828656555785642e+02,5.000000000000000000e+01,1.498251000000000040e-06,0.000000000000000000e+00
9.552714180061155957e+01,2.054824478581993787e+02,5.000000000000000000e+01,1.467284000000000104e-06,0.000000000000000000e+00
9.594860460305343963e+01,2.054820263953969572e+02,5.000000000000000000e+01,1.446881999999999999e-06,0.000000000000000000e+00
9.635251032896775314e+01,2.054816224896710253e+02,5.000000000000000000e+01,1.440058000000000096e-06,0.000000000000000000e+00
9.675178752575079955e+01,2.054812232124742479e+02,5.000000000000000000e+01,1.422028000000000033e-06,0.000000000000000000e+00
9.718222501145035608e+01,2.054807927749885437e+02,5.000000000000000000e+01,1.379842000000000002e-06,0.000000000000000000e+00
9.762451438860658470e+01,2.054803504856113818e+02,5.000000000000000000e+01,1.313078000000000000e-06,0.000000000000000000e+00
9.802116511617617789e+01,2.054799538348838155e+02,5.000000000000000000e+01,1.367662000000000061e-06,0.000000000000000000e+00
9.844152734582660003e+01,2.054795334726541682e+02,5.000000000000000000e+01,1.439097000000000039e-06,0.000000000000000000e+00
9.888479121647625902e+01,2.054790902087835320e+02,5.000000000000000000e+01,1.435954000000000101e-06,0.000000000000000000e+00
9.930034541373551349e+01,2.054786746545862570e+02,5.000000000000000000e+01,1.459004000000000033e-06,0.000000000000000000e+00
9.972182151139639927e+01,2.054782531784886146e+02,5.000000000000000000e+01,1.324326000000000049e-06,0.000000000000000000e+00
1.001398484192112051e+02,2.054778351515807913e+02,5.000000000000000000e+01,1.359657999999999985e-06,0.000000000000000000e+00
1.005603710798724819e+02,2.054774146289201440e+02,5.000000000000000000e+01,1.490712999999999910e-06,0.000000000000000000e+00
1.009890012763273006e+02,2.054769859987236771e+02,5.000000000000000000e+01,1.495690000000000074e-06,0.000000000000000000e+00
1.013991101800832837e+02,2.054765758898199124e+02,5.000000000000000000e+01,1.486041999999999934e-06,0.000000000000000000e+00
1.018127614223622004e+02,2.054761622385776434e+02,5.000000000000000000e+01,1.388485999999999957e-06,0.000000000000000000e+00
1.022366543801140466e+02,2.054757383456199022e+02,5.000000000000000000e+01,1.537905000000000059e-06,0.000000000000000000e+00
1.026353216124430361e+02,2.054753396783875701e+02,5.000000000000000000e+01,1.526161000000000083e-06,0.000000000000000000e+00
1.030699461498946334e+02,2.054749050538501081e+02,5.000000000000000000e+01,1.517487999999999963e-06,0.000000000000000000e+00
1.034807858363506199e+02,2.054744942141636557e+02,5.000000000000000000e+01,1.481167000000000044e-06,0.000000000000000000e+00
1.038963573214588365e+02,2.054740786426785348e+02,5.000000000000000000e+01,1.425054999999999945e-06,0.000000000000000000e+00
1.043059665549618416e+02,2.054736690334450486e+02,5.000000000000000000e+01,1.441178000000000095e-06,0.000000000000000000e+00
1.047090267530090415e+02,2.054732659732469813e+02,5.000000000000000000e+01,1.518753999999999969e-06,0.000000000000000000e+00
1.051399326785512756e+02,2.054728350673214550e+02,5.000000000000000000e+01,1.461522000000000082e-06,0.000000000000000000e+00
1.055479272293545989e+02,2.054724270727706426e+02,5.000000000000000000e+01,1.279419000000000083e-06,0.000000000000000000e+00
1.059741758091552413e+02,2.054720008241908431e+02,5.000000000000000000e+01,1.412438000000000011e-06,0.000000000000000000e+00
1.063896677922972742e+02,2.054715853322076953e+02,5.000000000000000000e+01,1.477106999999999993e-06,0.000000000000000000e+00
1.068325191955046591e+02,2.054711424808045024e+02,5.000000000000000000e+01,1.437190999999999942e-06,0.000000000000000000e+00
1.072278009167031172e+02,2.054707471990832914e+02,5.000000000000000000e+01,1.467676999999999941e-06,0.000000000000000000e+00
1.076469793237433947e+02,2.054703280206762486e+02,5.000000000000000000e+01,1.483450999999999987e-06,0.000000000000000000e+00
1.080869750506386850e+02,2.054698880249493698e+02,5.000000000000000000e+01,1.458306000000000035e-06,0.000000000000000000e+00
1.085178548140180368e+02,2.054694571451859701e+02,5.000000000000000000e+01,1.455525999999999954e-06,0.000000000000000000e+00
1.089185271614303758e+02,2.054690564728385596e+02,5.000000000000000000e+01,1.518260000000000097e-06,0.000000000000000000e+00
1.093247228495242069e+02,2.054686502771504877e+02,5.000000000000000000e+01,1.545675000000000028e-06,0.000000000000000000e+00
1.097645116741775411e+02,2.054682104883258376e+02,5.000000000000000000e+01,1.495601999999999974e-06,0.000000000000000000e+00
1.101649302805887629e+02,2.054678100697194054e+02,5.000000000000000000e+01,1.546591999999999930e-06,0.000000000000000000e+00
1.105886981666547371e+02,2.054673863018333577e+02,5.000000000000000000e+01,1.581255000000000033e-06,0.000000000000000000e+00
1.109885822447571968e+02,2.054669864177552370e+02,5.000000000000000000e+01,1.681356999999999986e-06,0.000000000000000000e+00
1.114292042206377573e+02,2.054665457957793535e+02,5.000000000000000000e+01,1.613093999999999899e-06,0.000000000000000000e+00
1.118354264721963602e+02,2.054661395735278120e+02,5.000000000000000000e+01,1.477078000000000040e-06,0.000000000000000000e+00
1.122359036068616973e+02,2.054657390963931505e+02,5.000000000000000000e+01,1.536288999999999920e-06,0.000000000000000000e+00
1.126667783357550405e+02,2.054653082216642588e+02,5.000000000000000000e+01,1.593841999999999986e-06,0.000000000000000000e+00
1.130893759777344769e+02,2.054648856240222585e+02,5.000000000000000000e+01,1.607811999999999998e-06,0.000000000000000000e+00
1.135053842281451182e+02,2.054644696157718613e+02,5.000000000000000000e+01,1.583291999999999934e-06,0.000000000000000000e+00
1.139219059754552461e+02,2.054640530940245355e+02,5.000000000000000000e+01,1.572218000000000030e-06,0.000000000000000000e+00
1.143094460552919571e+02,2.054636655539447077e+02,5.000000000000000000e+01,1.556152999999999998e-06,0.000000000000000000e+00
1.147524448907655170e+02,2.054632225551092404e+02,5.000000000000000000e+01,1.589535000000000105e-06,0.000000000000000000e+00
1.151760334770992387e+02,2.054627989665229109e+02,5.000000000000000000e+01,1.599662999999999943e-06,0.000000000000000000e+00
1.155750050808463953e+02,2.054623999949191671e+02,5.000000000000000000e+01,1.523338000000000085e-06,0.000000000000000000e+00
1.160218169457179158e+02,2.054619531830542769e+02,5.000000000000000000e+01,1.616136000000000013e-06,0.000000000000000000e+00
1.164227909963501020e+02,2.054615522090036563e+02,5.000000000000000000e+01,1.595398999999999978e-06,0.000000000000000000e+00
1.168293405517387669e+02,2.054611456594482775e+02,5.000000000000000000e+01,1.654828999999999975e-06,0.000000000000000000e+00
1.172456600196052818e+02,2.054607293399803893e+02,5.000000000000000000e+01,1.693465000000000057e-06,0.000000000000000000e+00
1.176939445685250405e+02,2.054602810554314658e+02,5.000000000000000000e+01,1.572392999999999990e-06,0.000000000000000000e+00
1.180840732406583982e+02,2.054598909267593569e+02,5.000000000000000000e+01,1.596185000000000075e-06,0.000000000000000000e+00
1.185163987373744590e+02,2.054594586012626394e+02,5.000000000000000000e+01,1.468288000000000078e-06,0.000000000000000000e+00
1.189617970964031031e+02,2.054590132029036056e+02,5.000000000000000000e+01,1.564403999999999905e-06,0.000000000000000000e+00
1.193773968778625942e+02,2.054585976031221435e+02,5.000000000000000000e+01,1.486347000000000094e-06,0.000000000000000000e+00
1.197887279833965408e+02,2.054581862720166043e+02,5.000000000000000000e+01,1.543462999999999955e-06,0.000000000000000000e+00
1.201932458649779960e+02,2.054577817541350271e+02,5.000000000000000000e+01,1.492400999999999918e-06,0.000000000000000000e+00
1.206240805350567200e+02,2.054573509194649432e+02,5.000000000000000000e+01,1.457490999999999985e-06,0.000000000000000000e+00
1.210504381031747556e+02,2.054569245618968409e+02,5.000000000000000000e+01,1.467735000000000060e-06,0.000000000000000000e+00
1.214551036878628167e+02,2.054565198963121304e+02,5.000000000000000000e+01,1.589186000000000000e-06,0.000000000000000000e+00
1.218834673334764602e+02,2.054560915326665338e+02,5.000000000000000000e+01,1.554145000000000051e-06,0.000000000000000000e+00
1.222582043740458033e+02,2.054557167956259605e+02,5.000000000000000000e+01,1.562876000000000078e-06,0.000000000000000000e+00
1.227059965453374417e+02,2.054552690034546742e+02,5.000000000000000000e+01,1.487001999999999964e-06,0.000000000000000000e+00
1.231288869629246818e+02,2.054548461130370640e+02,5.000000000000000000e+01,1.485153999999999986e-06,0.000000000000000000e+00
1.235485757300368590e+02,2.054544264242699683e+02,5.000000000000000000e+01,1.556095000000000091e-06,0.000000000000000000e+00
1.239744450890585199e+02,2.054540005549109480e+02,5.000000000000000000e+01,1.646171000000000057e-06,0.000000000000000000e+00
1.243617131802687794e+02,2.054536132868197456e+02,5.000000000000000000e+01,1.672961000000000100e-06,0.000000000000000000e+00
1.247743089019083982e+02,2.054532006910980897e+02,5.000000000000000000e+01,1.759762999999999900e-06,0.000000000000000000e+00
1.251802237040185588e+02,2.054527947762959741e+02,5.000000000000000000e+01,1.675157999999999971e-06,0.000000000000000000e+00
1.256108333751463988e+02,2.054523641666248466e+02,5.000000000000000000e+01,1.690467000000000098e-06,0.000000000000000000e+00
1.260458882977169992e+02,2.054519291117022988e+02,5.000000000000000000e+01,1.685780999999999920e-06,0.000000000000000000e+00
1.264498916690594399e+02,2.054515251083309408e+02,5.000000000000000000e+01,1.740073999999999995e-06,0.000000000000000000e+00
1.268821312350305988e+02,2.054510928687649596e+02,5.000000000000000000e+01,1.766660999999999940e-06,0.000000000000000000e+00
1.272975398368277240e+02,2.054506774601631776e+02,5.000000000000000000e+01,1.742315000000000021e-06,0.000000000000000000e+00
1.277196170114723230e+02,2.054502553829885301e+02,5.000000000000000000e+01,1.698994000000000000e-06,0.000000000000000000e+00
1.281276102146559310e+02,2.054498473897853330e+02,5.000000000000000000e+01,1.715089000000000013e-06,0.000000000000000000e+00
1.285639142975738878e+02,2.054494110857024225e+02,5.000000000000000000e+01,1.678315999999999899e-06,0.000000000000000000e+00
1.289878822983372686e+02,2.054489871177016767e+02,5.000000000000000000e+01,1.701860999999999942e-06,0.000000000000000000e+00
1.293971308947539569e+02,2.054485778691052360e+02,5.000000000000000000e+01,1.705411999999999919e-06,0.000000000000000000e+00
1.298171536519111271e+02,2.054481578463480957e+02,5.000000000000000000e+01,1.724692999999999997e-06,0.000000000000000000e+00
1.302356685663724534e+02,2.054477393314336382e+02,5.000000000000000000e+01,1.700769999999999896e-06,0.000000000000000000e+00
1.306435025877556200e+02,2.054473314974122502e+02,5.000000000000000000e+01,1.667329000000000067e-06,0.000000000000000000e+00
1.310741726543341201e+02,2.054469008273456723e+02,5.000000000000000000e+01,1.724183999999999923e-06,0.000000000000000000e+00
1.314802823433765013e+02,2.054464947176566341e+02,5.000000000000000000e+01,1.659951999999999934e-06,0.000000000000000000e+00
1.318934750661577766e+02,2.054460815249338452e+02,5.000000000000000000e+01,1.700594999999999936e-06,0.000000000000000000e+00
1.323031927341778271e+02,2.054456718072658248e+02,5.000000000000000000e+01,1.755121000000000090e-06,0.000000000000000000e+00
1.327063956098978394e+02,2.054452686043900940e+02,5.000000000000000000e+01,1.684559000000000070e-06,0.000000000000000000e+00
1.331510286783558854e+02,2.054448239713216537e+02,5.000000000000000000e+01,1.681080999999999990e-06,0.000000000000000000e+00
1.335454281454750571e+02,2.054444295718545277e+02,5.000000000000000000e+01,1.650304000000000005e-06,0.000000000000000000e+00
1.339710711272033166e+02,2.054440039288728030e+02,5.000000000000000000e+01,1.252629000000000039e-06,0.000000000000000000e+00
1.344142582430619939e+02,2.054435607417569543e+02,5.000000000000000000e+01,7.512571999999999728e-07,0.000000000000000000e+00
1.348154036307172134e+02,2.054431595963692985e+02,5.000000000000000000e+01,4.451576000000000262e-07,0.000000000000000000e+00
1.352209365685249907e+02,2.054427540634314653e+02,5.000000000000000000e+01,1.305597999999999883e-07,0.000000000000000000e+00
1.356541666265885908e+02,2.054423208333734010e+02,5.000000000000000000e+01,8.530332999999999891e-08,0.000000000000000000e+00
1.360624120509206136e+02,2.054419125879490764e+02,5.000000000000000000e+01,6.961636000000000174e-08,0.000000000000000000e+00
1.364915727866836335e+02,2.054414834272133135e+02,5.000000000000000000e+01,1.687877000000000126e-07,0.000000000000000000e+00
1.369072035153603508e+02,2.054410677964846457e+02,5.000000000000000000e+01,1.212378000000000058e-06,0.000000000000000000e+00
1.372946378634435973e+02,2.054406803621365611e+02,5.000000000000000000e+01,1.592227000000000087e-06,0.000000000000000000e+00
1.377391876974164404e+02,2.054402358123025749e+02,5.000000000000000000e+01,1.549953999999999984e-06,0.000000000000000000e+00
1.381631616620625493e+02,2.054398118383379312e+02,5.000000000000000000e+01,1.398264000000000086e-06,0.000000000000000000e+00
1.385932747495775459e+02,2.054393817252504277e+02,5.000000000000000000e+01,1.499006999999999944e-06,0.000000000000000000e+00
1.390098786791871817e+02,2.054389651213208197e+02,5.000000000000000000e+01,1.601977000000000078e-06,0.000000000000000000e+00
1.394271396852288660e+02,2.054385478603147703e+02,5.000000000000000000e+01,1.608656000000000002e-06,0.000000000000000000e+00
1.398423589426920444e+02,2.054381326410573081e+02,5.000000000000000000e+01,1.470674999999999899e-06,0.000000000000000000e+00
1.402575557989821959e+02,2.054377174442010130e+02,5.000000000000000000e+01,1.502935999999999979e-06,0.000000000000000000e+00
1.406711141287000828e+02,2.054373038858713016e+02,5.000000000000000000e+01,1.617590999999999943e-06,0.000000000000000000e+00
1.411042051178701797e+02,2.054368707948821395e+02,5.000000000000000000e+01,1.595849999999999933e-06,0.000000000000000000e+00
1.415283922837853936e+02,2.054364466077162206e+02,5.000000000000000000e+01,1.516207999999999994e-06,0.000000000000000000e+00
1.419340544571143710e+02,2.054360409455428851e+02,5.000000000000000000e+01,1.389925999999999896e-06,0.000000000000000000e+00
1.423628711838206300e+02,2.054356121288161887e+02,5.000000000000000000e+01,1.514664999999999965e-06,0.000000000000000000e+00
1.427729104923337218e+02,2.054352020895076691e+02,5.000000000000000000e+01,1.583466999999999895e-06,0.000000000000000000e+00
1.431737896396946610e+02,2.054348012103603196e+02,5.000000000000000000e+01,1.554929999999999908e-06,0.000000000000000000e+00
1.435728010275299482e+02,2.054344021989724638e+02,5.000000000000000000e+01,1.517838000000000095e-06,0.000000000000000000e+00
1.440194309451312051e+02,2.054339555690548593e+02,5.000000000000000000e+01,1.430132999999999933e-06,0.000000000000000000e+00
1.444391359669202473e+02,2.054335358640330753e+02,5.000000000000000000e+01,1.448701000000000023e-06,0.000000000000000000e+00
1.448267316343202538e+02,2.054331482683656702e+02,5.000000000000000000e+01,1.447085999999999912e-06,0.000000000000000000e+00
1.452437057566307317e+02,2.054327312942433821e+02,5.000000000000000000e+01,1.467792999999999967e-06,0.000000000000000000e+00
1.456915946563610760e+02,2.054322834053436395e+02,5.000000000000000000e+01,1.449822000000000050e-06,0.000000000000000000e+00
1.460905332422348408e+02,2.054318844667577650e+02,5.000000000000000000e+01,1.371793999999999982e-06,0.000000000000000000e+00
1.465142048751162918e+02,2.054314607951248774e+02,5.000000000000000000e+01,1.408334000000000016e-06,0.000000000000000000e+00
1.469587757957961003e+02,2.054310162242041997e+02,5.000000000000000000e+01,1.563574000000000075e-06,0.000000000000000000e+00
1.473514846226308634e+02,2.054306235153773628e+02,5.000000000000000000e+01,1.479507999999999989e-06,0.000000000000000000e+00
1.477615577147400927e+02,2.054302134422852646e+02,5.000000000000000000e+01,1.377543000000000068e-06,0.000000000000000000e+00
1.481902495819561807e+02,2.054297847504180368e+02,5.000000000000000000e+01,1.300476000000000057e-06,0.000000000000000000e+00
1.486210573858732005e+02,2.054293539426141422e+02,5.000000000000000000e+01,1.240550999999999949e-06,0.000000000000000000e+00
1.490477343935749275e+02,2.054289272656064327e+02,5.000000000000000000e+01,1.296823000000000018e-06,0.000000000000000000e+00
1.494511651924616444e+02,2.054285238348075495e+02,5.000000000000000000e+01,1.274747999999999895e-06,0.000000000000000000e+00
1.498800167904768728e+02,2.054280949832095189e+02,5.000000000000000000e+01,1.173423000000000064e-06,0.000000000000000000e+00
1.502989361745391363e+02,2.054276760638254586e+02,5.000000000000000000e+01,1.213266000000000006e-06,0.000000000000000000e+00
1.507027520809179464e+02,2.054272722479190918e+02,5.000000000000000000e+01,1.300431999999999902e-06,0.000000000000000000e+00
1.511375835024288676e+02,2.054268374164975626e+02,5.000000000000000000e+01,1.385415000000000101e-06,0.000000000000000000e+00
1.515250561637443525e+02,2.054264499438362463e+02,5.000000000000000000e+01,1.354477999999999934e-06,0.000000000000000000e+00
1.519711663404988542e+02,2.054260038336595073e+02,5.000000000000000000e+01,1.378735999999999965e-06,0.000000000000000000e+00
1.523730231434910536e+02,2.054256019768565125e+02,5.000000000000000000e+01,1.262727999999999923e-06,0.000000000000000000e+00
1.527741494424682571e+02,2.054252008505575304e+02,5.000000000000000000e+01,1.402703000000000011e-06,0.000000000000000000e+00
1.532007069108889539e+02,2.054247742930891150e+02,5.000000000000000000e+01,1.410647999999999940e-06,0.000000000000000000e+00
1.536084727115004966e+02,2.054243665272884982e+02,5.000000000000000000e+01,1.360530999999999942e-06,0.000000000000000000e+00
1.540430821636012411e+02,2.054239319178363985e+02,5.000000000000000000e+01,1.318680000000000053e-06,0.000000000000000000e+00
1.544780996121394310e+02,2.054234969003878746e+02,5.000000000000000000e+01,1.184481999999999978e-06,0.000000000000000000e+00
1.548642391505513274e+02,2.054231107608494540e+02,5.000000000000000000e+01,1.365566000000000014e-06,0.000000000000000000e+00
1.552795885662787896e+02,2.054226954114337218e+02,5.000000000000000000e+01,1.406092999999999990e-06,0.000000000000000000e+00
1.557052253024224058e+02,2.054222697746975825e+02,5.000000000000000000e+01,1.377120000000000039e-06,0.000000000000000000e+00
1.561132842696044634e+02,2.054218617157303868e+02,5.000000000000000000e+01,1.329797999999999901e-06,0.000000000000000000e+00
1.565487826209923696e+02,2.054214262173790075e+02,5.000000000000000000e+01,1.401946000000000079e-06,0.000000000000000000e+00
1.569726760906531808e+02,2.054210023239093630e+02,5.000000000000000000e+01,1.395804999999999971e-06,0.000000000000000000e+00
1.573571040695522925e+02,2.054206178959304623e+02,5.000000000000000000e+01,1.345731999999999917e-06,0.000000000000000000e+00
1.577953821373157268e+02,2.054201796178626864e+02,5.000000000000000000e+01,1.237655000000000054e-06,0.000000000000000000e+00
1.582191746904580043e+02,2.054197558253095508e+02,5.000000000000000000e+01,1.265158000000000085e-06,0.000000000000000000e+00
1.586527428329031864e+02,2.054193222571670958e+02,5.000000000000000000e+01,1.332781000000000081e-06,0.000000000000000000e+00
1.590607828347863801e+02,2.054189142171652236e+02,5.000000000000000000e+01,1.343475999999999900e-06,0.000000000000000000e+00
1.594898923044953278e+02,2.054184851076955169e+02,5.000000000000000000e+01,1.317807000000000095e-06,0.000000000000000000e+00
1.599055507824104723e+02,2.054180694492175974e+02,5.000000000000000000e+01,1.290929999999999980e-06,0.000000000000000000e+00
1.603388388585605639e+02,2.054176361611414450e+02,5.000000000000000000e+01,1.311317000000000095e-06,0.000000000000000000e+00
1.607617281134653524e+02,2.054172132718865385e+02,5.000000000000000000e+01,1.196298000000000036e-06,0.000000000000000000e+00
1.611616470843074751e+02,2.054168133529156819e+02,5.000000000000000000e+01,1.188468999999999920e-06,0.000000000000000000e+00
1.615854420924163435e+02,2.054163895579075927e+02,5.000000000000000000e+01,1.198976000000000055e-06,0.000000000000000000e+00
1.619857307727272939e+02,2.054159892692272820e+02,5.000000000000000000e+01,1.257750999999999971e-06,0.000000000000000000e+00
1.624259132496090388e+02,2.054155490867503886e+02,5.000000000000000000e+01,1.082312999999999932e-06,0.000000000000000000e+00
1.628319393050406632e+02,2.054151430606949589e+02,5.000000000000000000e+01,1.183420000000000098e-06,0.000000000000000000e+00
1.632325793238776726e+02,2.054147424206761343e+02,5.000000000000000000e+01,1.039880000000000071e-06,0.000000000000000000e+00
1.636635681318557545e+02,2.054143114318681569e+02,5.000000000000000000e+01,1.177221000000000083e-06,0.000000000000000000e+00
1.640541219450381618e+02,2.054139208780549666e+02,5.000000000000000000e+01,1.212800000000000060e-06,0.000000000000000000e+00
1.645027825291464296e+02,2.054134722174708543e+02,5.000000000000000000e+01,1.129562999999999988e-06,0.000000000000000000e+00
1.649018471952098537e+02,2.054130731528047988e+02,5.000000000000000000e+01,1.084684999999999975e-06,0.000000000000000000e+00
1.653063006797253820e+02,2.054126686993202782e+02,5.000000000000000000e+01,1.191815999999999983e-06,0.000000000000000000e+00
1.657269441210990806e+02,2.054122480558789050e+02,5.000000000000000000e+01,1.228719999999999901e-06,0.000000000000000000e+00
1.661445469164065685e+02,2.054118304530836099e+02,5.000000000000000000e+01,1.211403000000000038e-06,0.000000000000000000e+00
1.665654709493179553e+02,2.054114095290506725e+02,5.000000000000000000e+01,1.199775999999999903e-06,0.000000000000000000e+00
1.669955680055132916e+02,2.054109794319944911e+02,5.000000000000000000e+01,1.253690999999999920e-06,0.000000000000000000e+00
1.674384282225461789e+02,2.054105365717774703e+02,5.000000000000000000e+01,1.303370999999999925e-06,0.000000000000000000e+00
1.678434219159808265e+02,2.054101315780840196e+02,5.000000000000000000e+01,1.241801999999999965e-06,0.000000000000000000e+00
1.682429902542994000e+02,2.054097320097457100e+02,5.000000000000000000e+01,1.182546999999999928e-06,0.000000000000000000e+00
1.686735276425937968e+02,2.054093014723574129e+02,5.000000000000000000e+01,1.180014999999999916e-06,0.000000000000000000e+00
1.691148228923664192e+02,2.054088601771076412e+02,5.000000000000000000e+01,1.062813999999999977e-06,0.000000000000000000e+00
1.695122889535252000e+02,2.054084627110464680e+02,5.000000000000000000e+01,1.240433999999999896e-06,0.000000000000000000e+00
1.699304840938320069e+02,2.054080445159061696e+02,5.000000000000000000e+01,1.261113000000000024e-06,0.000000000000000000e+00
1.703610259874045880e+02,2.054076139740126052e+02,5.000000000000000000e+01,1.337161000000000071e-06,0.000000000000000000e+00
1.707818551141376133e+02,2.054071931448858663e+02,5.000000000000000000e+01,1.302571000000000077e-06,0.000000000000000000e+00
1.711839830915813820e+02,2.054067910169084143e+02,5.000000000000000000e+01,1.295600999999999956e-06,0.000000000000000000e+00
1.716210240912580502e+02,2.054063539759087575e+02,5.000000000000000000e+01,1.327164000000000038e-06,0.000000000000000000e+00
1.720288581126412168e+02,2.054059461418873695e+02,5.000000000000000000e+01,1.481690999999999897e-06,0.000000000000000000e+00
1.724504018605242948e+02,2.054055245981394648e+02,5.000000000000000000e+01,1.492415000000000093e-06,0.000000000000000000e+00
1.728543041828287983e+02,2.054051206958171747e+02,5.000000000000000000e+01,1.478926000000000018e-06,0.000000000000000000e+00
1.732533227483764904e+02,2.054047216772516151e+02,5.000000000000000000e+01,1.436768999999999940e-06,0.000000000000000000e+00
1.737019638807194895e+02,2.054042730361192923e+02,5.000000000000000000e+01,1.521563000000000004e-06,0.000000000000000000e+00
1.740917792967404694e+02,2.054038832207032499e+02,5.000000000000000000e+01,1.517909999999999965e-06,0.000000000000000000e+00
1.745248247965649000e+02,2.054034501752034316e+02,5.000000000000000000e+01,1.532592999999999965e-06,0.000000000000000000e+00
1.749306472288174064e+02,2.054030443527711896e+02,5.000000000000000000e+01,1.464606999999999901e-06,0.000000000000000000e+00
1.753477321471444270e+02,2.054026272678528642e+02,5.000000000000000000e+01,1.464271999999999971e-06,0.000000000000000000e+00
1.757736700474978591e+02,2.054022013299525042e+02,5.000000000000000000e+01,1.523047000000000099e-06,0.000000000000000000e+00
1.761832417457408155e+02,2.054017917582542623e+02,5.000000000000000000e+01,1.488923000000000051e-06,0.000000000000000000e+00
1.766078026896835809e+02,2.054013671973103214e+02,5.000000000000000000e+01,1.467182000000000042e-06,0.000000000000000000e+00
1.770351673733972291e+02,2.054009398326265909e+02,5.000000000000000000e+01,1.353124000000000040e-06,0.000000000000000000e+00
1.774341867042701608e+02,2.054005408132957200e+02,5.000000000000000000e+01,1.408668999999999946e-06,0.000000000000000000e+00
1.778498454501020660e+02,2.054001251545498974e+02,5.000000000000000000e+01,1.386274000000000096e-06,0.000000000000000000e+00
1.782891294361029395e+02,2.053996858705638999e+02,5.000000000000000000e+01,1.396314000000000045e-06,0.000000000000000000e+00
1.787130173122137364e+02,2.053992619826877899e+02,5.000000000000000000e+01,1.374399000000000103e-06,0.000000000000000000e+00
1.791352398167865942e+02,2.053988397601832219e+02,5.000000000000000000e+01,1.353546000000000042e-06,0.000000000000000000e+00
1.795557534941661118e+02,2.053984192465058243e+02,5.000000000000000000e+01,1.378487999999999896e-06,0.000000000000000000e+00
1.799836128260396890e+02,2.053979913871739598e+02,5.000000000000000000e+01,1.353852000000000019e-06,0.000000000000000000e+00
1.803990703888461553e+02,2.053975759296111505e+02,5.000000000000000000e+01,1.325358999999999977e-06,0.000000000000000000e+00
1.807868394454899885e+02,2.053971881605545207e+02,5.000000000000000000e+01,1.308959000000000015e-06,0.000000000000000000e+00
1.812319683904580074e+02,2.053967430316095317e+02,5.000000000000000000e+01,1.289954999999999959e-06,0.000000000000000000e+00
1.816556204509757038e+02,2.053963193795490270e+02,5.000000000000000000e+01,1.226348000000000070e-06,0.000000000000000000e+00
1.820543590139077708e+02,2.053959206409861054e+02,5.000000000000000000e+01,1.234904999999999953e-06,0.000000000000000000e+00
1.824784020576826720e+02,2.053954965979423264e+02,5.000000000000000000e+01,1.191001999999999960e-06,0.000000000000000000e+00
1.828882193136710725e+02,2.053950867806863414e+02,5.000000000000000000e+01,1.163730999999999980e-06,0.000000000000000000e+00
1.833062847178944139e+02,2.053946687152821085e+02,5.000000000000000000e+01,1.244202999999999961e-06,0.000000000000000000e+00
1.837269814644979249e+02,2.053942480185355066e+02,5.000000000000000000e+01,1.171501999999999977e-06,0.000000000000000000e+00
1.841233193812977049e+02,2.053938516806186954e+02,5.000000000000000000e+01,1.201289999999999979e-06,0.000000000000000000e+00
1.845602789145776512e+02,2.053934147210854348e+02,5.000000000000000000e+01,1.253501999999999997e-06,0.000000000000000000e+00
1.849678079499562671e+02,2.053930071920500495e+02,5.000000000000000000e+01,1.251144999999999945e-06,0.000000000000000000e+00
1.853833555206616097e+02,2.053925916444793529e+02,5.000000000000000000e+01,1.255568000000000063e-06,0.000000000000000000e+00
1.857990976478384084e+02,2.053921759023521645e+02,5.000000000000000000e+01,1.252076000000000021e-06,0.000000000000000000e+00
1.862025044257399884e+02,2.053917724955742585e+02,5.000000000000000000e+01,1.194305000000000079e-06,0.000000000000000000e+00
1.866291804045021934e+02,2.053913458195955002e+02,5.000000000000000000e+01,1.220033000000000030e-06,0.000000000000000000e+00
1.870658150404580056e+02,2.053909091849595541e+02,5.000000000000000000e+01,1.265464000000000061e-06,0.000000000000000000e+00
1.875130945431675968e+02,2.053904619054568457e+02,5.000000000000000000e+01,1.294174999999999980e-06,0.000000000000000000e+00
1.878984086797657653e+02,2.053900765913202235e+02,5.000000000000000000e+01,1.332751999999999916e-06,0.000000000000000000e+00
1.883187996908314972e+02,2.053896562003091617e+02,5.000000000000000000e+01,1.288776000000000025e-06,0.000000000000000000e+00
1.887370516932685689e+02,2.053892379483067430e+02,5.000000000000000000e+01,1.352352999999999934e-06,0.000000000000000000e+00
1.891678406020255920e+02,2.053888071593979703e+02,5.000000000000000000e+01,1.338062999999999982e-06,0.000000000000000000e+00
1.895757672275861978e+02,2.053883992327724286e+02,5.000000000000000000e+01,1.308101000000000048e-06,0.000000000000000000e+00
1.900072795198244364e+02,2.053879677204801908e+02,5.000000000000000000e+01,1.353823000000000065e-06,0.000000000000000000e+00
1.904308530814189169e+02,2.053875441469185716e+02,5.000000000000000000e+01,1.376538000000000067e-06,0.000000000000000000e+00
1.908108033777730270e+02,2.053871641966222228e+02,5.000000000000000000e+01,1.461260000000000050e-06,0.000000000000000000e+00
1.912529892012491644e+02,2.053867220107987634e+02,5.000000000000000000e+01,1.412249000000000088e-06,0.000000000000000000e+00
1.916520245112717191e+02,2.053863229754887243e+02,5.000000000000000000e+01,1.393680999999999998e-06,0.000000000000000000e+00
1.920758525442747953e+02,2.053858991474557172e+02,5.000000000000000000e+01,1.386434000000000065e-06,0.000000000000000000e+00
1.925207383060254926e+02,2.053854542616939796e+02,5.000000000000000000e+01,1.360720000000000077e-06,0.000000000000000000e+00
1.929154203145757265e+02,2.053850595796854179e+02,5.000000000000000000e+01,1.440058000000000096e-06,0.000000000000000000e+00
1.933309956790627666e+02,2.053846440043209327e+02,5.000000000000000000e+01,1.454405999999999954e-06,0.000000000000000000e+00
1.937267032849588304e+02,2.053842482967150431e+02,5.000000000000000000e+01,1.389721999999999982e-06,0.000000000000000000e+00
1.941554171606523198e+02,2.053838195828393509e+02,5.000000000000000000e+01,1.400418000000000040e-06,0.000000000000000000e+00
1.945863634808179938e+02,2.053833886365191859e+02,5.000000000000000000e+01,1.417895000000000085e-06,0.000000000000000000e+00
1.949937423102650484e+02,2.053829812576897496e+02,5.000000000000000000e+01,1.413441999999999985e-06,0.000000000000000000e+00
1.954083402226463591e+02,2.053825666597773534e+02,5.000000000000000000e+01,1.350751999999999998e-06,0.000000000000000000e+00
1.958331809394925074e+02,2.053821418190605073e+02,5.000000000000000000e+01,1.294872999999999977e-06,0.000000000000000000e+00
1.962183590338096906e+02,2.053817566409661879e+02,5.000000000000000000e+01,1.334934000000000008e-06,0.000000000000000000e+00
1.966640863663342884e+02,2.053813109136336550e+02,5.000000000000000000e+01,1.396911000000000007e-06,0.000000000000000000e+00
1.970876502233354870e+02,2.053808873497766569e+02,5.000000000000000000e+01,1.365900999999999943e-06,0.000000000000000000e+00
1.974877205321072893e+02,2.053804872794679000e+02,5.000000000000000000e+01,1.389824000000000045e-06,0.000000000000000000e+00
1.979282018753180807e+02,2.053800467981246811e+02,5.000000000000000000e+01,1.443288000000000106e-06,0.000000000000000000e+00
1.983434484378826994e+02,2.053796315515621131e+02,5.000000000000000000e+01,1.402847999999999990e-06,0.000000000000000000e+00
1.987585513080817066e+02,2.053792164486919205e+02,5.000000000000000000e+01,1.412190999999999970e-06,0.000000000000000000e+00
1.992063645819795568e+02,2.053787686354180266e+02,5.000000000000000000e+01,1.390508000000000079e-06,0.000000000000000000e+00
1.996049758217514807e+02,2.053783700241782526e+02,5.000000000000000000e+01,1.415711999999999965e-06,0.000000000000000000e+00
2.000286443337945741e+02,2.053779463556662108e+02,5.000000000000000000e+01,1.452951000000000025e-06,0.000000000000000000e+00
2.004751590739788867e+02,2.053774998409260206e+02,5.000000000000000000e+01,1.415173999999999937e-06,0.000000000000000000e+00
2.008765575824428140e+02,2.053770984424175481e+02,5.000000000000000000e+01,1.367211000000000105e-06,0.000000000000000000e+00
2.012785246623373041e+02,2.053766964753376669e+02,5.000000000000000000e+01,1.386143000000000079e-06,0.000000000000000000e+00
2.017043093592418472e+02,2.053762706906407516e+02,5.000000000000000000e+01,1.407054000000000047e-06,0.000000000000000000e+00
2.021123480429398285e+02,2.053758626519570498e+02,5.000000000000000000e+01,1.338091999999999936e-06,0.000000000000000000e+00
2.025432054532758457e+02,2.053754317945467278e+02,5.000000000000000000e+01,1.305729000000000005e-06,0.000000000000000000e+00
2.029462433626756308e+02,2.053750287566373345e+02,5.000000000000000000e+01,1.222476999999999942e-06,0.000000000000000000e+00
2.033558178153577103e+02,2.053746191821846310e+02,5.000000000000000000e+01,1.091203999999999929e-06,0.000000000000000000e+00
2.037688781454198477e+02,2.053742061218545700e+02,5.000000000000000000e+01,1.192457000000000101e-06,0.000000000000000000e+00
2.041753813100845889e+02,2.053737996186899295e+02,5.000000000000000000e+01,1.335604000000000079e-06,0.000000000000000000e+00
2.046169646833178319e+02,2.053733580353166985e+02,5.000000000000000000e+01,1.337481000000000011e-06,0.000000000000000000e+00
2.050144100422025133e+02,2.053729605899578132e+02,5.000000000000000000e+01,1.288034000000000084e-06,0.000000000000000000e+00
2.054327430226628053e+02,2.053725422569773400e+02,5.000000000000000000e+01,1.315652999999999929e-06,0.000000000000000000e+00
2.058759023447398420e+02,2.053720990976552514e+02,5.000000000000000000e+01,1.161316000000000021e-06,0.000000000000000000e+00
2.062621294176248909e+02,2.053717128705823711e+02,5.000000000000000000e+01,1.347071000000000032e-06,0.000000000000000000e+00
2.066859235572518969e+02,2.053712890764427641e+02,5.000000000000000000e+01,1.329390000000000074e-06,0.000000000000000000e+00
2.071224683939190072e+02,2.053708525316060900e+02,5.000000000000000000e+01,1.306849000000000005e-06,0.000000000000000000e+00
2.075532705513259941e+02,2.053704217294486796e+02,5.000000000000000000e+01,1.328590000000000014e-06,0.000000000000000000e+00
2.079810785603943941e+02,2.053699939214396011e+02,5.000000000000000000e+01,1.337509999999999964e-06,0.000000000000000000e+00
2.083687152746838933e+02,2.053696062847253074e+02,5.000000000000000000e+01,1.331703999999999998e-06,0.000000000000000000e+00
2.088059825331361026e+02,2.053691690174668736e+02,5.000000000000000000e+01,1.329025999999999979e-06,0.000000000000000000e+00
2.092299246629771119e+02,2.053687450753370172e+02,5.000000000000000000e+01,1.309293999999999945e-06,0.000000000000000000e+00
2.096288665741072066e+02,2.053683461334258880e+02,5.000000000000000000e+01,1.310909000000000056e-06,0.000000000000000000e+00
2.100706418485144127e+02,2.053679043581514918e+02,5.000000000000000000e+01,1.314794999999999962e-06,0.000000000000000000e+00
2.105012524950003012e+02,2.053674737475049881e+02,5.000000000000000000e+01,1.374209999999999968e-06,0.000000000000000000e+00
2.108890499481007907e+02,2.053670859500518873e+02,5.000000000000000000e+01,1.340537000000000088e-06,0.000000000000000000e+00
2.112989625363200332e+02,2.053666760374636908e+02,5.000000000000000000e+01,1.348861000000000103e-06,0.000000000000000000e+00
2.117024362825355865e+02,2.053662725637174731e+02,5.000000000000000000e+01,1.322404999999999962e-06,0.000000000000000000e+00
2.121462922298719036e+02,2.053658287077701345e+02,5.000000000000000000e+01,1.360283999999999901e-06,0.000000000000000000e+00
2.125450904977695643e+02,2.053654299095022395e+02,5.000000000000000000e+01,1.323890000000000084e-06,0.000000000000000000e+00
2.129685018947770061e+02,2.053650064981052310e+02,5.000000000000000000e+01,1.339066999999999956e-06,0.000000000000000000e+00
2.133796372239162054e+02,2.053645953627760719e+02,5.000000000000000000e+01,1.294946000000000087e-06,0.000000000000000000e+00
2.137911374523247616e+02,2.053641838625476908e+02,5.000000000000000000e+01,1.280176000000000015e-06,0.000000000000000000e+00
2.142150554244137481e+02,2.053637599445755768e+02,5.000000000000000000e+01,1.328938999999999907e-06,0.000000000000000000e+00
2.146491579040142028e+02,2.053633258420959748e+02,5.000000000000000000e+01,1.273161999999999949e-06,0.000000000000000000e+00
2.150574694707987078e+02,2.053629175305292165e+02,5.000000000000000000e+01,1.264706999999999918e-06,0.000000000000000000e+00
2.154857829391667963e+02,2.053624892170608405e+02,5.000000000000000000e+01,1.378735999999999965e-06,0.000000000000000000e+00
2.158865772038455191e+02,2.053620884227961483e+02,5.000000000000000000e+01,1.330641999999999905e-06,0.000000000000000000e+00
2.162897498307887929e+02,2.053616852501692165e+02,5.000000000000000000e+01,1.307228000000000090e-06,0.000000000000000000e+00
2.167346132627209556e+02,2.053612403867372791e+02,5.000000000000000000e+01,1.288179000000000063e-06,0.000000000000000000e+00
2.171213684859578450e+02,2.053608536315140327e+02,5.000000000000000000e+01,1.261200000000000097e-06,0.000000000000000000e+00
2.175571174602447968e+02,2.053604178825397639e+02,5.000000000000000000e+01,1.356718999999999961e-06,0.000000000000000000e+00
2.180055100271952426e+02,2.053599694899727979e+02,5.000000000000000000e+01,1.305786999999999912e-06,0.000000000000000000e+00
2.184220597305908314e+02,2.053595529402694240e+02,5.000000000000000000e+01,1.309715999999999947e-06,0.000000000000000000e+00
2.188287003625954412e+02,2.053591462996374162e+02,5.000000000000000000e+01,1.343417999999999993e-06,0.000000000000000000e+00
2.192296488185465648e+02,2.053587453511814545e+02,5.000000000000000000e+01,1.307533000000000039e-06,0.000000000000000000e+00
2.196606199301685081e+02,2.053583143800698281e+02,5.000000000000000000e+01,1.287306000000000106e-06,0.000000000000000000e+00
2.201006753214532523e+02,2.053578743246785621e+02,5.000000000000000000e+01,1.344801000000000052e-06,0.000000000000000000e+00
2.205410529359468796e+02,2.053574339470640666e+02,5.000000000000000000e+01,1.178225000000000057e-06,0.000000000000000000e+00
2.209421508865268891e+02,2.053570328491134660e+02,5.000000000000000000e+01,1.097767000000000039e-06,0.000000000000000000e+00
2.213572815505075937e+02,2.053566177184494848e+02,5.000000000000000000e+01,1.344276999999999988e-06,0.000000000000000000e+00
2.217705401907487897e+02,2.053562044598092484e+02,5.000000000000000000e+01,1.348351000000000001e-06,0.000000000000000000e+00
2.221765978425972037e+02,2.053557984021574043e+02,5.000000000000000000e+01,1.201041999999999910e-06,0.000000000000000000e+00
2.225983982006282531e+02,2.053553766017993780e+02,5.000000000000000000e+01,1.418623000000000063e-06,0.000000000000000000e+00
2.230155899812629912e+02,2.053549594100187505e+02,5.000000000000000000e+01,1.388048999999999964e-06,0.000000000000000000e+00
2.234163859866886526e+02,2.053545586140133139e+02,5.000000000000000000e+01,1.412612999999999972e-06,0.000000000000000000e+00
2.238225872776526444e+02,2.053541524127223568e+02,5.000000000000000000e+01,1.434949999999999915e-06,0.000000000000000000e+00
2.242402012344126376e+02,2.053537347987656005e+02,5.000000000000000000e+01,1.432578000000000085e-06,0.000000000000000000e+00
2.246568224671782446e+02,2.053533181775328273e+02,5.000000000000000000e+01,1.426932000000000088e-06,0.000000000000000000e+00
2.250790063674177190e+02,2.053528959936325862e+02,5.000000000000000000e+01,1.467153000000000088e-06,0.000000000000000000e+00
2.255105750213507179e+02,2.053524644249786490e+02,5.000000000000000000e+01,1.479783999999999985e-06,0.000000000000000000e+00
2.259177623816794096e+02,2.053520572376183111e+02,5.000000000000000000e+01,1.523395999999999992e-06,0.000000000000000000e+00
2.263425606319081567e+02,2.053516324393681032e+02,5.000000000000000000e+01,1.525942999999999994e-06,0.000000000000000000e+00
2.267577535100060970e+02,2.053512172464899947e+02,5.000000000000000000e+01,1.486885999999999938e-06,0.000000000000000000e+00
2.271869510178482301e+02,2.053507880489821673e+02,5.000000000000000000e+01,1.377994000000000024e-06,0.000000000000000000e+00
2.276079858941216116e+02,2.053503670141058706e+02,5.000000000000000000e+01,1.610925999999999982e-06,0.000000000000000000e+00
2.280256370278675604e+02,2.053499493629721258e+02,5.000000000000000000e+01,1.545966000000000014e-06,0.000000000000000000e+00
2.284465431318914455e+02,2.053495284568681143e+02,5.000000000000000000e+01,1.577951000000000099e-06,0.000000000000000000e+00
2.288895342743393257e+02,2.053490854657256648e+02,5.000000000000000000e+01,1.619001999999999928e-06,0.000000000000000000e+00
2.292744538249480968e+02,2.053487005461750528e+02,5.000000000000000000e+01,1.637949000000000104e-06,0.000000000000000000e+00
2.296982467253512539e+02,2.053482767532746607e+02,5.000000000000000000e+01,1.657928999999999996e-06,0.000000000000000000e+00
2.301340538019994995e+02,2.053478409461980050e+02,5.000000000000000000e+01,1.639375000000000080e-06,0.000000000000000000e+00
2.305421607064691898e+02,2.053474328392935320e+02,5.000000000000000000e+01,1.697509999999999905e-06,0.000000000000000000e+00
2.309670775713945261e+02,2.053470079224286167e+02,5.000000000000000000e+01,1.691848999999999918e-06,0.000000000000000000e+00
2.313692372398196540e+02,2.053466057627601913e+02,5.000000000000000000e+01,1.711102000000000071e-06,0.000000000000000000e+00
2.317703386111803070e+02,2.053462046613888106e+02,5.000000000000000000e+01,1.655294999999999921e-06,0.000000000000000000e+00
2.321975662327861016e+02,2.053457774337672106e+02,5.000000000000000000e+01,1.651758999999999935e-06,0.000000000000000000e+00
2.326056253660652260e+02,2.053453693746339468e+02,5.000000000000000000e+01,1.686217999999999913e-06,0.000000000000000000e+00
2.330399785646261535e+02,2.053449350214353899e+02,5.000000000000000000e+01,1.779334999999999965e-06,0.000000000000000000e+00
2.334442053871744065e+02,2.053445307946128366e+02,5.000000000000000000e+01,1.808438999999999932e-06,0.000000000000000000e+00
2.338471011085665907e+02,2.053441278988914291e+02,5.000000000000000000e+01,1.829365000000000102e-06,0.000000000000000000e+00
2.342899784400561884e+02,2.053436850215599350e+02,5.000000000000000000e+01,1.833453999999999895e-06,0.000000000000000000e+00
2.346958735172057118e+02,2.053432791264827983e+02,5.000000000000000000e+01,1.905136999999999942e-06,0.000000000000000000e+00
2.351089468840382324e+02,2.053428660531159551e+02,5.000000000000000000e+01,1.916385000000000203e-06,0.000000000000000000e+00
2.355522810574483117e+02,2.053424227189425437e+02,5.000000000000000000e+01,1.919251999999999933e-06,0.000000000000000000e+00
2.359564516779503549e+02,2.053420185483220450e+02,5.000000000000000000e+01,1.937806000000000061e-06,0.000000000000000000e+00
2.363670492428234411e+02,2.053416079507571794e+02,5.000000000000000000e+01,1.875393000000000096e-06,0.000000000000000000e+00
2.367790816409180081e+02,2.053411959183590909e+02,5.000000000000000000e+01,1.891953000000000027e-06,0.000000000000000000e+00
2.371846859350696661e+02,2.053407903140649466e+02,5.000000000000000000e+01,2.039058000000000205e-06,0.000000000000000000e+00
2.376272980702784139e+02,2.053403477019297156e+02,5.000000000000000000e+01,2.028783999999999937e-06,0.000000000000000000e+00
2.380510897519083926e+02,2.053399239102481033e+02,5.000000000000000000e+01,1.922963000000000091e-06,0.000000000000000000e+00
2.384999483849762498e+02,2.053394750516150395e+02,5.000000000000000000e+01,1.979788000000000178e-06,0.000000000000000000e+00
2.388852261399262318e+02,2.053390897738600813e+02,5.000000000000000000e+01,1.995388000000000080e-06,0.000000000000000000e+00
2.393031048761894510e+02,2.053386718951238095e+02,5.000000000000000000e+01,2.032044000000000140e-06,0.000000000000000000e+00
2.397240337620090713e+02,2.053382509662380073e+02,5.000000000000000000e+01,1.951223000000000054e-06,0.000000000000000000e+00
2.401705247812209336e+02,2.053378044752187748e+02,5.000000000000000000e+01,1.958672999999999873e-06,0.000000000000000000e+00
2.405787436719082280e+02,2.053373962563281054e+02,5.000000000000000000e+01,2.035813000000000205e-06,0.000000000000000000e+00
2.409927548804071478e+02,2.053369822451196001e+02,5.000000000000000000e+01,2.037529999999999955e-06,0.000000000000000000e+00
2.414360841614673063e+02,2.053365389158385312e+02,5.000000000000000000e+01,2.053667999999999884e-06,0.000000000000000000e+00
2.418164206058350487e+02,2.053361585793941799e+02,5.000000000000000000e+01,1.734108000000000059e-06,0.000000000000000000e+00
2.422403135635869091e+02,2.053357346864364104e+02,5.000000000000000000e+01,1.568245000000000051e-06,0.000000000000000000e+00
2.426577086917280894e+02,2.053353172913082858e+02,5.000000000000000000e+01,1.984036999999999941e-06,0.000000000000000000e+00
2.430798364287139179e+02,2.053348951635712751e+02,5.000000000000000000e+01,1.967563999999999870e-06,0.000000000000000000e+00
2.434652647383921078e+02,2.053345097352616051e+02,5.000000000000000000e+01,2.027052999999999801e-06,0.000000000000000000e+00
2.439007856603933249e+02,2.053340742143396085e+02,5.000000000000000000e+01,1.989523000000000179e-06,0.000000000000000000e+00
2.443160235027434055e+02,2.053336589764972473e+02,5.000000000000000000e+01,1.988403000000000180e-06,0.000000000000000000e+00
2.447152821135916838e+02,2.053332597178864205e+02,5.000000000000000000e+01,2.009561000000000189e-06,0.000000000000000000e+00
2.451425770513988880e+02,2.053328324229485986e+02,5.000000000000000000e+01,1.987063999999999852e-06,0.000000000000000000e+00
2.455808247105131557e+02,2.053323941752894939e+02,5.000000000000000000e+01,1.961671000000000043e-06,0.000000000000000000e+00
2.459818793780225974e+02,2.053319931206219735e+02,5.000000000000000000e+01,1.995096999999999882e-06,0.000000000000000000e+00
2.463936741666666705e+02,2.053315813258333264e+02,5.000000000000000000e+01,1.987470999999999864e-06,0.000000000000000000e+00
2.468367238231552392e+02,2.053311382761768584e+02,5.000000000000000000e+01,1.988227999999999796e-06,0.000000000000000000e+00
2.472514000884840755e+02,2.053307235999115221e+02,5.000000000000000000e+01,2.065527999999999886e-06,0.000000000000000000e+00
2.476505384498676108e+02,2.053303244615501342e+02,5.000000000000000000e+01,2.123298999999999828e-06,0.000000000000000000e+00
2.480902506716401490e+02,2.053298847493283574e+02,5.000000000000000000e+01,1.960012000000000200e-06,0.000000000000000000e+00
2.485211535624904968e+02,2.053294538464375023e+02,5.000000000000000000e+01,1.971173000000000177e-06,0.000000000000000000e+00
2.489411241116441715e+02,2.053290338758883706e+02,5.000000000000000000e+01,1.839013000000000031e-06,0.000000000000000000e+00
2.493283306661012091e+02,2.053286466693338923e+02,5.000000000000000000e+01,2.083500000000000042e-06,0.000000000000000000e+00
2.497689967012572083e+02,2.053282060032987317e+02,5.000000000000000000e+01,2.056578999999999982e-06,0.000000000000000000e+00
2.501927395729859995e+02,2.053277822604270284e+02,5.000000000000000000e+01,1.979701000000000106e-06,0.000000000000000000e+00
2.505917298034351575e+02,2.053273832701965773e+02,5.000000000000000000e+01,1.993452000000000002e-06,0.000000000000000000e+00
2.510367903710611586e+02,2.053269382096289348e+02,5.000000000000000000e+01,2.034793999999999817e-06,0.000000000000000000e+00
2.514392117712731931e+02,2.053265357882287390e+02,5.000000000000000000e+01,2.000087999999999798e-06,0.000000000000000000e+00
2.518482894796829612e+02,2.053261267105203274e+02,5.000000000000000000e+01,2.003304000000000056e-06,0.000000000000000000e+00
2.522393355195515596e+02,2.053257356644804474e+02,5.000000000000000000e+01,1.952067000000000059e-06,0.000000000000000000e+00
2.526692634694541653e+02,2.053253057365305381e+02,5.000000000000000000e+01,1.933542000000000096e-06,0.000000000000000000e+00
2.531001663603044847e+02,2.053248748336397114e+02,5.000000000000000000e+01,1.837644999999999962e-06,0.000000000000000000e+00
2.535083414855457136e+02,2.053244666585144671e+02,5.000000000000000000e+01,1.906373999999999995e-06,0.000000000000000000e+00
2.539257427688392852e+02,2.053240492572311666e+02,5.000000000000000000e+01,1.951818999999999989e-06,0.000000000000000000e+00
2.543471920990652677e+02,2.053236278079009480e+02,5.000000000000000000e+01,1.835374999999999982e-06,0.000000000000000000e+00
2.547559038187023077e+02,2.053232190961813046e+02,5.000000000000000000e+01,1.819528000000000039e-06,0.000000000000000000e+00
2.551796408673871213e+02,2.053227953591326127e+02,5.000000000000000000e+01,1.798703999999999931e-06,0.000000000000000000e+00
2.556071971038925028e+02,2.053223678028961103e+02,5.000000000000000000e+01,1.812878000000000069e-06,0.000000000000000000e+00
2.560021319274809457e+02,2.053219728680725211e+02,5.000000000000000000e+01,1.840744999999999983e-06,0.000000000000000000e+00
2.564451324536804009e+02,2.053215298675463316e+02,5.000000000000000000e+01,1.897933999999999954e-06,0.000000000000000000e+00
2.568496117579140900e+02,2.053211253882420806e+02,5.000000000000000000e+01,1.759108000000000031e-06,0.000000000000000000e+00
2.572487310724122267e+02,2.053207262689275865e+02,5.000000000000000000e+01,1.703548999999999950e-06,0.000000000000000000e+00
2.576796339632625745e+02,2.053202953660367314e+02,5.000000000000000000e+01,1.732623999999999964e-06,0.000000000000000000e+00
2.581215908032157245e+02,2.053198534091967815e+02,5.000000000000000000e+01,1.708861000000000045e-06,0.000000000000000000e+00
2.585184845767821571e+02,2.053194565154232123e+02,5.000000000000000000e+01,1.727865000000000100e-06,0.000000000000000000e+00
2.589375840644631239e+02,2.053190374159355258e+02,5.000000000000000000e+01,1.726293999999999933e-06,0.000000000000000000e+00
2.593809035226760784e+02,2.053185940964773124e+02,5.000000000000000000e+01,1.687658000000000063e-06,0.000000000000000000e+00
2.597964577199353471e+02,2.053181785422800658e+02,5.000000000000000000e+01,1.675537000000000057e-06,0.000000000000000000e+00
2.602186814243580670e+02,2.053177563185756469e+02,5.000000000000000000e+01,1.665234000000000047e-06,0.000000000000000000e+00
2.606273133362248586e+02,2.053173476866637657e+02,5.000000000000000000e+01,1.660679000000000097e-06,0.000000000000000000e+00
2.610579861638220791e+02,2.053169170138361892e+02,5.000000000000000000e+01,1.678345000000000064e-06,0.000000000000000000e+00
2.614622770505021663e+02,2.053165127229495113e+02,5.000000000000000000e+01,1.670646999999999965e-06,0.000000000000000000e+00
2.618733584902459484e+02,2.053161016415097606e+02,5.000000000000000000e+01,1.612060999999999972e-06,0.000000000000000000e+00
2.623043296948667376e+02,2.053156706703051384e+02,5.000000000000000000e+01,1.597552999999999932e-06,0.000000000000000000e+00
2.626893222493548024e+02,2.053152856777506372e+02,5.000000000000000000e+01,1.579609999999999942e-06,0.000000000000000000e+00
2.631319949825850131e+02,2.053148430050174227e+02,5.000000000000000000e+01,1.575987000000000095e-06,0.000000000000000000e+00
2.635309849916504277e+02,2.053144440150083483e+02,5.000000000000000000e+01,1.536157999999999904e-06,0.000000000000000000e+00
2.639547330880985214e+02,2.053140202669119105e+02,5.000000000000000000e+01,1.504260999999999920e-06,0.000000000000000000e+00
2.643927476611535212e+02,2.053135822523388470e+02,5.000000000000000000e+01,1.558103000000000039e-06,0.000000000000000000e+00
2.647799579993107955e+02,2.053131950420007001e+02,5.000000000000000000e+01,1.503198000000000011e-06,0.000000000000000000e+00
2.652054138630696229e+02,2.053127695861369375e+02,5.000000000000000000e+01,1.404011999999999933e-06,0.000000000000000000e+00
2.656363221756196822e+02,2.053123386778243855e+02,5.000000000000000000e+01,1.509252000000000047e-06,0.000000000000000000e+00
2.660444963358778523e+02,2.053119305036641151e+02,5.000000000000000000e+01,1.467822999999999948e-06,0.000000000000000000e+00
2.664699267961937039e+02,2.053115050732038185e+02,5.000000000000000000e+01,1.435561000000000052e-06,0.000000000000000000e+00
2.668854743668990750e+02,2.053110895256330934e+02,5.000000000000000000e+01,1.441178000000000095e-06,0.000000000000000000e+00
2.673211643980056920e+02,2.053106538356019826e+02,5.000000000000000000e+01,1.434179000000000021e-06,0.000000000000000000e+00
2.677042929707379244e+02,2.053102707070292752e+02,5.000000000000000000e+01,1.371793999999999982e-06,0.000000000000000000e+00
2.681439056523294653e+02,2.053098310943476861e+02,5.000000000000000000e+01,1.294479999999999929e-06,0.000000000000000000e+00
2.685844536930450772e+02,2.053093905463069575e+02,5.000000000000000000e+01,1.385531999999999942e-06,0.000000000000000000e+00
2.690151186657992071e+02,2.053089598813342036e+02,5.000000000000000000e+01,1.430656999999999997e-06,0.000000000000000000e+00
2.694156285903766843e+02,2.053085593714096149e+02,5.000000000000000000e+01,1.409061999999999995e-06,0.000000000000000000e+00
2.698215233737112158e+02,2.053081534766263019e+02,5.000000000000000000e+01,1.431515999999999992e-06,0.000000000000000000e+00
2.702391943302031905e+02,2.053077358056698074e+02,5.000000000000000000e+01,1.441789000000000021e-06,0.000000000000000000e+00
2.706557137188636943e+02,2.053073192862811425e+02,5.000000000000000000e+01,1.451043999999999901e-06,0.000000000000000000e+00
2.710780449437227730e+02,2.053068969550562883e+02,5.000000000000000000e+01,1.410603999999999996e-06,0.000000000000000000e+00
2.715079887450052638e+02,2.053064670112549948e+02,5.000000000000000000e+01,1.411622999999999961e-06,0.000000000000000000e+00
2.718984207872346133e+02,2.053060765792127711e+02,5.000000000000000000e+01,1.399952000000000094e-06,0.000000000000000000e+00
2.723327550290781005e+02,2.053056422449709260e+02,5.000000000000000000e+01,1.401610999999999937e-06,0.000000000000000000e+00
2.727137816305256024e+02,2.053052612183694805e+02,5.000000000000000000e+01,1.448599999999999988e-06,0.000000000000000000e+00
2.731555573997471242e+02,2.053048194426002624e+02,5.000000000000000000e+01,1.402425999999999988e-06,0.000000000000000000e+00
2.735793002714759155e+02,2.053043956997285306e+02,5.000000000000000000e+01,1.379011999999999961e-06,0.000000000000000000e+00
2.739802711186293322e+02,2.053039947288813778e+02,5.000000000000000000e+01,1.397201999999999993e-06,0.000000000000000000e+00
2.744192044443266809e+02,2.053035557955556669e+02,5.000000000000000000e+01,1.399836000000000068e-06,0.000000000000000000e+00
2.748191167383054108e+02,2.053031558832616952e+02,5.000000000000000000e+01,1.384629000000000004e-06,0.000000000000000000e+00
2.752250209957298921e+02,2.053027499790042611e+02,5.000000000000000000e+01,1.399545000000000082e-06,0.000000000000000000e+00
2.756581913237334902e+02,2.053023168086762666e+02,5.000000000000000000e+01,1.338325000000000015e-06,0.000000000000000000e+00
2.760816693475408670e+02,2.053018933306524616e+02,5.000000000000000000e+01,1.347012999999999914e-06,0.000000000000000000e+00
2.764963887656055022e+02,2.053014786112343870e+02,5.000000000000000000e+01,1.358144999999999937e-06,0.000000000000000000e+00
2.769116541136556293e+02,2.053010633458863481e+02,5.000000000000000000e+01,1.234744999999999983e-06,0.000000000000000000e+00
2.773356631571642197e+02,2.053006393368428348e+02,5.000000000000000000e+01,1.324558999999999916e-06,0.000000000000000000e+00
2.777309167881621192e+02,2.053002440832118509e+02,5.000000000000000000e+01,1.358509000000000032e-06,0.000000000000000000e+00
2.781626622437162268e+02,2.052998123377562933e+02,5.000000000000000000e+01,1.336361000000000011e-06,0.000000000000000000e+00
2.785931123487312675e+02,2.052993818876512648e+02,5.000000000000000000e+01,1.297986999999999961e-06,0.000000000000000000e+00
2.790264205634676387e+02,2.052989485794365407e+02,5.000000000000000000e+01,1.257372999999999913e-06,0.000000000000000000e+00
2.794723985114504217e+02,2.052985026014885648e+02,5.000000000000000000e+01,1.172068999999999959e-06,0.000000000000000000e+00
2.798628638337924031e+02,2.052981121361661963e+02,5.000000000000000000e+01,1.196807999999999926e-06,0.000000000000000000e+00
2.802757144071885023e+02,2.052976992855928131e+02,5.000000000000000000e+01,1.294538000000000048e-06,0.000000000000000000e+00
2.807018061774522266e+02,2.052972731938225479e+02,5.000000000000000000e+01,1.268010000000000037e-06,0.000000000000000000e+00
2.811215631203530734e+02,2.052968534368796441e+02,5.000000000000000000e+01,1.277963999999999942e-06,0.000000000000000000e+00
2.815405650608314545e+02,2.052964344349391581e+02,5.000000000000000000e+01,1.272259000000000011e-06,0.000000000000000000e+00
2.819651273284385411e+02,2.052960098726715614e+02,5.000000000000000000e+01,1.289591000000000076e-06,0.000000000000000000e+00
2.823526157273112744e+02,2.052956223842726899e+02,5.000000000000000000e+01,1.331500000000000084e-06,0.000000000000000000e+00
2.827665995162098511e+02,2.052952084004838014e+02,5.000000000000000000e+01,1.282693000000000036e-06,0.000000000000000000e+00
2.831734929643685632e+02,2.052948015070356291e+02,5.000000000000000000e+01,1.326799999999999943e-06,0.000000000000000000e+00
2.836147329198596481e+02,2.052943602670801511e+02,5.000000000000000000e+01,1.320368000000000061e-06,0.000000000000000000e+00
2.840125655587604001e+02,2.052939624344412550e+02,5.000000000000000000e+01,1.294553000000000038e-06,0.000000000000000000e+00
2.844309055498714542e+02,2.052935440944501408e+02,5.000000000000000000e+01,1.321706999999999965e-06,0.000000000000000000e+00
2.848615580314415752e+02,2.052931134419685577e+02,5.000000000000000000e+01,1.293650999999999915e-06,0.000000000000000000e+00
2.852603003067821419e+02,2.052927146996932208e+02,5.000000000000000000e+01,1.305816000000000077e-06,0.000000000000000000e+00
2.856842933218826488e+02,2.052922907066781306e+02,5.000000000000000000e+01,1.304026000000000006e-06,0.000000000000000000e+00
2.861203989323412316e+02,2.052918546010676550e+02,5.000000000000000000e+01,1.329797999999999901e-06,0.000000000000000000e+00
2.865471037111844339e+02,2.052914278962888091e+02,5.000000000000000000e+01,1.140288000000000000e-06,0.000000000000000000e+00
2.869503018612664391e+02,2.052910246981387274e+02,5.000000000000000000e+01,1.021152000000000011e-06,0.000000000000000000e+00
2.873658494319718102e+02,2.052906091505680308e+02,5.000000000000000000e+01,1.344655000000000046e-06,0.000000000000000000e+00
2.877811124383068204e+02,2.052901938875616850e+02,5.000000000000000000e+01,1.325767000000000016e-06,0.000000000000000000e+00
2.882267445883728101e+02,2.052897482554116380e+02,5.000000000000000000e+01,1.300533999999999964e-06,0.000000000000000000e+00
2.886253642478550887e+02,2.052893496357521599e+02,5.000000000000000000e+01,1.313673999999999935e-06,0.000000000000000000e+00
2.890489843874045732e+02,2.052889260156125886e+02,5.000000000000000000e+01,1.315857000000000055e-06,0.000000000000000000e+00
2.894980259358019339e+02,2.052884769740641957e+02,5.000000000000000000e+01,1.353430000000000017e-06,0.000000000000000000e+00
2.898969656222715230e+02,2.052880780343777190e+02,5.000000000000000000e+01,1.358494000000000041e-06,0.000000000000000000e+00
2.903007866875182117e+02,2.052876742133124708e+02,5.000000000000000000e+01,1.306951000000000067e-06,0.000000000000000000e+00
2.907224506106870194e+02,2.052872525493893079e+02,5.000000000000000000e+01,1.258070999999999910e-06,0.000000000000000000e+00
2.911306279713728031e+02,2.052868443720286393e+02,5.000000000000000000e+01,1.301771000000000017e-06,0.000000000000000000e+00
2.915613060484482730e+02,2.052864136939515447e+02,5.000000000000000000e+01,1.313194000000000026e-06,0.000000000000000000e+00
2.919664240553435093e+02,2.052860085759446633e+02,5.000000000000000000e+01,1.321663000000000021e-06,0.000000000000000000e+00
2.923782399766745357e+02,2.052855967600233384e+02,5.000000000000000000e+01,1.318273000000000041e-06,0.000000000000000000e+00
2.928081002229451428e+02,2.052851668997770673e+02,5.000000000000000000e+01,1.280102999999999905e-06,0.000000000000000000e+00
2.932126521641221188e+02,2.052847623478358798e+02,5.000000000000000000e+01,1.297579999999999950e-06,0.000000000000000000e+00
2.936361467175572670e+02,2.052843388532824349e+02,5.000000000000000000e+01,1.231994000000000067e-06,0.000000000000000000e+00
2.940346361334955532e+02,2.052839403638665203e+02,5.000000000000000000e+01,1.069420000000000003e-06,0.000000000000000000e+00
2.944818107795477999e+02,2.052834931892204509e+02,5.000000000000000000e+01,1.352483999999999950e-06,0.000000000000000000e+00
2.948967958480663469e+02,2.052830782041519342e+02,5.000000000000000000e+01,1.333740999999999899e-06,0.000000000000000000e+00
2.952842935934476145e+02,2.052826907064065551e+02,5.000000000000000000e+01,1.325447000000000076e-06,0.000000000000000000e+00
2.957089611502678395e+02,2.052822660388497411e+02,5.000000000000000000e+01,1.241685999999999939e-06,0.000000000000000000e+00
2.961279974761450262e+02,2.052818470025238469e+02,5.000000000000000000e+01,8.986971999999999749e-07,0.000000000000000000e+00
2.965475789395155175e+02,2.052814274210604992e+02,5.000000000000000000e+01,1.192121999999999959e-06,0.000000000000000000e+00
2.969736998881437557e+02,2.052810013001118534e+02,5.000000000000000000e+01,1.385284000000000085e-06,0.000000000000000000e+00
2.973864320159611339e+02,2.052805885679840401e+02,5.000000000000000000e+01,1.331675000000000044e-06,0.000000000000000000e+00
2.977988162736771756e+02,2.052801761837263257e+02,5.000000000000000000e+01,1.303079999999999940e-06,0.000000000000000000e+00
2.982228087729007484e+02,2.052797521912270895e+02,5.000000000000000000e+01,1.251988999999999949e-06,0.000000000000000000e+00
2.986561830574049736e+02,2.052793188169426060e+02,5.000000000000000000e+01,1.280263000000000087e-06,0.000000000000000000e+00
2.990957887869462866e+02,2.052788792112130523e+02,5.000000000000000000e+01,1.231034000000000037e-06,0.000000000000000000e+00
2.994948061557146275e+02,2.052784801938442740e+02,5.000000000000000000e+01,1.267369999999999946e-06,0.000000000000000000e+00
2.999094775836933877e+02,2.052780655224163127e+02,5.000000000000000000e+01,1.390900999999999916e-06,0.000000000000000000e+00
3.003525191040898790e+02,2.052776224808959000e+02,5.000000000000000000e+01,1.312859000000000096e-06,0.000000000000000000e+00
3.007645543510225252e+02,2.052772104456489899e+02,5.000000000000000000e+01,1.318971000000000039e-06,0.000000000000000000e+00
3.011650022395572250e+02,2.052768099977604379e+02,5.000000000000000000e+01,1.337946999999999957e-06,0.000000000000000000e+00
3.016031743777922429e+02,2.052763718256222205e+02,5.000000000000000000e+01,1.326320000000000034e-06,0.000000000000000000e+00
3.020115800897833651e+02,2.052759634199102265e+02,5.000000000000000000e+01,1.269684000000000082e-06,0.000000000000000000e+00
3.024294279001219365e+02,2.052755455720998725e+02,5.000000000000000000e+01,1.295178999999999954e-06,0.000000000000000000e+00
3.028354713778625751e+02,2.052751395286221339e+02,5.000000000000000000e+01,1.293403000000000058e-06,0.000000000000000000e+00
3.032356503491650415e+02,2.052747393496508437e+02,5.000000000000000000e+01,1.177729999999999945e-06,0.000000000000000000e+00
3.036663261486413035e+02,2.052743086738513512e+02,5.000000000000000000e+01,1.177278999999999990e-06,0.000000000000000000e+00
3.040742738713105382e+02,2.052739007261286872e+02,5.000000000000000000e+01,1.265449000000000071e-06,0.000000000000000000e+00
3.045051713404610609e+02,2.052734698286595290e+02,5.000000000000000000e+01,1.248831000000000021e-06,0.000000000000000000e+00
3.049221460662125196e+02,2.052730528539337911e+02,5.000000000000000000e+01,1.292734000000000014e-06,0.000000000000000000e+00
3.053101980916030698e+02,2.052726648019084053e+02,5.000000000000000000e+01,1.322071000000000060e-06,0.000000000000000000e+00
3.057526669357570768e+02,2.052722223330642350e+02,5.000000000000000000e+01,1.360283999999999901e-06,0.000000000000000000e+00
3.061766599508575837e+02,2.052717983400491448e+02,5.000000000000000000e+01,1.323468000000000082e-06,0.000000000000000000e+00
3.065754022261980936e+02,2.052713995977738080e+02,5.000000000000000000e+01,1.264982999999999913e-06,0.000000000000000000e+00
3.070221725644639719e+02,2.052709528274355364e+02,5.000000000000000000e+01,1.295323999999999933e-06,0.000000000000000000e+00
3.074423695645028829e+02,2.052705326304354969e+02,5.000000000000000000e+01,1.291496999999999961e-06,0.000000000000000000e+00
3.078576458239456883e+02,2.052701173541760511e+02,5.000000000000000000e+01,1.322522000000000015e-06,0.000000000000000000e+00
3.082706233645038196e+02,2.052697043766355023e+02,5.000000000000000000e+01,1.325738000000000062e-06,0.000000000000000000e+00
3.086766912207498876e+02,2.052692983087792413e+02,5.000000000000000000e+01,1.320659000000000047e-06,0.000000000000000000e+00
3.091183537794317999e+02,2.052688566462205699e+02,5.000000000000000000e+01,1.353998000000000025e-06,0.000000000000000000e+00
3.095420976554224808e+02,2.052684329023445855e+02,5.000000000000000000e+01,1.329171999999999986e-06,0.000000000000000000e+00
3.099464458865371057e+02,2.052680285541134708e+02,5.000000000000000000e+01,1.370179000000000083e-06,0.000000000000000000e+00
3.103645817982299491e+02,2.052676104182017696e+02,5.000000000000000000e+01,1.401203999999999925e-06,0.000000000000000000e+00
3.107850679360673212e+02,2.052671899320639284e+02,5.000000000000000000e+01,1.405802000000000004e-06,0.000000000000000000e+00
3.111873126202290223e+02,2.052667876873797752e+02,5.000000000000000000e+01,1.449225000000000088e-06,0.000000000000000000e+00
3.116234610002168779e+02,2.052663515389997713e+02,5.000000000000000000e+01,1.403096000000000059e-06,0.000000000000000000e+00
3.120500444442677122e+02,2.052659249555557324e+02,5.000000000000000000e+01,1.397230999999999947e-06,0.000000000000000000e+00
3.124547733623134604e+02,2.052655202266376762e+02,5.000000000000000000e+01,1.401859000000000006e-06,0.000000000000000000e+00
3.128700398134012062e+02,2.052651049601865907e+02,5.000000000000000000e+01,1.335021999999999896e-06,0.000000000000000000e+00
3.132580829346126166e+02,2.052647169170653854e+02,5.000000000000000000e+01,1.371270999999999945e-06,0.000000000000000000e+00
3.136872904589225186e+02,2.052642877095410938e+02,5.000000000000000000e+01,1.336026000000000081e-06,0.000000000000000000e+00
3.141181920079807810e+02,2.052638568079920276e+02,5.000000000000000000e+01,1.344887999999999913e-06,0.000000000000000000e+00
3.145265945357940609e+02,2.052634484054642030e+02,5.000000000000000000e+01,1.360545999999999933e-06,0.000000000000000000e+00
3.149480521599915051e+02,2.052630269478400180e+02,5.000000000000000000e+01,1.407170000000000073e-06,0.000000000000000000e+00
3.153769869103053338e+02,2.052625980130897005e+02,5.000000000000000000e+01,1.320134999999999982e-06,0.000000000000000000e+00
3.157508129117077829e+02,2.052622241870882931e+02,5.000000000000000000e+01,1.327497999999999940e-06,0.000000000000000000e+00
3.161997252300866421e+02,2.052617752747699171e+02,5.000000000000000000e+01,1.305700000000000052e-06,0.000000000000000000e+00
3.166237209637404817e+02,2.052613512790362620e+02,5.000000000000000000e+01,1.324005999999999898e-06,0.000000000000000000e+00
3.170222044132732435e+02,2.052609527955867179e+02,5.000000000000000000e+01,1.280001000000000054e-06,0.000000000000000000e+00
3.174677197826490556e+02,2.052605072802173538e+02,5.000000000000000000e+01,1.308027999999999939e-06,0.000000000000000000e+00
3.178829960420919178e+02,2.052600920039579080e+02,5.000000000000000000e+01,1.320237000000000045e-06,0.000000000000000000e+00
3.182704866178964949e+02,2.052597045133821041e+02,5.000000000000000000e+01,1.370557999999999957e-06,0.000000000000000000e+00
3.186974322083668199e+02,2.052592775677916279e+02,5.000000000000000000e+01,1.394160999999999907e-06,0.000000000000000000e+00
3.191406686285454839e+02,2.052588343313714461e+02,5.000000000000000000e+01,1.385400999999999926e-06,0.000000000000000000e+00
3.195646556797633480e+02,2.052584103443202252e+02,5.000000000000000000e+01,1.388223999999999924e-06,0.000000000000000000e+00
3.200117915025247157e+02,2.052579632084974719e+02,5.000000000000000000e+01,1.330160999999999969e-06,0.000000000000000000e+00
3.204032195403822243e+02,2.052575717804596138e+02,5.000000000000000000e+01,1.308609999999999910e-06,0.000000000000000000e+00
3.208184873579304508e+02,2.052571565126420694e+02,5.000000000000000000e+01,1.388339999999999950e-06,0.000000000000000000e+00
3.212367063928346624e+02,2.052567382936071567e+02,5.000000000000000000e+01,1.340376999999999906e-06,0.000000000000000000e+00
3.216444267129318177e+02,2.052563305732870731e+02,5.000000000000000000e+01,1.346269999999999945e-06,0.000000000000000000e+00
3.220828687077458881e+02,2.052558921312922564e+02,5.000000000000000000e+01,1.355699999999999997e-06,0.000000000000000000e+00
3.224832776891047956e+02,2.052554917223108930e+02,5.000000000000000000e+01,1.393301999999999912e-06,0.000000000000000000e+00
3.228948307111617737e+02,2.052550801692888456e+02,5.000000000000000000e+01,1.422406000000000091e-06,0.000000000000000000e+00
3.232825997678055501e+02,2.052546924002321873e+02,5.000000000000000000e+01,1.397042000000000024e-06,0.000000000000000000e+00
3.237278276030534698e+02,2.052542471723969584e+02,5.000000000000000000e+01,1.322769000000000057e-06,0.000000000000000000e+00
3.241518260531024112e+02,2.052538231739468984e+02,5.000000000000000000e+01,1.314954999999999932e-06,0.000000000000000000e+00
3.245503181850712053e+02,2.052534246818149199e+02,5.000000000000000000e+01,1.388675000000000092e-06,0.000000000000000000e+00
3.249989573896679076e+02,2.052529760426103280e+02,5.000000000000000000e+01,1.376508999999999902e-06,0.000000000000000000e+00
3.253843614946542289e+02,2.052525906385053531e+02,5.000000000000000000e+01,1.313091999999999963e-06,0.000000000000000000e+00
3.258019960792005918e+02,2.052521730039208023e+02,5.000000000000000000e+01,1.282257000000000071e-06,0.000000000000000000e+00
3.262234449324456023e+02,2.052517515550675569e+02,5.000000000000000000e+01,1.307097000000000074e-06,0.000000000000000000e+00
3.266545718736988420e+02,2.052513204281262915e+02,5.000000000000000000e+01,1.312903000000000040e-06,0.000000000000000000e+00
3.270629723319815412e+02,2.052509120276680221e+02,5.000000000000000000e+01,1.355699999999999997e-06,0.000000000000000000e+00
3.274925141251624154e+02,2.052504824858748407e+02,5.000000000000000000e+01,1.552383999999999933e-06,0.000000000000000000e+00
3.279077820201966347e+02,2.052500672179798187e+02,5.000000000000000000e+01,1.441615000000000088e-06,0.000000000000000000e+00
3.283511098428181754e+02,2.052496238901571814e+02,5.000000000000000000e+01,1.398192000000000004e-06,0.000000000000000000e+00
3.287647414890622599e+02,2.052492102585109421e+02,5.000000000000000000e+01,1.402979000000000006e-06,0.000000000000000000e+00
3.291715727290076643e+02,2.052488034272709854e+02,5.000000000000000000e+01,1.373802999999999957e-06,0.000000000000000000e+00
3.296022497206801063e+02,2.052483727502793158e+02,5.000000000000000000e+01,1.345077000000000048e-06,0.000000000000000000e+00
3.300101892593636990e+02,2.052479648107406263e+02,5.000000000000000000e+01,1.390042999999999949e-06,0.000000000000000000e+00
3.304277359450791209e+02,2.052475472640549299e+02,5.000000000000000000e+01,1.478023000000000079e-06,0.000000000000000000e+00
3.308432768892305376e+02,2.052471317231107832e+02,5.000000000000000000e+01,1.457388999999999922e-06,0.000000000000000000e+00
3.312355761016241331e+02,2.052467394238983900e+02,5.000000000000000000e+01,1.473875999999999956e-06,0.000000000000000000e+00
3.316819350079916262e+02,2.052462930649920168e+02,5.000000000000000000e+01,1.449822000000000050e-06,0.000000000000000000e+00
3.320880645496292800e+02,2.052458869354503861e+02,5.000000000000000000e+01,1.470383999999999914e-06,0.000000000000000000e+00
3.325041700116892116e+02,2.052454708299883066e+02,5.000000000000000000e+01,1.490436000000000099e-06,0.000000000000000000e+00
3.329479594433694842e+02,2.052450270405566357e+02,5.000000000000000000e+01,1.459236999999999900e-06,0.000000000000000000e+00
3.333354482972858364e+02,2.052446395517027042e+02,5.000000000000000000e+01,1.465144999999999929e-06,0.000000000000000000e+00
3.337509915063482140e+02,2.052442240084936600e+02,5.000000000000000000e+01,1.362626999999999990e-06,0.000000000000000000e+00
3.341667827426344957e+02,2.052438082172573672e+02,5.000000000000000000e+01,1.316191999999999985e-06,0.000000000000000000e+00
3.345903494714926865e+02,2.052433846505284976e+02,5.000000000000000000e+01,1.315929999999999952e-06,0.000000000000000000e+00
3.350210195380711866e+02,2.052429539804619196e+02,5.000000000000000000e+01,1.447798999999999900e-06,0.000000000000000000e+00
3.354221139607337818e+02,2.052425528860392774e+02,5.000000000000000000e+01,1.384906000000000027e-06,0.000000000000000000e+00
3.358287293598748988e+02,2.052421462706401201e+02,5.000000000000000000e+01,1.499677000000000016e-06,0.000000000000000000e+00
3.362450901086508566e+02,2.052417299098913475e+02,5.000000000000000000e+01,1.462699999999999989e-06,0.000000000000000000e+00
3.366933425759202123e+02,2.052412816574240821e+02,5.000000000000000000e+01,1.451276999999999980e-06,0.000000000000000000e+00
3.370923349946324947e+02,2.052408826650053584e+02,5.000000000000000000e+01,1.371939999999999988e-06,0.000000000000000000e+00
3.375163276202290490e+02,2.052404586723797593e+02,5.000000000000000000e+01,1.335633000000000033e-06,0.000000000000000000e+00
3.379614617393378921e+02,2.052400135382606550e+02,5.000000000000000000e+01,1.442807999999999985e-06,0.000000000000000000e+00
3.383492374225356230e+02,2.052396257625774751e+02,5.000000000000000000e+01,1.339184000000000009e-06,0.000000000000000000e+00
3.387647849932408803e+02,2.052392102150067501e+02,5.000000000000000000e+01,1.384178000000000048e-06,0.000000000000000000e+00
3.391925406644691066e+02,2.052387824593355390e+02,5.000000000000000000e+01,1.435401000000000083e-06,0.000000000000000000e+00
3.396357868346095756e+02,2.052383392131654034e+02,5.000000000000000000e+01,1.387409000000000085e-06,0.000000000000000000e+00
3.400541220454545055e+02,2.052379208779545365e+02,5.000000000000000000e+01,1.444378999999999940e-06,0.000000000000000000e+00
3.404582719816789904e+02,2.052375167280183348e+02,5.000000000000000000e+01,1.402528000000000050e-06,0.000000000000000000e+00
3.408966835592546545e+02,2.052370783164407442e+02,5.000000000000000000e+01,1.395426999999999913e-06,0.000000000000000000e+00
3.413057577251365728e+02,2.052366692422748713e+02,5.000000000000000000e+01,1.342269000000000040e-06,0.000000000000000000e+00
3.417088638563466247e+02,2.052362661361436551e+02,5.000000000000000000e+01,1.549372000000000012e-06,0.000000000000000000e+00
3.421395339229251249e+02,2.052358354660770772e+02,5.000000000000000000e+01,1.487263999999999996e-06,0.000000000000000000e+00
3.425477144698662073e+02,2.052354272855301360e+02,5.000000000000000000e+01,1.427950000000000025e-06,0.000000000000000000e+00
3.429730613360163147e+02,2.052350019386639985e+02,5.000000000000000000e+01,1.611887000000000039e-06,0.000000000000000000e+00
3.433607941537890724e+02,2.052346142058462135e+02,5.000000000000000000e+01,1.551379999999999959e-06,0.000000000000000000e+00
3.437757858488615739e+02,2.052341992141511469e+02,5.000000000000000000e+01,1.533465999999999922e-06,0.000000000000000000e+00
3.442219506705789627e+02,2.052337530493294366e+02,5.000000000000000000e+01,1.549138999999999933e-06,0.000000000000000000e+00
3.446097236641221571e+02,2.052333652763358884e+02,5.000000000000000000e+01,1.603198999999999929e-06,0.000000000000000000e+00
3.450444358176483206e+02,2.052329305641823680e+02,5.000000000000000000e+01,1.591484999999999934e-06,0.000000000000000000e+00
3.454485712354969564e+02,2.052325264287645155e+02,5.000000000000000000e+01,1.607506000000000021e-06,0.000000000000000000e+00
3.458669181755724935e+02,2.052321080818244354e+02,5.000000000000000000e+01,1.578212999999999919e-06,0.000000000000000000e+00
3.462954534715190675e+02,2.052316795465284827e+02,5.000000000000000000e+01,1.575273999999999895e-06,0.000000000000000000e+00
3.467180966454131408e+02,2.052312569033545913e+02,5.000000000000000000e+01,1.586057000000000026e-06,0.000000000000000000e+00
3.471258176573920196e+02,2.052308491823426095e+02,5.000000000000000000e+01,1.545733999999999963e-06,0.000000000000000000e+00
3.475569425291145649e+02,2.052304180574708994e+02,5.000000000000000000e+01,1.521300999999999972e-06,0.000000000000000000e+00
3.479845822370652968e+02,2.052299904177629344e+02,5.000000000000000000e+01,1.554944999999999899e-06,0.000000000000000000e+00
3.484101226613230438e+02,2.052295648773386745e+02,5.000000000000000000e+01,1.499850999999999948e-06,0.000000000000000000e+00
3.488266922749945707e+02,2.052291483077250120e+02,5.000000000000000000e+01,1.502266999999999935e-06,0.000000000000000000e+00
3.492333582385076056e+02,2.052287416417615020e+02,5.000000000000000000e+01,1.434324000000000000e-06,0.000000000000000000e+00
3.496657740495760436e+02,2.052283092259504258e+02,5.000000000000000000e+01,1.449385000000000058e-06,0.000000000000000000e+00
3.500886186068702273e+02,2.052278863813931196e+02,5.000000000000000000e+01,1.561230999999999986e-06,0.000000000000000000e+00
3.505046193415744824e+02,2.052274703806584171e+02,5.000000000000000000e+01,1.433639999999999965e-06,0.000000000000000000e+00
3.509209220261351447e+02,2.052270540779738610e+02,5.000000000000000000e+01,1.473687000000000033e-06,0.000000000000000000e+00
3.513083491803192260e+02,2.052266666508196806e+02,5.000000000000000000e+01,1.610577000000000089e-06,0.000000000000000000e+00
3.517289172145474936e+02,2.052262460827854511e+02,5.000000000000000000e+01,1.468389999999999929e-06,0.000000000000000000e+00
3.521465014985190010e+02,2.052258284985014711e+02,5.000000000000000000e+01,1.316279000000000057e-06,0.000000000000000000e+00
3.525679952306390987e+02,2.052254070047693517e+02,5.000000000000000000e+01,1.096268999999999981e-06,0.000000000000000000e+00
3.529983818989556426e+02,2.052249766181010386e+02,5.000000000000000000e+01,1.120409999999999959e-06,0.000000000000000000e+00
3.534066184415866019e+02,2.052245683815584130e+02,5.000000000000000000e+01,1.140185999999999937e-06,0.000000000000000000e+00
3.538014140048240961e+02,2.052241735859951746e+02,5.000000000000000000e+01,1.232998000000000040e-06,0.000000000000000000e+00
3.542447599675572292e+02,2.052237302400324381e+02,5.000000000000000000e+01,1.449734999999999978e-06,0.000000000000000000e+00
3.546432553919557336e+02,2.052233317446080605e+02,5.000000000000000000e+01,1.606574999999999945e-06,0.000000000000000000e+00
3.550675010968773222e+02,2.052229074989031119e+02,5.000000000000000000e+01,1.530235999999999912e-06,0.000000000000000000e+00
3.555149951569039786e+02,2.052224600048431000e+02,5.000000000000000000e+01,1.562511999999999983e-06,0.000000000000000000e+00
3.559004392539902710e+02,2.052220745607460231e+02,5.000000000000000000e+01,1.588138000000000083e-06,0.000000000000000000e+00
3.563210816274816466e+02,2.052216539183725104e+02,5.000000000000000000e+01,1.542589999999999998e-06,0.000000000000000000e+00
3.567193466695823076e+02,2.052212556533304166e+02,5.000000000000000000e+01,1.508756999999999936e-06,0.000000000000000000e+00
3.571476902361692396e+02,2.052208273097638198e+02,5.000000000000000000e+01,1.562816999999999931e-06,0.000000000000000000e+00
3.575785931270195874e+02,2.052203964068729931e+02,5.000000000000000000e+01,1.609412999999999934e-06,0.000000000000000000e+00
3.580087044942748093e+02,2.052199662955057136e+02,5.000000000000000000e+01,1.607171999999999907e-06,0.000000000000000000e+00
3.583993726893919529e+02,2.052195756273106042e+02,5.000000000000000000e+01,1.541281000000000075e-06,0.000000000000000000e+00
3.588146449895300520e+02,2.052191603550104730e+02,5.000000000000000000e+01,1.624109999999999897e-06,0.000000000000000000e+00
3.592576931364804977e+02,2.052187173068635104e+02,5.000000000000000000e+01,1.636989000000000074e-06,0.000000000000000000e+00
3.596867383900068944e+02,2.052182882616099846e+02,5.000000000000000000e+01,1.624618999999999971e-06,0.000000000000000000e+00
3.601174125063433848e+02,2.052178575874936541e+02,5.000000000000000000e+01,1.656575000000000102e-06,0.000000000000000000e+00
3.605251328264404833e+02,2.052174498671735705e+02,5.000000000000000000e+01,1.729873000000000048e-06,0.000000000000000000e+00
3.609465435555437693e+02,2.052170284564444671e+02,5.000000000000000000e+01,1.710620999999999923e-06,0.000000000000000000e+00
3.613615352506162139e+02,2.052166134647493720e+02,5.000000000000000000e+01,1.733293000000000008e-06,0.000000000000000000e+00
3.617492697819216119e+02,2.052162257302180706e+02,5.000000000000000000e+01,1.733205999999999936e-06,0.000000000000000000e+00
3.621978672029389941e+02,2.052157771327970579e+02,5.000000000000000000e+01,1.702749000000000102e-06,0.000000000000000000e+00
3.626015497779457064e+02,2.052153734502220459e+02,5.000000000000000000e+01,1.705601000000000054e-06,0.000000000000000000e+00
3.630208526367518402e+02,2.052149541473632439e+02,5.000000000000000000e+01,1.778781999999999947e-06,0.000000000000000000e+00
3.634443453651088589e+02,2.052145306546348991e+02,5.000000000000000000e+01,1.587220999999999969e-06,0.000000000000000000e+00
3.638256458451506887e+02,2.052141493541548414e+02,5.000000000000000000e+01,1.448031999999999979e-06,0.000000000000000000e+00
3.642689658060754141e+02,2.052137060341939332e+02,5.000000000000000000e+01,1.272186999999999929e-06,0.000000000000000000e+00
3.646800597829112007e+02,2.052132949402170823e+02,5.000000000000000000e+01,1.722480999999999924e-06,0.000000000000000000e+00
3.650898138034351064e+02,2.052128851861965586e+02,5.000000000000000000e+01,1.820575999999999957e-06,0.000000000000000000e+00
3.655348211125328248e+02,2.052124401788874763e+02,5.000000000000000000e+01,1.789056000000000003e-06,0.000000000000000000e+00
3.659200410695929691e+02,2.052120549589304233e+02,5.000000000000000000e+01,1.824446000000000057e-06,0.000000000000000000e+00
3.663453200943620800e+02,2.052116296799056272e+02,5.000000000000000000e+01,1.770546000000000031e-06,0.000000000000000000e+00
3.667605831006972039e+02,2.052112144168993098e+02,5.000000000000000000e+01,1.820095000000000020e-06,0.000000000000000000e+00
3.671895658607676864e+02,2.052107854341392397e+02,5.000000000000000000e+01,1.807683000000000028e-06,0.000000000000000000e+00
3.676322672124812243e+02,2.052103427327875238e+02,5.000000000000000000e+01,1.787761000000000043e-06,0.000000000000000000e+00
3.680310087480916081e+02,2.052099439912519188e+02,5.000000000000000000e+01,1.743843000000000060e-06,0.000000000000000000e+00
3.684547463956678257e+02,2.052095202536043246e+02,5.000000000000000000e+01,1.739972999999999959e-06,0.000000000000000000e+00
3.688933221067140948e+02,2.052090816778932947e+02,5.000000000000000000e+01,1.739041000000000067e-06,0.000000000000000000e+00
3.693024775704947729e+02,2.052086725224295094e+02,5.000000000000000000e+01,1.795968000000000005e-06,0.000000000000000000e+00
3.697058861876776064e+02,2.052082691138123209e+02,5.000000000000000000e+01,1.768319999999999995e-06,0.000000000000000000e+00
3.701365616759558748e+02,2.052078384383240461e+02,5.000000000000000000e+01,1.779452000000000018e-06,0.000000000000000000e+00
3.705442819960529732e+02,2.052074307180039625e+02,5.000000000000000000e+01,1.824752000000000033e-06,0.000000000000000000e+00
3.709699423791348636e+02,2.052070050576208757e+02,5.000000000000000000e+01,1.769483999999999938e-06,0.000000000000000000e+00
3.713716957351081760e+02,2.052066033042648883e+02,5.000000000000000000e+01,1.735446999999999962e-06,0.000000000000000000e+00
3.717732642196776851e+02,2.052062017357803256e+02,5.000000000000000000e+01,1.785999999999999926e-06,0.000000000000000000e+00
3.722196810420343809e+02,2.052057553189579551e+02,5.000000000000000000e+01,1.799081999999999989e-06,0.000000000000000000e+00
3.726195150857801650e+02,2.052053554849142358e+02,5.000000000000000000e+01,1.719919999999999959e-06,0.000000000000000000e+00
3.730421619542917142e+02,2.052049328380457212e+02,5.000000000000000000e+01,1.763793999999999998e-06,0.000000000000000000e+00
3.734656596407356801e+02,2.052045093403592659e+02,5.000000000000000000e+01,1.949636000000000081e-06,0.000000000000000000e+00
3.738767238602503085e+02,2.052040982761397458e+02,5.000000000000000000e+01,1.902735999999999946e-06,0.000000000000000000e+00
3.742923765833488119e+02,2.052036826234166540e+02,5.000000000000000000e+01,1.806619999999999908e-06,0.000000000000000000e+00
3.747155697987508916e+02,2.052032594302012569e+02,5.000000000000000000e+01,1.560911000000000047e-06,0.000000000000000000e+00
3.751235221964391258e+02,2.052028514778035628e+02,5.000000000000000000e+01,1.047315999999999927e-06,0.000000000000000000e+00
3.755539702821452579e+02,2.052024210297178684e+02,5.000000000000000000e+01,1.685417000000000037e-06,0.000000000000000000e+00
3.759815115667823875e+02,2.052019934884332315e+02,5.000000000000000000e+01,1.800246999999999960e-06,0.000000000000000000e+00
3.763692774618319845e+02,2.052016057225381758e+02,5.000000000000000000e+01,1.778505999999999951e-06,0.000000000000000000e+00
3.767842656919448245e+02,2.052011907343080566e+02,5.000000000000000000e+01,1.776526999999999957e-06,0.000000000000000000e+00
3.772295825091247252e+02,2.052007454174908787e+02,5.000000000000000000e+01,1.692300000000000086e-06,0.000000000000000000e+00
3.776168889312976944e+02,2.052003581110687094e+02,5.000000000000000000e+01,1.534004999999999978e-06,0.000000000000000000e+00
3.780528180863092871e+02,2.051999221819137063e+02,5.000000000000000000e+01,1.348293000000000094e-06,0.000000000000000000e+00
3.785014195918544146e+02,2.051994735804081529e+02,5.000000000000000000e+01,1.006731000000000043e-06,0.000000000000000000e+00
3.789175605735945283e+02,2.051990574394264115e+02,5.000000000000000000e+01,7.812049999999999599e-07,0.000000000000000000e+00
3.793245386167903348e+02,2.051986504613832096e+02,5.000000000000000000e+01,4.028261000000000022e-07,0.000000000000000000e+00
3.797261723701503229e+02,2.051982488276298398e+02,5.000000000000000000e+01,1.213775000000000028e-07,0.000000000000000000e+00
3.801570752610007276e+02,2.051978179247390131e+02,5.000000000000000000e+01,1.269508999999999910e-07,0.000000000000000000e+00
3.805965200696580837e+02,2.051973784799303360e+02,5.000000000000000000e+01,1.438457000000000001e-07,0.000000000000000000e+00
3.809959204528204282e+02,2.051969790795471908e+02,5.000000000000000000e+01,8.896312999999999572e-07,0.000000000000000000e+00
3.814190092485328591e+02,2.051965559907514773e+02,5.000000000000000000e+01,1.513384999999999995e-06,0.000000000000000000e+00
3.818345472519084183e+02,2.051961404527480965e+02,5.000000000000000000e+01,1.721491999999999941e-06,0.000000000000000000e+00
3.822419906505403446e+02,2.051957330093494534e+02,5.000000000000000000e+01,1.778695000000000086e-06,0.000000000000000000e+00
3.826736216798594796e+02,2.051953013783201527e+02,5.000000000000000000e+01,1.657666999999999963e-06,0.000000000000000000e+00
3.830644757976097026e+02,2.051949105242023847e+02,5.000000000000000000e+01,1.622930999999999963e-06,0.000000000000000000e+00
3.835122397345477907e+02,2.051944627602654521e+02,5.000000000000000000e+01,1.690859999999999935e-06,0.000000000000000000e+00
3.839124618278107732e+02,2.051940625381722043e+02,5.000000000000000000e+01,1.700522000000000039e-06,0.000000000000000000e+00
3.843180047393113909e+02,2.051936569952606817e+02,5.000000000000000000e+01,1.648615999999999997e-06,0.000000000000000000e+00
3.847367651318529056e+02,2.051932382348681472e+02,5.000000000000000000e+01,1.596214000000000029e-06,0.000000000000000000e+00
3.851449431134244037e+02,2.051928300568865779e+02,5.000000000000000000e+01,1.721607999999999967e-06,0.000000000000000000e+00
3.855753934774783147e+02,2.051923996065225140e+02,5.000000000000000000e+01,1.685286000000000020e-06,0.000000000000000000e+00
3.860057666906545819e+02,2.051919692333093508e+02,5.000000000000000000e+01,1.686057999999999943e-06,0.000000000000000000e+00
3.863954580284677149e+02,2.051915795419715209e+02,5.000000000000000000e+01,1.640074000000000105e-06,0.000000000000000000e+00
3.868386478295619781e+02,2.051911363521704459e+02,5.000000000000000000e+01,1.606619000000000101e-06,0.000000000000000000e+00
3.872540536386769077e+02,2.051907209463613242e+02,5.000000000000000000e+01,1.634879000000000064e-06,0.000000000000000000e+00
3.876839907421384055e+02,2.051902910092578622e+02,5.000000000000000000e+01,1.559877999999999908e-06,0.000000000000000000e+00
3.880917124937649874e+02,2.051898832875062340e+02,5.000000000000000000e+01,1.469189999999999989e-06,0.000000000000000000e+00
3.885223874965302002e+02,2.051894526125034588e+02,5.000000000000000000e+01,1.492502999999999981e-06,0.000000000000000000e+00
3.889423482895539337e+02,2.051890326517104484e+02,5.000000000000000000e+01,1.476350000000000061e-06,0.000000000000000000e+00
3.893610057712911043e+02,2.051886139942287173e+02,5.000000000000000000e+01,1.537714999999999896e-06,0.000000000000000000e+00
3.897734500575184597e+02,2.051882015499424767e+02,5.000000000000000000e+01,1.523760000000000087e-06,0.000000000000000000e+00
3.901998574722414901e+02,2.051877751425277552e+02,5.000000000000000000e+01,1.575623000000000000e-06,0.000000000000000000e+00
3.905935841790118843e+02,2.051873814158209939e+02,5.000000000000000000e+01,1.510022999999999942e-06,0.000000000000000000e+00
3.910387069983300989e+02,2.051869362930016791e+02,5.000000000000000000e+01,1.534063000000000096e-06,0.000000000000000000e+00
3.914410653645037996e+02,2.051865339346354915e+02,5.000000000000000000e+01,1.527688999999999910e-06,0.000000000000000000e+00
3.918500695332255077e+02,2.051861249304667751e+02,5.000000000000000000e+01,1.515246999999999936e-06,0.000000000000000000e+00
3.922650612282980092e+02,2.051857099387717085e+02,5.000000000000000000e+01,1.529638999999999950e-06,0.000000000000000000e+00
3.926769147446473767e+02,2.051852980852553685e+02,5.000000000000000000e+01,1.542008000000000026e-06,0.000000000000000000e+00
3.931013953581575038e+02,2.051848736046418367e+02,5.000000000000000000e+01,1.525258999999999960e-06,0.000000000000000000e+00
3.935296072633295239e+02,2.051844453927366771e+02,5.000000000000000000e+01,1.436230000000000096e-06,0.000000000000000000e+00
3.939275294489356725e+02,2.051840474705510644e+02,5.000000000000000000e+01,1.427121000000000011e-06,0.000000000000000000e+00
3.943582660241423810e+02,2.051836167339758674e+02,5.000000000000000000e+01,1.335298000000000103e-06,0.000000000000000000e+00
3.947790965851965552e+02,2.051831959034147985e+02,5.000000000000000000e+01,1.431326000000000041e-06,0.000000000000000000e+00
3.951807485884682478e+02,2.051827942514115364e+02,5.000000000000000000e+01,1.414082000000000076e-06,0.000000000000000000e+00
3.956177172432338125e+02,2.051823572827567546e+02,5.000000000000000000e+01,1.407358999999999996e-06,0.000000000000000000e+00
3.960032337355376058e+02,2.051819717662644678e+02,5.000000000000000000e+01,1.368942000000000030e-06,0.000000000000000000e+00
3.964466411959604102e+02,2.051815283588040302e+02,5.000000000000000000e+01,1.385370999999999945e-06,0.000000000000000000e+00
3.968621887666657813e+02,2.051811128112333336e+02,5.000000000000000000e+01,1.410735000000000013e-06,0.000000000000000000e+00
3.972497599157107970e+02,2.051807252400842856e+02,5.000000000000000000e+01,1.431078999999999999e-06,0.000000000000000000e+00
3.976804120685317798e+02,2.051802945879314564e+02,5.000000000000000000e+01,1.458217999999999936e-06,0.000000000000000000e+00
3.981224483809251069e+02,2.051798525516190637e+02,5.000000000000000000e+01,1.485633999999999895e-06,0.000000000000000000e+00
3.985464354321429141e+02,2.051794285645678713e+02,5.000000000000000000e+01,1.441439999999999916e-06,0.000000000000000000e+00
3.989503890629134162e+02,2.051790246109370912e+02,5.000000000000000000e+01,1.446328999999999980e-06,0.000000000000000000e+00
3.993824122649560877e+02,2.051785925877350394e+02,5.000000000000000000e+01,1.595909000000000080e-06,0.000000000000000000e+00
3.997976806340118969e+02,2.051781773193660001e+02,5.000000000000000000e+01,1.623572000000000081e-06,0.000000000000000000e+00
4.002199145122532968e+02,2.051777550854877461e+02,5.000000000000000000e+01,1.616630000000000097e-06,0.000000000000000000e+00
4.006384580863964970e+02,2.051773365419136042e+02,5.000000000000000000e+01,1.585648999999999987e-06,0.000000000000000000e+00
4.010619716848220833e+02,2.051769130283151696e+02,5.000000000000000000e+01,1.561755000000000051e-06,0.000000000000000000e+00
4.015011198839035274e+02,2.051764738801161059e+02,5.000000000000000000e+01,1.532854999999999997e-06,0.000000000000000000e+00
4.018887063694436961e+02,2.051760862936305614e+02,5.000000000000000000e+01,1.548032999999999896e-06,0.000000000000000000e+00
4.023039745716708921e+02,2.051756710254283291e+02,5.000000000000000000e+01,1.545631999999999900e-06,0.000000000000000000e+00
4.027060997590553484e+02,2.051752689002409511e+02,5.000000000000000000e+01,1.595370000000000024e-06,0.000000000000000000e+00
4.031463141601660141e+02,2.051748286858398274e+02,5.000000000000000000e+01,1.578417000000000045e-06,0.000000000000000000e+00
4.035409548853853039e+02,2.051744340451146229e+02,5.000000000000000000e+01,1.620369999999999997e-06,0.000000000000000000e+00
4.039653258451505735e+02,2.051740096741548598e+02,5.000000000000000000e+01,1.679959999999999963e-06,0.000000000000000000e+00
4.044083739921011329e+02,2.051735666260078972e+02,5.000000000000000000e+01,1.700347999999999894e-06,0.000000000000000000e+00
4.047915276431297116e+02,2.051731834723568682e+02,5.000000000000000000e+01,1.713241000000000035e-06,0.000000000000000000e+00
4.052150205276969359e+02,2.051727599794723176e+02,5.000000000000000000e+01,1.708612999999999975e-06,0.000000000000000000e+00
4.056364701492951781e+02,2.051723385298507196e+02,5.000000000000000000e+01,1.734777000000000103e-06,0.000000000000000000e+00
4.060568232859125715e+02,2.051719181767140867e+02,5.000000000000000000e+01,1.679537999999999961e-06,0.000000000000000000e+00
4.064847217515771263e+02,2.051714902782484273e+02,5.000000000000000000e+01,1.773994999999999945e-06,0.000000000000000000e+00
4.069002697272510432e+02,2.051710747302727498e+02,5.000000000000000000e+01,1.765875000000000055e-06,0.000000000000000000e+00
4.073265780225976869e+02,2.051706484219774040e+02,5.000000000000000000e+01,1.798165999999999904e-06,0.000000000000000000e+00
4.077120253822297968e+02,2.051702629746177706e+02,5.000000000000000000e+01,1.831721999999999943e-06,0.000000000000000000e+00
4.081574656208401848e+02,2.051698175343791490e+02,5.000000000000000000e+01,1.839492999999999940e-06,0.000000000000000000e+00
4.085965535078398148e+02,2.051693784464921748e+02,5.000000000000000000e+01,1.809778000000000048e-06,0.000000000000000000e+00
4.089817784914336016e+02,2.051689932215085719e+02,5.000000000000000000e+01,1.869033000000000084e-06,0.000000000000000000e+00
4.094210511938084096e+02,2.051685539488061920e+02,5.000000000000000000e+01,1.912354000000000105e-06,0.000000000000000000e+00
4.098365966718795335e+02,2.051681384033281290e+02,5.000000000000000000e+01,1.846609000000000068e-06,0.000000000000000000e+00
4.102744821374509456e+02,2.051677005178625564e+02,5.000000000000000000e+01,1.846826999999999945e-06,0.000000000000000000e+00
4.106594712335183885e+02,2.051673155287664940e+02,5.000000000000000000e+01,1.838736000000000008e-06,0.000000000000000000e+00
4.110991618149720921e+02,2.051668758381850353e+02,5.000000000000000000e+01,1.816878999999999973e-06,0.000000000000000000e+00
4.114980979028865136e+02,2.051664769020971164e+02,5.000000000000000000e+01,1.919223000000000191e-06,0.000000000000000000e+00
4.119129405173876535e+02,2.051660620594826128e+02,5.000000000000000000e+01,1.859690999999999920e-06,0.000000000000000000e+00
4.123367156921341916e+02,2.051656382843078745e+02,5.000000000000000000e+01,1.869092000000000019e-06,0.000000000000000000e+00
4.127219404623725723e+02,2.051652530595376334e+02,5.000000000000000000e+01,1.898777999999999958e-06,0.000000000000000000e+00
4.131678785791645510e+02,2.051648071214208358e+02,5.000000000000000000e+01,1.905879000000000095e-06,0.000000000000000000e+00
4.135668694026717276e+02,2.051644081305973373e+02,5.000000000000000000e+01,1.918161000000000099e-06,0.000000000000000000e+00
4.139908637950284174e+02,2.051639841362049879e+02,5.000000000000000000e+01,1.939363000000000053e-06,0.000000000000000000e+00
4.144328903967979727e+02,2.051635421096032132e+02,5.000000000000000000e+01,1.948792000000000077e-06,0.000000000000000000e+00
4.148203844109306146e+02,2.051631546155890646e+02,5.000000000000000000e+01,1.990498000000000199e-06,0.000000000000000000e+00
4.152384872400779727e+02,2.051627365127599205e+02,5.000000000000000000e+01,1.972307999999999955e-06,0.000000000000000000e+00
4.156693903806033177e+02,2.051623056096194091e+02,5.000000000000000000e+01,1.939698000000000194e-06,0.000000000000000000e+00
4.160777912213740706e+02,2.051618972087786403e+02,5.000000000000000000e+01,1.969805000000000108e-06,0.000000000000000000e+00
4.165086903775671772e+02,2.051614663096224263e+02,5.000000000000000000e+01,1.939085999999999818e-06,0.000000000000000000e+00
4.169083054878572625e+02,2.051610666945121579e+02,5.000000000000000000e+01,1.980763000000000199e-06,0.000000000000000000e+00
4.173136652523324983e+02,2.051606613347476582e+02,5.000000000000000000e+01,2.032261999999999805e-06,0.000000000000000000e+00
4.177560375982251344e+02,2.051602189624017853e+02,5.000000000000000000e+01,2.045650000000000057e-06,0.000000000000000000e+00
4.181800306133255845e+02,2.051597949693866667e+02,5.000000000000000000e+01,2.041110000000000097e-06,0.000000000000000000e+00
4.186175218980287127e+02,2.051593574781019811e+02,5.000000000000000000e+01,2.031913000000000124e-06,0.000000000000000000e+00
4.190252373437431856e+02,2.051589497626562490e+02,5.000000000000000000e+01,2.001252000000000164e-06,0.000000000000000000e+00
4.194461213815039287e+02,2.051585288786185117e+02,5.000000000000000000e+01,2.011686000000000190e-06,0.000000000000000000e+00
4.198616689522092997e+02,2.051581133310477867e+02,5.000000000000000000e+01,1.978537000000000163e-06,0.000000000000000000e+00
4.203047156488548808e+02,2.051576702843511555e+02,5.000000000000000000e+01,1.919033999999999845e-06,0.000000000000000000e+00
4.207064430288451717e+02,2.051572685569711609e+02,5.000000000000000000e+01,1.831373000000000050e-06,0.000000000000000000e+00
4.211214771964311012e+02,2.051568535228035728e+02,5.000000000000000000e+01,1.913359000000000107e-06,0.000000000000000000e+00
4.215585183794529485e+02,2.051564164816205391e+02,5.000000000000000000e+01,2.071129999999999938e-06,0.000000000000000000e+00
4.219437093022257272e+02,2.051560312906977686e+02,5.000000000000000000e+01,2.040687999999999883e-06,0.000000000000000000e+00
4.223805027614175742e+02,2.051555944972385817e+02,5.000000000000000000e+01,2.042317999999999984e-06,0.000000000000000000e+00
4.227682718180612937e+02,2.051552067281819518e+02,5.000000000000000000e+01,2.100845000000000043e-06,0.000000000000000000e+00
4.231958524881264907e+02,2.051547791475118743e+02,5.000000000000000000e+01,2.117332999999999892e-06,0.000000000000000000e+00
4.236040276133676912e+02,2.051543709723866300e+02,5.000000000000000000e+01,2.080443999999999965e-06,0.000000000000000000e+00
4.240349305042180958e+02,2.051539400694957749e+02,5.000000000000000000e+01,2.112429000000000049e-06,0.000000000000000000e+00
4.244579571649704235e+02,2.051535170428350341e+02,5.000000000000000000e+01,2.084459999999999860e-06,0.000000000000000000e+00
4.248454471694012113e+02,2.051531295528305918e+02,5.000000000000000000e+01,2.132844999999999906e-06,0.000000000000000000e+00
4.252610013666604800e+02,2.051527139986333452e+02,5.000000000000000000e+01,2.028871999999999826e-06,0.000000000000000000e+00
4.257088948152388639e+02,2.051522661051847649e+02,5.000000000000000000e+01,2.076966000000000097e-06,0.000000000000000000e+00
4.261073809833250152e+02,2.051518676190166843e+02,5.000000000000000000e+01,2.109910999999999999e-06,0.000000000000000000e+00
4.265313739984255221e+02,2.051514436260015657e+02,5.000000000000000000e+01,2.154308999999999892e-06,0.000000000000000000e+00
4.269779082376017527e+02,2.051509970917624059e+02,5.000000000000000000e+01,2.025858999999999877e-06,0.000000000000000000e+00
4.273788568519490241e+02,2.051505961431480500e+02,5.000000000000000000e+01,1.998909000000000075e-06,0.000000000000000000e+00
4.277803910515016241e+02,2.051501946089485102e+02,5.000000000000000000e+01,2.099419000000000067e-06,0.000000000000000000e+00
4.282057681767907411e+02,2.051497692318231998e+02,5.000000000000000000e+01,2.030851000000000031e-06,0.000000000000000000e+00
4.286498346393129850e+02,2.051493251653606933e+02,5.000000000000000000e+01,2.058411999999999970e-06,0.000000000000000000e+00
4.290485745251555727e+02,2.051489264254748548e+02,5.000000000000000000e+01,2.058411999999999970e-06,0.000000000000000000e+00
4.294723227005105173e+02,2.051485026772994900e+02,5.000000000000000000e+01,2.007581999999999984e-06,0.000000000000000000e+00
4.299128498096803810e+02,2.051480621501903272e+02,5.000000000000000000e+01,2.025074000000000019e-06,0.000000000000000000e+00
4.302958031174408120e+02,2.051476791968825637e+02,5.000000000000000000e+01,2.023763999999999857e-06,0.000000000000000000e+00
4.307195407519084256e+02,2.051472554592481004e+02,5.000000000000000000e+01,2.004613999999999795e-06,0.000000000000000000e+00
4.311534448890719773e+02,2.051468215551109324e+02,5.000000000000000000e+01,1.989043000000000058e-06,0.000000000000000000e+00
4.315613885213620051e+02,2.051464136114786356e+02,5.000000000000000000e+01,2.056199999999999897e-06,0.000000000000000000e+00
4.319905833466748959e+02,2.051459844166533344e+02,5.000000000000000000e+01,2.019573000000000001e-06,0.000000000000000000e+00
4.323783524033185586e+02,2.051455966475966761e+02,5.000000000000000000e+01,1.883701999999999909e-06,0.000000000000000000e+00
4.327938933474699752e+02,2.051451811066525295e+02,5.000000000000000000e+01,1.966109000000000152e-06,0.000000000000000000e+00
4.332384975195020047e+02,2.051447365024804981e+02,5.000000000000000000e+01,1.928986999999999934e-06,0.000000000000000000e+00
4.336247686009845665e+02,2.051443502313990166e+02,5.000000000000000000e+01,1.922423999999999824e-06,0.000000000000000000e+00
4.340607370381678720e+02,2.051439142629618289e+02,5.000000000000000000e+01,1.953201999999999837e-06,0.000000000000000000e+00
4.344633863902321878e+02,2.051435116136097747e+02,5.000000000000000000e+01,1.945037999999999791e-06,0.000000000000000000e+00
4.348834678136406069e+02,2.051430915321863608e+02,5.000000000000000000e+01,1.945140000000000065e-06,0.000000000000000000e+00
4.353135626549329231e+02,2.051426614373450832e+02,5.000000000000000000e+01,1.963184000000000091e-06,0.000000000000000000e+00
4.357326850894580730e+02,2.051422423149105327e+02,5.000000000000000000e+01,1.993771999999999941e-06,0.000000000000000000e+00
4.361408602146992735e+02,2.051418341397853169e+02,5.000000000000000000e+01,2.042681000000000052e-06,0.000000000000000000e+00
4.365715357029775987e+02,2.051414034642970137e+02,5.000000000000000000e+01,2.056461999999999929e-06,0.000000000000000000e+00
4.369771761564885537e+02,2.051409978238435201e+02,5.000000000000000000e+01,2.055079999999999897e-06,0.000000000000000000e+00
4.373901907883157492e+02,2.051405848092116742e+02,5.000000000000000000e+01,2.142464000000000093e-06,0.000000000000000000e+00
4.378292697617973204e+02,2.051401457302382028e+02,5.000000000000000000e+01,2.064218000000000147e-06,0.000000000000000000e+00
4.382378166718722809e+02,2.051397371833281227e+02,5.000000000000000000e+01,2.125452999999999994e-06,0.000000000000000000e+00
4.386457694053351020e+02,2.051393292305946545e+02,5.000000000000000000e+01,2.061555000000000119e-06,0.000000000000000000e+00
4.390766728938236838e+02,2.051388983271061761e+02,5.000000000000000000e+01,2.091052000000000135e-06,0.000000000000000000e+00
4.395083292464037754e+02,2.051384666707535871e+02,5.000000000000000000e+01,2.005733999999999794e-06,0.000000000000000000e+00
4.399525808275240024e+02,2.051380224191724722e+02,5.000000000000000000e+01,2.060870999999999873e-06,0.000000000000000000e+00
4.403464226392834462e+02,2.051376285773607151e+02,5.000000000000000000e+01,2.054483000000000147e-06,0.000000000000000000e+00
4.407553415792403939e+02,2.051372196584207757e+02,5.000000000000000000e+01,2.070373999999999822e-06,0.000000000000000000e+00
4.411850458502309493e+02,2.051367899541497763e+02,5.000000000000000000e+01,2.113811000000000081e-06,0.000000000000000000e+00
4.416060777019263810e+02,2.051363689222980895e+02,5.000000000000000000e+01,2.066750000000000160e-06,0.000000000000000000e+00
4.420236636394786274e+02,2.051359513363605345e+02,5.000000000000000000e+01,2.055850999999999792e-06,0.000000000000000000e+00
4.424441919983036655e+02,2.051355308080017039e+02,5.000000000000000000e+01,2.063257999999999906e-06,0.000000000000000000e+00
4.428316897436848762e+02,2.051351433102563249e+02,5.000000000000000000e+01,2.013883000000000061e-06,0.000000000000000000e+00
4.432475122291860998e+02,2.051347274877708173e+02,5.000000000000000000e+01,2.097004000000000108e-06,0.000000000000000000e+00
4.436556819327275321e+02,2.051343193180672699e+02,5.000000000000000000e+01,2.043205000000000117e-06,0.000000000000000000e+00
4.440865848235778799e+02,2.051338884151764148e+02,5.000000000000000000e+01,2.078974000000000045e-06,0.000000000000000000e+00
4.445156134719599095e+02,2.051334593865280453e+02,5.000000000000000000e+01,2.017434000000000038e-06,0.000000000000000000e+00
4.449085871572083875e+02,2.051330664128427941e+02,5.000000000000000000e+01,1.986191000000000107e-06,0.000000000000000000e+00
4.453244126657301649e+02,2.051326505873342683e+02,5.000000000000000000e+01,2.027169000000000038e-06,0.000000000000000000e+00
4.457645134531890108e+02,2.051322104865468248e+02,5.000000000000000000e+01,1.893917000000000031e-06,0.000000000000000000e+00
4.461647031793892779e+02,2.051318102968206176e+02,5.000000000000000000e+01,1.984896000000000147e-06,0.000000000000000000e+00
4.465881959769072864e+02,2.051313868040230943e+02,5.000000000000000000e+01,2.074346000000000197e-06,0.000000000000000000e+00
4.470309944170327867e+02,2.051309440055829612e+02,5.000000000000000000e+01,2.089175000000000203e-06,0.000000000000000000e+00
4.474293684033078193e+02,2.051305456315967035e+02,5.000000000000000000e+01,2.048065999999999832e-06,0.000000000000000000e+00
4.478601755465433030e+02,2.051301148244534716e+02,5.000000000000000000e+01,2.009430000000000173e-06,0.000000000000000000e+00
4.482599057969093224e+02,2.051297150942031067e+02,5.000000000000000000e+01,1.992476999999999982e-06,0.000000000000000000e+00
4.486887842862719822e+02,2.051292862157137336e+02,5.000000000000000000e+01,1.834413999999999925e-06,0.000000000000000000e+00
4.491313987041367000e+02,2.051288436012958698e+02,5.000000000000000000e+01,1.881315000000000088e-06,0.000000000000000000e+00
4.495303939521458005e+02,2.051284446060478501e+02,5.000000000000000000e+01,1.921682000000000095e-06,0.000000000000000000e+00
4.499538866805028761e+02,2.051280211133195053e+02,5.000000000000000000e+01,1.951310000000000127e-06,0.000000000000000000e+00
4.503918072307039893e+02,2.051275831927692934e+02,5.000000000000000000e+01,1.854409000000000019e-06,0.000000000000000000e+00
4.507766166420153695e+02,2.051271983833579782e+02,5.000000000000000000e+01,1.909008000000000070e-06,0.000000000000000000e+00
4.512006149860445134e+02,2.051267743850139595e+02,5.000000000000000000e+01,1.868290999999999931e-06,0.000000000000000000e+00
4.516244624093512243e+02,2.051263505375906391e+02,5.000000000000000000e+01,1.801104999999999927e-06,0.000000000000000000e+00
4.520439498219513439e+02,2.051259310501780533e+02,5.000000000000000000e+01,1.754568000000000071e-06,0.000000000000000000e+00
4.524695422164497245e+02,2.051255054577835608e+02,5.000000000000000000e+01,1.728403999999999944e-06,0.000000000000000000e+00
4.528573178996475121e+02,2.051251176821003526e+02,5.000000000000000000e+01,1.702006999999999949e-06,0.000000000000000000e+00
4.532731367816153352e+02,2.051247018632183767e+02,5.000000000000000000e+01,1.694978000000000105e-06,0.000000000000000000e+00
4.536996054910976000e+02,2.051242753945089135e+02,5.000000000000000000e+01,1.658613000000000030e-06,0.000000000000000000e+00
4.541075501244849875e+02,2.051238674498755188e+02,5.000000000000000000e+01,1.572246999999999983e-06,0.000000000000000000e+00
4.545417955561916870e+02,2.051234332044438133e+02,5.000000000000000000e+01,1.597626000000000041e-06,0.000000000000000000e+00
4.549459478499239822e+02,2.051230290521500876e+02,5.000000000000000000e+01,1.631269999999999969e-06,0.000000000000000000e+00
4.553645368105155171e+02,2.051226104631894884e+02,5.000000000000000000e+01,1.643217000000000043e-06,0.000000000000000000e+00
4.557925319656488909e+02,2.051221824680343673e+02,5.000000000000000000e+01,1.650376000000000087e-06,0.000000000000000000e+00
4.561977219887481851e+02,2.051217772780112512e+02,5.000000000000000000e+01,1.732275000000000071e-06,0.000000000000000000e+00
4.566110090088027391e+02,2.051213639909911990e+02,5.000000000000000000e+01,1.763822999999999951e-06,0.000000000000000000e+00
4.570540929131876737e+02,2.051209209070868269e+02,5.000000000000000000e+01,1.908513000000000170e-06,0.000000000000000000e+00
4.574582446088886059e+02,2.051205167553911224e+02,5.000000000000000000e+01,1.908454999999999840e-06,0.000000000000000000e+00
4.578688746309009048e+02,2.051201061253690909e+02,5.000000000000000000e+01,1.891442999999999925e-06,0.000000000000000000e+00
4.582841433587785787e+02,2.051196908566412276e+02,5.000000000000000000e+01,1.926309999999999942e-06,0.000000000000000000e+00
4.587086106718716110e+02,2.051192663893281178e+02,5.000000000000000000e+01,1.813531999999999910e-06,0.000000000000000000e+00
4.591534639362565144e+02,2.051188215360637344e+02,5.000000000000000000e+01,1.930355000000000003e-06,0.000000000000000000e+00
4.595931451167833757e+02,2.051183818548832107e+02,5.000000000000000000e+01,1.811669999999999969e-06,0.000000000000000000e+00
4.599783650738435767e+02,2.051179966349261576e+02,5.000000000000000000e+01,1.945954999999999904e-06,0.000000000000000000e+00
4.604168766432528628e+02,2.051175581233567584e+02,5.000000000000000000e+01,1.934676999999999874e-06,0.000000000000000000e+00
4.608324242139581770e+02,2.051171425757860334e+02,5.000000000000000000e+01,1.853972000000000026e-06,0.000000000000000000e+00
4.612274366491063802e+02,2.051167475633508843e+02,5.000000000000000000e+01,1.845881000000000090e-06,0.000000000000000000e+00
4.616560629163774934e+02,2.051163189370836335e+02,5.000000000000000000e+01,1.852341999999999925e-06,0.000000000000000000e+00
4.620796469779728568e+02,2.051158953530220401e+02,5.000000000000000000e+01,1.835739000000000077e-06,0.000000000000000000e+00
4.624940516837830842e+02,2.051154809483162182e+02,5.000000000000000000e+01,1.792897999999999965e-06,0.000000000000000000e+00
4.629093240309583734e+02,2.051150656759690492e+02,5.000000000000000000e+01,1.838867000000000024e-06,0.000000000000000000e+00
4.632968193728628989e+02,2.051146781806271520e+02,5.000000000000000000e+01,1.829103000000000070e-06,0.000000000000000000e+00
4.637192094658540782e+02,2.051142557905341448e+02,5.000000000000000000e+01,1.841094000000000088e-06,0.000000000000000000e+00
4.641371808711209610e+02,2.051138378191288894e+02,5.000000000000000000e+01,1.853099000000000069e-06,0.000000000000000000e+00
4.645633599751902238e+02,2.051134116400248217e+02,5.000000000000000000e+01,1.792475999999999963e-06,0.000000000000000000e+00
4.649871028469190151e+02,2.051129878971530900e+02,5.000000000000000000e+01,1.758321999999999934e-06,0.000000000000000000e+00
4.653728862301861113e+02,2.051126021137698103e+02,5.000000000000000000e+01,1.774344000000000049e-06,0.000000000000000000e+00
4.658159311198875798e+02,2.051121590688801177e+02,5.000000000000000000e+01,1.826075999999999946e-06,0.000000000000000000e+00
4.662346188718527173e+02,2.051117403811281577e+02,5.000000000000000000e+01,1.813371999999999941e-06,0.000000000000000000e+00
4.666657455707842246e+02,2.051113092544292158e+02,5.000000000000000000e+01,1.798136999999999950e-06,0.000000000000000000e+00
4.670741516930884245e+02,2.051109008483069260e+02,5.000000000000000000e+01,1.734254000000000066e-06,0.000000000000000000e+00
4.675058101977624005e+02,2.051104691898022452e+02,5.000000000000000000e+01,1.685985000000000045e-06,0.000000000000000000e+00
4.679298032128629075e+02,2.051100451967871265e+02,5.000000000000000000e+01,1.761204000000000079e-06,0.000000000000000000e+00
4.683443545809025750e+02,2.051096306454190881e+02,5.000000000000000000e+01,1.806911000000000105e-06,0.000000000000000000e+00
4.687530918779654030e+02,2.051092219081220378e+02,5.000000000000000000e+01,1.852181999999999955e-06,0.000000000000000000e+00
4.691832051944221007e+02,2.051087917948055690e+02,5.000000000000000000e+01,1.734616999999999921e-06,0.000000000000000000e+00
4.696136532801284034e+02,2.051083613467198745e+02,5.000000000000000000e+01,1.713880999999999913e-06,0.000000000000000000e+00
4.700216010027975813e+02,2.051079533989972106e+02,5.000000000000000000e+01,1.655148999999999914e-06,0.000000000000000000e+00
4.704413930479497594e+02,2.051075336069520461e+02,5.000000000000000000e+01,1.649328999999999985e-06,0.000000000000000000e+00
4.708459938683205905e+02,2.051071290061316859e+02,5.000000000000000000e+01,1.568958000000000039e-06,0.000000000000000000e+00
4.712454387491054035e+02,2.051067295612508872e+02,5.000000000000000000e+01,1.520194999999999935e-06,0.000000000000000000e+00
4.716937307028006785e+02,2.051062812692971988e+02,5.000000000000000000e+01,1.452805000000000018e-06,0.000000000000000000e+00
4.720924743204752190e+02,2.051058825256795330e+02,5.000000000000000000e+01,1.482330999999999987e-06,0.000000000000000000e+00
4.725164613716930830e+02,2.051054585386283122e+02,5.000000000000000000e+01,1.595398999999999978e-06,0.000000000000000000e+00
4.729226851710004098e+02,2.051050523148290097e+02,5.000000000000000000e+01,1.551321000000000025e-06,0.000000000000000000e+00
4.733488297272510863e+02,2.051046261702727520e+02,5.000000000000000000e+01,1.523454999999999926e-06,0.000000000000000000e+00
4.737615357845199924e+02,2.051042134642154906e+02,5.000000000000000000e+01,1.564986000000000088e-06,0.000000000000000000e+00
4.741619319525751735e+02,2.051038130680474296e+02,5.000000000000000000e+01,1.603766999999999937e-06,0.000000000000000000e+00
4.746006138006115407e+02,2.051033743861993912e+02,5.000000000000000000e+01,1.594395000000000004e-06,0.000000000000000000e+00
4.750087887352532903e+02,2.051029662112647429e+02,5.000000000000000000e+01,1.559645000000000040e-06,0.000000000000000000e+00
4.754262830164074103e+02,2.051025487169835912e+02,5.000000000000000000e+01,1.552180000000000020e-06,0.000000000000000000e+00
4.758418372136665653e+02,2.051021331627863447e+02,5.000000000000000000e+01,1.596271999999999936e-06,0.000000000000000000e+00
4.762347048040871869e+02,2.051017402951959241e+02,5.000000000000000000e+01,1.580804000000000078e-06,0.000000000000000000e+00
4.766639843681551270e+02,2.051013110156318362e+02,5.000000000000000000e+01,1.586450000000000074e-06,0.000000000000000000e+00
4.771043762112645936e+02,2.051008706237887509e+02,5.000000000000000000e+01,1.544597999999999945e-06,0.000000000000000000e+00
4.775278696044658204e+02,2.051004471303955370e+02,5.000000000000000000e+01,1.501481000000000050e-06,0.000000000000000000e+00
4.779332845142262158e+02,2.051000417154857871e+02,5.000000000000000000e+01,1.397230999999999947e-06,0.000000000000000000e+00
4.783615048363240589e+02,2.050996134951636805e+02,5.000000000000000000e+01,1.496169999999999983e-06,0.000000000000000000e+00
4.787764965313966172e+02,2.050991985034686138e+02,5.000000000000000000e+01,1.474748999999999913e-06,0.000000000000000000e+00
4.792023543640345906e+02,2.050987726456359610e+02,5.000000000000000000e+01,1.467079999999999979e-06,0.000000000000000000e+00
4.796465773343829824e+02,2.050983284226656167e+02,5.000000000000000000e+01,1.400184999999999961e-06,0.000000000000000000e+00
4.800455757169780213e+02,2.050979294242830235e+02,5.000000000000000000e+01,1.366176999999999939e-06,0.000000000000000000e+00
4.804695687320785282e+02,2.050975054312679333e+02,5.000000000000000000e+01,1.326844000000000099e-06,0.000000000000000000e+00
4.809092313167939210e+02,2.050970657686831942e+02,5.000000000000000000e+01,1.302687000000000103e-06,0.000000000000000000e+00
4.812964420918705173e+02,2.050966785579081204e+02,5.000000000000000000e+01,1.312233999999999996e-06,0.000000000000000000e+00
4.817189055302537781e+02,2.050962560944697373e+02,5.000000000000000000e+01,1.352717000000000029e-06,0.000000000000000000e+00
4.821373175460220182e+02,2.050958376824539755e+02,5.000000000000000000e+01,1.261767000000000078e-06,0.000000000000000000e+00
4.825575239938409595e+02,2.050954174760061619e+02,5.000000000000000000e+01,1.212262000000000033e-06,0.000000000000000000e+00
4.829620188057921268e+02,2.050950129811942020e+02,5.000000000000000000e+01,1.279608000000000006e-06,0.000000000000000000e+00
4.833730681941315197e+02,2.050946019318058688e+02,5.000000000000000000e+01,1.306761999999999933e-06,0.000000000000000000e+00
4.837845039528614279e+02,2.050941904960471334e+02,5.000000000000000000e+01,1.157822999999999951e-06,0.000000000000000000e+00
4.841895422870898642e+02,2.050937854577129258e+02,5.000000000000000000e+01,1.185588000000000015e-06,0.000000000000000000e+00
4.846324899830626123e+02,2.050933425100169529e+02,5.000000000000000000e+01,1.241219999999999993e-06,0.000000000000000000e+00
4.850470640081109082e+02,2.050929279359918951e+02,5.000000000000000000e+01,1.250038999999999908e-06,0.000000000000000000e+00
4.854505214832878437e+02,2.050925244785167081e+02,5.000000000000000000e+01,1.226856999999999933e-06,0.000000000000000000e+00
4.858941321324249998e+02,2.050920808678675655e+02,5.000000000000000000e+01,1.232110999999999908e-06,0.000000000000000000e+00
4.862988286126953881e+02,2.050916761713873200e+02,5.000000000000000000e+01,1.248380000000000065e-06,0.000000000000000000e+00
4.867026991736641435e+02,2.050912723008263470e+02,5.000000000000000000e+01,1.191408999999999972e-06,0.000000000000000000e+00
4.871374464019431230e+02,2.050908375535980497e+02,5.000000000000000000e+01,1.242341000000000020e-06,0.000000000000000000e+00
4.875751784212409916e+02,2.050903998215787567e+02,5.000000000000000000e+01,1.127307999999999999e-06,0.000000000000000000e+00
4.879991714363414985e+02,2.050899758285636665e+02,5.000000000000000000e+01,1.167703999999999959e-06,0.000000000000000000e+00
4.883868550544702885e+02,2.050895881449455374e+02,5.000000000000000000e+01,1.152119000000000048e-06,0.000000000000000000e+00
4.888301790139949503e+02,2.050891448209860073e+02,5.000000000000000000e+01,1.187553000000000046e-06,0.000000000000000000e+00
4.892462725007047766e+02,2.050887287274993014e+02,5.000000000000000000e+01,1.160383999999999917e-06,0.000000000000000000e+00
4.896448921605954752e+02,2.050883301078393970e+02,5.000000000000000000e+01,1.164983000000000023e-06,0.000000000000000000e+00
4.900853505167963817e+02,2.050878896494832020e+02,5.000000000000000000e+01,1.165593999999999948e-06,0.000000000000000000e+00
4.905146951558525075e+02,2.050874603048441429e+02,5.000000000000000000e+01,1.145861000000000099e-06,0.000000000000000000e+00
4.909073564905770013e+02,2.050870676435094140e+02,5.000000000000000000e+01,1.292922999999999937e-06,0.000000000000000000e+00
4.913226261234660228e+02,2.050866523738765466e+02,5.000000000000000000e+01,1.177221000000000083e-06,0.000000000000000000e+00
4.917203009613932068e+02,2.050862546990386193e+02,5.000000000000000000e+01,1.170366999999999987e-06,0.000000000000000000e+00
4.921629572007436764e+02,2.050858120427992617e+02,5.000000000000000000e+01,1.161620999999999970e-06,0.000000000000000000e+00
4.925564468261369484e+02,2.050854185531738665e+02,5.000000000000000000e+01,1.196429000000000052e-06,0.000000000000000000e+00
4.929845322519083766e+02,2.050849904677480993e+02,5.000000000000000000e+01,1.175140000000000026e-06,0.000000000000000000e+00
4.934275819083969736e+02,2.050845474180916028e+02,5.000000000000000000e+01,1.186985000000000037e-06,0.000000000000000000e+00
4.938085652387995310e+02,2.050841664347612152e+02,5.000000000000000000e+01,1.181048000000000055e-06,0.000000000000000000e+00
4.942323126773063109e+02,2.050837426873226832e+02,5.000000000000000000e+01,1.125693000000000100e-06,0.000000000000000000e+00
4.946645925693961772e+02,2.050833104074306164e+02,5.000000000000000000e+01,1.131469999999999900e-06,0.000000000000000000e+00
4.950724190538193739e+02,2.050829025809461825e+02,5.000000000000000000e+01,1.172782999999999974e-06,0.000000000000000000e+00
4.955029865255577874e+02,2.050824720134744439e+02,5.000000000000000000e+01,1.147768000000000011e-06,0.000000000000000000e+00
4.959194757240172748e+02,2.050820555242759724e+02,5.000000000000000000e+01,1.130218000000000069e-06,0.000000000000000000e+00
4.963075227184775144e+02,2.050816674772815134e+02,5.000000000000000000e+01,1.153427999999999970e-06,0.000000000000000000e+00
4.967507639208949968e+02,2.050812242360790947e+02,5.000000000000000000e+01,1.188207999999999915e-06,0.000000000000000000e+00
4.971747527671756188e+02,2.050808002472328155e+02,5.000000000000000000e+01,1.163382000000000087e-06,0.000000000000000000e+00
4.975736853832951851e+02,2.050804013146166938e+02,5.000000000000000000e+01,1.172505999999999951e-06,0.000000000000000000e+00
4.980206704055519253e+02,2.050799543295944432e+02,5.000000000000000000e+01,1.137974000000000076e-06,0.000000000000000000e+00
4.984402617244944054e+02,2.050795347382754983e+02,5.000000000000000000e+01,1.145977999999999940e-06,0.000000000000000000e+00
4.988449757041984753e+02,2.050791300242958073e+02,5.000000000000000000e+01,1.138542000000000085e-06,0.000000000000000000e+00
4.992445131252846409e+02,2.050787304868747185e+02,5.000000000000000000e+01,1.196661999999999919e-06,0.000000000000000000e+00
4.996927078928408719e+02,2.050782822921071613e+02,5.000000000000000000e+01,1.214969000000000005e-06,0.000000000000000000e+00
5.001167009079414925e+02,2.050778582990920711e+02,5.000000000000000000e+01,1.223349999999999900e-06,0.000000000000000000e+00
5.005154431832820023e+02,2.050774595568167342e+02,5.000000000000000000e+01,1.216904000000000055e-06,0.000000000000000000e+00
5.009602072849683054e+02,2.050770147927150333e+02,5.000000000000000000e+01,1.208055999999999975e-06,0.000000000000000000e+00
5.013757515224767189e+02,2.050765992484775211e+02,5.000000000000000000e+01,1.205814999999999948e-06,0.000000000000000000e+00
5.017632393479470920e+02,2.050762117606520576e+02,5.000000000000000000e+01,1.204708999999999912e-06,0.000000000000000000e+00
5.021915117831273392e+02,2.050757834882168709e+02,5.000000000000000000e+01,1.173830000000000076e-06,0.000000000000000000e+00
5.026117952846691992e+02,2.050753632047153303e+02,5.000000000000000000e+01,1.174834000000000050e-06,0.000000000000000000e+00
5.030299082113116924e+02,2.050749450917886918e+02,5.000000000000000000e+01,1.201523000000000058e-06,0.000000000000000000e+00
5.034515405179314484e+02,2.050745234594820658e+02,5.000000000000000000e+01,1.162071999999999925e-06,0.000000000000000000e+00
5.038395875123916881e+02,2.050741354124876068e+02,5.000000000000000000e+01,1.105916000000000094e-06,0.000000000000000000e+00
5.042793667522305441e+02,2.050736956332477803e+02,5.000000000000000000e+01,1.163890999999999950e-06,0.000000000000000000e+00
5.046694701850784668e+02,2.050733055298149168e+02,5.000000000000000000e+01,1.198917999999999936e-06,0.000000000000000000e+00
5.051023574493665933e+02,2.050728726425506352e+02,5.000000000000000000e+01,1.218199000000000015e-06,0.000000000000000000e+00
5.055258501777237257e+02,2.050724491498222903e+02,5.000000000000000000e+01,1.240579999999999903e-06,0.000000000000000000e+00
5.059314438983344644e+02,2.050720435561016757e+02,5.000000000000000000e+01,1.221022000000000013e-06,0.000000000000000000e+00
5.063595396994195426e+02,2.050716154603005918e+02,5.000000000000000000e+01,1.221356999999999943e-06,0.000000000000000000e+00
5.067750866051738967e+02,2.050711999133948211e+02,5.000000000000000000e+01,1.255175000000000015e-06,0.000000000000000000e+00
5.072014233185140029e+02,2.050707735766814892e+02,5.000000000000000000e+01,1.261039999999999915e-06,0.000000000000000000e+00
5.076453090026002997e+02,2.050703296909973972e+02,5.000000000000000000e+01,1.283377000000000071e-06,0.000000000000000000e+00
5.080440512779408095e+02,2.050699309487220603e+02,5.000000000000000000e+01,1.207517999999999947e-06,0.000000000000000000e+00
5.084677889541985110e+02,2.050695072110458170e+02,5.000000000000000000e+01,1.250926000000000041e-06,0.000000000000000000e+00
5.089075417117713869e+02,2.050690674582882309e+02,5.000000000000000000e+01,1.225561999999999973e-06,0.000000000000000000e+00
5.093098000338313796e+02,2.050686651999661763e+02,5.000000000000000000e+01,1.216220000000000021e-06,0.000000000000000000e+00
5.097145224552111813e+02,2.050682604775447828e+02,5.000000000000000000e+01,1.199062999999999916e-06,0.000000000000000000e+00
5.101481926283830717e+02,2.050678268073716310e+02,5.000000000000000000e+01,1.165898999999999897e-06,0.000000000000000000e+00
5.105563667681631159e+02,2.050674186332318527e+02,5.000000000000000000e+01,1.179244000000000021e-06,0.000000000000000000e+00
5.109841678140323893e+02,2.050669908321859793e+02,5.000000000000000000e+01,1.196923999999999952e-06,0.000000000000000000e+00
5.113847375252273082e+02,2.050665902624747616e+02,5.000000000000000000e+01,1.186649999999999896e-06,0.000000000000000000e+00
5.117877557526439887e+02,2.050661872442473452e+02,5.000000000000000000e+01,1.167834999999999975e-06,0.000000000000000000e+00
5.122120212148944347e+02,2.050657629787851022e+02,5.000000000000000000e+01,1.203821999999999991e-06,0.000000000000000000e+00
5.126201991551006358e+02,2.050653548008449150e+02,5.000000000000000000e+01,1.214357000000000052e-06,0.000000000000000000e+00
5.130559591326128839e+02,2.050649190408673803e+02,5.000000000000000000e+01,1.158172000000000056e-06,0.000000000000000000e+00
5.134797020043417888e+02,2.050644952979956486e+02,5.000000000000000000e+01,1.136577000000000053e-06,0.000000000000000000e+00
5.138646567536047769e+02,2.050641103432463979e+02,5.000000000000000000e+01,1.160573000000000052e-06,0.000000000000000000e+00
5.143077013131179456e+02,2.050636672986868803e+02,5.000000000000000000e+01,1.143941000000000039e-06,0.000000000000000000e+00
5.147278903682498594e+02,2.050632471096317602e+02,5.000000000000000000e+01,1.165216000000000102e-06,0.000000000000000000e+00
5.151244191870229088e+02,2.050628505808129773e+02,5.000000000000000000e+01,1.193955999999999974e-06,0.000000000000000000e+00
5.155667360395566448e+02,2.050624082639604353e+02,5.000000000000000000e+01,1.212524000000000065e-06,0.000000000000000000e+00
5.159968362965515780e+02,2.050619781637034578e+02,5.000000000000000000e+01,1.152860999999999989e-06,0.000000000000000000e+00
5.163846053531952975e+02,2.050615903946467995e+02,5.000000000000000000e+01,1.148175000000000023e-06,0.000000000000000000e+00
5.167998763081163816e+02,2.050611751236918963e+02,5.000000000000000000e+01,1.135297000000000084e-06,0.000000000000000000e+00
5.172217101145038214e+02,2.050607532898854970e+02,5.000000000000000000e+01,1.141088000000000060e-06,0.000000000000000000e+00
5.176298846262279767e+02,2.050603451153737637e+02,5.000000000000000000e+01,1.117776000000000096e-06,0.000000000000000000e+00
5.180666146812977786e+02,2.050599083853186926e+02,5.000000000000000000e+01,1.134845999999999917e-06,0.000000000000000000e+00
5.184903531782723576e+02,2.050594846468217440e+02,5.000000000000000000e+01,1.158084999999999984e-06,0.000000000000000000e+00
5.189326139921012100e+02,2.050590423860078886e+02,5.000000000000000000e+01,1.126275000000000071e-06,0.000000000000000000e+00
5.193383451723561848e+02,2.050586366548276374e+02,5.000000000000000000e+01,1.127758999999999954e-06,0.000000000000000000e+00
5.197382613415453534e+02,2.050582367386584508e+02,5.000000000000000000e+01,1.158449000000000079e-06,0.000000000000000000e+00
5.201689296499674811e+02,2.050578060703500398e+02,5.000000000000000000e+01,1.140710000000000002e-06,0.000000000000000000e+00
5.205996090566037537e+02,2.050573753909434060e+02,5.000000000000000000e+01,1.191568999999999941e-06,0.000000000000000000e+00
5.210279716682570097e+02,2.050569470283317344e+02,5.000000000000000000e+01,1.153733999999999947e-06,0.000000000000000000e+00
5.214250589763299786e+02,2.050565499410236612e+02,5.000000000000000000e+01,1.171982000000000098e-06,0.000000000000000000e+00
5.218466326351630187e+02,2.050561283673648347e+02,5.000000000000000000e+01,1.182430000000000087e-06,0.000000000000000000e+00
5.222550382843511443e+02,2.050557199617156527e+02,5.000000000000000000e+01,1.140535000000000042e-06,0.000000000000000000e+00
5.226787753123882112e+02,2.050552962246876234e+02,5.000000000000000000e+01,1.197622999999999977e-06,0.000000000000000000e+00
5.230775235516114208e+02,2.050548974764483887e+02,5.000000000000000000e+01,1.227715999999999927e-06,0.000000000000000000e+00
5.235241010379302224e+02,2.050544508989620738e+02,5.000000000000000000e+01,1.198480999999999944e-06,0.000000000000000000e+00
5.239093209949903667e+02,2.050540656790050207e+02,5.000000000000000000e+01,1.134220000000000001e-06,0.000000000000000000e+00
5.243277517381060306e+02,2.050536472482619104e+02,5.000000000000000000e+01,1.138323999999999996e-06,0.000000000000000000e+00
5.247589285697555397e+02,2.050532160714302563e+02,5.000000000000000000e+01,1.147650999999999958e-06,0.000000000000000000e+00
5.251588100782443007e+02,2.050528161899217707e+02,5.000000000000000000e+01,1.171473000000000024e-06,0.000000000000000000e+00
5.255977770628036296e+02,2.050523772229371957e+02,5.000000000000000000e+01,1.195556000000000095e-06,0.000000000000000000e+00
5.259832211212075208e+02,2.050519917788788007e+02,5.000000000000000000e+01,1.199573000000000017e-06,0.000000000000000000e+00
5.264230964052270565e+02,2.050515519035947705e+02,5.000000000000000000e+01,1.178602999999999903e-06,0.000000000000000000e+00
5.268386506024863820e+02,2.050511363493975239e+02,5.000000000000000000e+01,1.261651000000000052e-06,0.000000000000000000e+00
5.272541915466376850e+02,2.050507208084533772e+02,5.000000000000000000e+01,1.210676000000000087e-06,0.000000000000000000e+00
5.277022657067201408e+02,2.050502727342932872e+02,5.000000000000000000e+01,1.237014999999999963e-06,0.000000000000000000e+00
5.281012581254324232e+02,2.050498737418745634e+02,5.000000000000000000e+01,1.239997999999999931e-06,0.000000000000000000e+00
5.285249956295624543e+02,2.050494500043704420e+02,5.000000000000000000e+01,1.132619000000000065e-06,0.000000000000000000e+00
5.289711050441328553e+02,2.050490038949558596e+02,5.000000000000000000e+01,1.187931000000000104e-06,0.000000000000000000e+00
5.293729870273623419e+02,2.050486020129726512e+02,5.000000000000000000e+01,1.214241000000000027e-06,0.000000000000000000e+00
5.297741430937234099e+02,2.050482008569062771e+02,5.000000000000000000e+01,1.201231000000000045e-06,0.000000000000000000e+00
5.302004239352866080e+02,2.050477745760647110e+02,5.000000000000000000e+01,1.261839999999999975e-06,0.000000000000000000e+00
5.306081466007373137e+02,2.050473668533992679e+02,5.000000000000000000e+01,1.204810999999999975e-06,0.000000000000000000e+00
5.310388243233865069e+02,2.050469361756766205e+02,5.000000000000000000e+01,1.186737999999999995e-06,0.000000000000000000e+00
5.314414440859752631e+02,2.050465335559140385e+02,5.000000000000000000e+01,1.259716000000000002e-06,0.000000000000000000e+00
5.318502073337398315e+02,2.050461247926662622e+02,5.000000000000000000e+01,1.206542999999999927e-06,0.000000000000000000e+00
5.322889289007633806e+02,2.050456860710992260e+02,5.000000000000000000e+01,1.236868999999999956e-06,0.000000000000000000e+00
5.326774335557233826e+02,2.050452975664442761e+02,5.000000000000000000e+01,1.215201000000000056e-06,0.000000000000000000e+00
5.331114149765022603e+02,2.050448635850235064e+02,5.000000000000000000e+01,1.305029999999999980e-06,0.000000000000000000e+00
5.335503402898435752e+02,2.050444246597101596e+02,5.000000000000000000e+01,1.219043000000000019e-06,0.000000000000000000e+00
5.339548898878787213e+02,2.050440201101121147e+02,5.000000000000000000e+01,1.243373999999999947e-06,0.000000000000000000e+00
5.343707087698464875e+02,2.050436042912301673e+02,5.000000000000000000e+01,1.227016999999999902e-06,0.000000000000000000e+00
5.347826365838880065e+02,2.050431923634161251e+02,5.000000000000000000e+01,1.266219999999999966e-06,0.000000000000000000e+00
5.351878446826136724e+02,2.050427871553173986e+02,5.000000000000000000e+01,1.219552000000000093e-06,0.000000000000000000e+00
5.356187421517641951e+02,2.050423562578482404e+02,5.000000000000000000e+01,1.264662999999999974e-06,0.000000000000000000e+00
5.360266898744334867e+02,2.050419483101255764e+02,5.000000000000000000e+01,1.286301999999999920e-06,0.000000000000000000e+00
5.364481634329940789e+02,2.050415268365670158e+02,5.000000000000000000e+01,1.246603999999999957e-06,0.000000000000000000e+00
5.368768476068702284e+02,2.050410981523931184e+02,5.000000000000000000e+01,1.262320000000000096e-06,0.000000000000000000e+00
5.372506514994565805e+02,2.050407243485005324e+02,5.000000000000000000e+01,1.251101000000000001e-06,0.000000000000000000e+00
5.376995799594456003e+02,2.050402754200405582e+02,5.000000000000000000e+01,1.253851000000000101e-06,0.000000000000000000e+00
5.381348362630117208e+02,2.050398401637369830e+02,5.000000000000000000e+01,1.038643000000000018e-06,0.000000000000000000e+00
5.385652818511852047e+02,2.050394097181488178e+02,5.000000000000000000e+01,1.276174000000000082e-06,0.000000000000000000e+00
5.389708131459789229e+02,2.050390041868540152e+02,5.000000000000000000e+01,1.310806999999999993e-06,0.000000000000000000e+00
5.393833869698896706e+02,2.050385916130301212e+02,5.000000000000000000e+01,1.269595999999999982e-06,0.000000000000000000e+00
5.398185384975787429e+02,2.050381564615024104e+02,5.000000000000000000e+01,1.246021999999999986e-06,0.000000000000000000e+00
5.402422871491960450e+02,2.050377327128508114e+02,5.000000000000000000e+01,1.209889999999999990e-06,0.000000000000000000e+00
5.406741095957668222e+02,2.050373008904042251e+02,5.000000000000000000e+01,1.250242000000000006e-06,0.000000000000000000e+00
5.410657714847328634e+02,2.050369092285152703e+02,5.000000000000000000e+01,1.274834999999999967e-06,0.000000000000000000e+00
5.415123005355545729e+02,2.050364626994644368e+02,5.000000000000000000e+01,1.269072999999999945e-06,0.000000000000000000e+00
5.419044437234945235e+02,2.050360705562765133e+02,5.000000000000000000e+01,1.312452000000000085e-06,0.000000000000000000e+00
5.423199887613644705e+02,2.050356550112386458e+02,5.000000000000000000e+01,1.294509000000000094e-06,0.000000000000000000e+00
5.427379387443343148e+02,2.050352370612556570e+02,5.000000000000000000e+01,1.404128999999999986e-06,0.000000000000000000e+00
5.431458896308827207e+02,2.050348291103691167e+02,5.000000000000000000e+01,1.364081999999999919e-06,0.000000000000000000e+00
5.435701852401399492e+02,2.050344048147598528e+02,5.000000000000000000e+01,1.250547999999999982e-06,0.000000000000000000e+00
5.439810672929202156e+02,2.050339939327070908e+02,5.000000000000000000e+01,1.342049999999999924e-06,0.000000000000000000e+00
5.443966148636254729e+02,2.050335783851363658e+02,5.000000000000000000e+01,1.339808999999999897e-06,0.000000000000000000e+00
5.448231313029147032e+02,2.050331518686970753e+02,5.000000000000000000e+01,1.352964000000000071e-06,0.000000000000000000e+00
5.452294382804523138e+02,2.050327455617195369e+02,5.000000000000000000e+01,1.314591000000000048e-06,0.000000000000000000e+00
5.456534317860636065e+02,2.050323215682139448e+02,5.000000000000000000e+01,1.355583999999999971e-06,0.000000000000000000e+00
5.460524229541983914e+02,2.050319225770458047e+02,5.000000000000000000e+01,1.373555000000000099e-06,0.000000000000000000e+00
5.465012834993818842e+02,2.050314737165006136e+02,5.000000000000000000e+01,1.400011000000000029e-06,0.000000000000000000e+00
5.469168383619158931e+02,2.050310581616381000e+02,5.000000000000000000e+01,1.381398999999999994e-06,0.000000000000000000e+00
5.473318366835422921e+02,2.050306431633164550e+02,5.000000000000000000e+01,1.422929999999999944e-06,0.000000000000000000e+00
5.477478544795280868e+02,2.050302271455204846e+02,5.000000000000000000e+01,1.373715000000000069e-06,0.000000000000000000e+00
5.481558021556678568e+02,2.050298191978443469e+02,5.000000000000000000e+01,1.341235000000000085e-06,0.000000000000000000e+00
5.485956259013812542e+02,2.050293793740986246e+02,5.000000000000000000e+01,1.337627000000000017e-06,0.000000000000000000e+00
5.490196184484732385e+02,2.050289553815515262e+02,5.000000000000000000e+01,1.363442000000000040e-06,0.000000000000000000e+00
5.494257814530470796e+02,2.050285492185469423e+02,5.000000000000000000e+01,1.328327999999999981e-06,0.000000000000000000e+00
5.498526160574655250e+02,2.050281223839425309e+02,5.000000000000000000e+01,1.321911000000000090e-06,0.000000000000000000e+00
5.502678856903544329e+02,2.050277071143096350e+02,5.000000000000000000e+01,1.363484999999999957e-06,0.000000000000000000e+00
5.506788246251713872e+02,2.050272961753748291e+02,5.000000000000000000e+01,1.367428999999999982e-06,0.000000000000000000e+00
5.511030262971155480e+02,2.050268719737028960e+02,5.000000000000000000e+01,1.373962999999999927e-06,0.000000000000000000e+00
5.515311040028626621e+02,2.050264438959971471e+02,5.000000000000000000e+01,1.407111999999999954e-06,0.000000000000000000e+00
5.519292355331724593e+02,2.050260457644668293e+02,5.000000000000000000e+01,1.369989999999999948e-06,0.000000000000000000e+00
5.523447831038778304e+02,2.050256302168961327e+02,5.000000000000000000e+01,1.346400999999999961e-06,0.000000000000000000e+00
5.527367057551239213e+02,2.050252382942448719e+02,5.000000000000000000e+01,1.297914000000000064e-06,0.000000000000000000e+00
5.531661726494762661e+02,2.050248088273505118e+02,5.000000000000000000e+01,1.229622000000000024e-06,0.000000000000000000e+00
5.536065331825662952e+02,2.050243684668174353e+02,5.000000000000000000e+01,1.279389999999999917e-06,0.000000000000000000e+00
5.540055256012786913e+02,2.050239694743987116e+02,5.000000000000000000e+01,1.325111999999999935e-06,0.000000000000000000e+00
5.544290183296357100e+02,2.050235459816703667e+02,5.000000000000000000e+01,1.287291999999999931e-06,0.000000000000000000e+00
5.548434136496714473e+02,2.050231315863503312e+02,5.000000000000000000e+01,1.317239000000000086e-06,0.000000000000000000e+00
5.552513925962838357e+02,2.050227236074037194e+02,5.000000000000000000e+01,1.279695000000000078e-06,0.000000000000000000e+00
5.556822696848907981e+02,2.050222927303151153e+02,5.000000000000000000e+01,1.202031999999999920e-06,0.000000000000000000e+00
5.561131701214434315e+02,2.050218618298785600e+02,5.000000000000000000e+01,1.218969999999999910e-06,0.000000000000000000e+00
5.565211148767104987e+02,2.050214538851232930e+02,5.000000000000000000e+01,1.214167999999999917e-06,0.000000000000000000e+00
5.569410768287963265e+02,2.050210339231712169e+02,5.000000000000000000e+01,1.234744999999999983e-06,0.000000000000000000e+00
5.573459653797709734e+02,2.050206290346202422e+02,5.000000000000000000e+01,1.125562000000000083e-06,0.000000000000000000e+00
5.577451854472902824e+02,2.050202298145527209e+02,5.000000000000000000e+01,1.227817999999999990e-06,0.000000000000000000e+00
5.581934474486508861e+02,2.050197815525513647e+02,5.000000000000000000e+01,1.288396999999999940e-06,0.000000000000000000e+00
5.586174404637515636e+02,2.050193575595362461e+02,5.000000000000000000e+01,1.276828999999999952e-06,0.000000000000000000e+00
5.590603890611785118e+02,2.050189146109388219e+02,5.000000000000000000e+01,1.299864000000000105e-06,0.000000000000000000e+00
5.594649202433264463e+02,2.050185100797566804e+02,5.000000000000000000e+01,1.281820000000000079e-06,0.000000000000000000e+00
5.598765765865296089e+02,2.050180984234134769e+02,5.000000000000000000e+01,1.231019000000000046e-06,0.000000000000000000e+00
5.602915671798133417e+02,2.050176834328201778e+02,5.000000000000000000e+01,1.269319999999999987e-06,0.000000000000000000e+00
5.607363990018845925e+02,2.050172386009981267e+02,5.000000000000000000e+01,1.353793999999999900e-06,0.000000000000000000e+00
5.611230828427055712e+02,2.050168519171572825e+02,5.000000000000000000e+01,1.329084999999999913e-06,0.000000000000000000e+00
5.615588781850711939e+02,2.050164161218149275e+02,5.000000000000000000e+01,1.322755000000000094e-06,0.000000000000000000e+00
5.619617052231619709e+02,2.050160132947768261e+02,5.000000000000000000e+01,1.260822000000000039e-06,0.000000000000000000e+00
5.623816194393950809e+02,2.050155933805606026e+02,5.000000000000000000e+01,1.268504999999999936e-06,0.000000000000000000e+00
5.628007840697447364e+02,2.050151742159302444e+02,5.000000000000000000e+01,1.257096000000000102e-06,0.000000000000000000e+00
5.632048501297709890e+02,2.050147701498702304e+02,5.000000000000000000e+01,1.268097999999999925e-06,0.000000000000000000e+00
5.636398596972456971e+02,2.050143351403027623e+02,5.000000000000000000e+01,1.258406000000000052e-06,0.000000000000000000e+00
5.640278404503924321e+02,2.050139471595496161e+02,5.000000000000000000e+01,1.297260000000000011e-06,0.000000000000000000e+00
5.644739761259542092e+02,2.050135010238740563e+02,5.000000000000000000e+01,1.301290000000000080e-06,0.000000000000000000e+00
5.648639272347162432e+02,2.050131110727652981e+02,5.000000000000000000e+01,1.291977000000000082e-06,0.000000000000000000e+00
5.652764582500597044e+02,2.050126985417499554e+02,5.000000000000000000e+01,1.371183000000000057e-06,0.000000000000000000e+00
5.657023274309260614e+02,2.050122726725690825e+02,5.000000000000000000e+01,1.384817999999999927e-06,0.000000000000000000e+00
5.661221235520744131e+02,2.050118528764479322e+02,5.000000000000000000e+01,1.384324000000000055e-06,0.000000000000000000e+00
5.665409462540391132e+02,2.050114340537459725e+02,5.000000000000000000e+01,1.372900000000000018e-06,0.000000000000000000e+00
5.669655875190840106e+02,2.050110094124809166e+02,5.000000000000000000e+01,1.383873000000000099e-06,0.000000000000000000e+00
5.673930210434409673e+02,2.050105819789565658e+02,5.000000000000000000e+01,1.373715000000000069e-06,0.000000000000000000e+00
5.678241889511490399e+02,2.050101508110488453e+02,5.000000000000000000e+01,1.333144999999999964e-06,0.000000000000000000e+00
5.682413752466874257e+02,2.050097336247533235e+02,5.000000000000000000e+01,1.210922999999999917e-06,0.000000000000000000e+00
5.686392517041985002e+02,2.050093357482957970e+02,5.000000000000000000e+01,1.269086999999999908e-06,0.000000000000000000e+00
5.690799930359351038e+02,2.050088950069640532e+02,5.000000000000000000e+01,1.342225000000000096e-06,0.000000000000000000e+00
5.695108959267853379e+02,2.050084641040732265e+02,5.000000000000000000e+01,1.407170000000000073e-06,0.000000000000000000e+00
5.699107316551362601e+02,2.050080642683448673e+02,5.000000000000000000e+01,1.383480000000000051e-06,0.000000000000000000e+00
5.703163559975613452e+02,2.050076586440024471e+02,5.000000000000000000e+01,1.314751000000000018e-06,0.000000000000000000e+00
5.707581490681182004e+02,2.050072168509318828e+02,5.000000000000000000e+01,1.350476000000000002e-06,0.000000000000000000e+00
5.711433690251784583e+02,2.050068316309748297e+02,5.000000000000000000e+01,1.304565000000000062e-06,0.000000000000000000e+00
5.715816933209284798e+02,2.050063933066790867e+02,5.000000000000000000e+01,1.329899999999999964e-06,0.000000000000000000e+00
5.719824466605942916e+02,2.050059925533394107e+02,5.000000000000000000e+01,1.289198000000000027e-06,0.000000000000000000e+00
5.724046847186240257e+02,2.050055703152813749e+02,5.000000000000000000e+01,1.242776999999999985e-06,0.000000000000000000e+00
5.728215235062456259e+02,2.050051534764937458e+02,5.000000000000000000e+01,1.411128000000000061e-06,0.000000000000000000e+00
5.732274140451823996e+02,2.050047475859548172e+02,5.000000000000000000e+01,1.395456000000000078e-06,0.000000000000000000e+00
5.736511605229256929e+02,2.050043238394770810e+02,5.000000000000000000e+01,1.399631999999999943e-06,0.000000000000000000e+00
5.740832466748837533e+02,2.050038917533251208e+02,5.000000000000000000e+01,1.316467999999999980e-06,0.000000000000000000e+00
5.744987697786730223e+02,2.050034762302213380e+02,5.000000000000000000e+01,1.226827999999999979e-06,0.000000000000000000e+00
5.749143173493783934e+02,2.050030606826506130e+02,5.000000000000000000e+01,1.268170000000000006e-06,0.000000000000000000e+00
5.753216280941816194e+02,2.050026533719058079e+02,5.000000000000000000e+01,1.270745999999999963e-06,0.000000000000000000e+00
5.757230640307085423e+02,2.050022519359692978e+02,5.000000000000000000e+01,1.254433000000000073e-06,0.000000000000000000e+00
5.761539669215588901e+02,2.050018210330784427e+02,5.000000000000000000e+01,1.244755999999999979e-06,0.000000000000000000e+00
5.765775887354631095e+02,2.050013974112645485e+02,5.000000000000000000e+01,1.223845000000000011e-06,0.000000000000000000e+00
5.769909370653095948e+02,2.050009840629346911e+02,5.000000000000000000e+01,1.223802000000000095e-06,0.000000000000000000e+00
5.774155860359263670e+02,2.050005594139640834e+02,5.000000000000000000e+01,1.226203000000000091e-06,0.000000000000000000e+00
5.778314370904358839e+02,2.050001435629095567e+02,5.000000000000000000e+01,1.224354000000000086e-06,0.000000000000000000e+00
5.782388275769936854e+02,2.049997361724230132e+02,5.000000000000000000e+01,1.166059999999999895e-06,0.000000000000000000e+00
5.786625644848397769e+02,2.049993124355151508e+02,5.000000000000000000e+01,1.189124000000000001e-06,0.000000000000000000e+00
5.791016436338401263e+02,2.049988733563661754e+02,5.000000000000000000e+01,1.200358000000000087e-06,0.000000000000000000e+00
5.795322981088403367e+02,2.049984427018911504e+02,5.000000000000000000e+01,1.145293999999999906e-06,0.000000000000000000e+00
5.799550076990822163e+02,2.049980199923009252e+02,5.000000000000000000e+01,1.085819999999999965e-06,0.000000000000000000e+00
5.803422620913404444e+02,2.049976327379086740e+02,5.000000000000000000e+01,1.096268999999999981e-06,0.000000000000000000e+00
5.807820300376926070e+02,2.049971929699622990e+02,5.000000000000000000e+01,1.047315999999999927e-06,0.000000000000000000e+00
5.812060233377861778e+02,2.049967689766622243e+02,5.000000000000000000e+01,1.256980000000000076e-06,0.000000000000000000e+00
5.816050087435291971e+02,2.049963699912564721e+02,5.000000000000000000e+01,1.160936999999999935e-06,0.000000000000000000e+00
5.820488666007373695e+02,2.049959261333992515e+02,5.000000000000000000e+01,1.040068999999999994e-06,0.000000000000000000e+00
5.824342064665466978e+02,2.049955407935334506e+02,5.000000000000000000e+01,1.287843999999999922e-06,0.000000000000000000e+00
5.828624855896308645e+02,2.049951125144103798e+02,5.000000000000000000e+01,1.311637000000000034e-06,0.000000000000000000e+00
5.832505391963528609e+02,2.049947244608036385e+02,5.000000000000000000e+01,1.246327999999999962e-06,0.000000000000000000e+00
5.836813347068008397e+02,2.049942936652932133e+02,5.000000000000000000e+01,1.262421999999999947e-06,0.000000000000000000e+00
5.841122415302205582e+02,2.049938627584697883e+02,5.000000000000000000e+01,1.284134000000000003e-06,0.000000000000000000e+00
5.845204166554617586e+02,2.049934545833445441e+02,5.000000000000000000e+01,1.282066999999999909e-06,0.000000000000000000e+00
5.849405013809738421e+02,2.049930344986190391e+02,5.000000000000000000e+01,1.182240999999999952e-06,0.000000000000000000e+00
5.853453345300899855e+02,2.049926296654699058e+02,5.000000000000000000e+01,1.252235999999999991e-06,0.000000000000000000e+00
5.857451640120578986e+02,2.049922298359879562e+02,5.000000000000000000e+01,1.303750000000000011e-06,0.000000000000000000e+00
5.861936786335226088e+02,2.049917813213664886e+02,5.000000000000000000e+01,1.271909999999999906e-06,0.000000000000000000e+00
5.866174196860537222e+02,2.049913575803139452e+02,5.000000000000000000e+01,1.105188999999999931e-06,0.000000000000000000e+00
5.870161591602853832e+02,2.049909588408397099e+02,5.000000000000000000e+01,1.308348000000000090e-06,0.000000000000000000e+00
5.874610028170806117e+02,2.049905139971829158e+02,5.000000000000000000e+01,1.276129999999999927e-06,0.000000000000000000e+00
5.878762691030534597e+02,2.049900987308969604e+02,5.000000000000000000e+01,1.250460999999999910e-06,0.000000000000000000e+00
5.882915420828584274e+02,2.049896834579171525e+02,5.000000000000000000e+01,1.059831000000000009e-06,0.000000000000000000e+00
5.887366315303322608e+02,2.049892383684696711e+02,5.000000000000000000e+01,1.176697000000000018e-06,0.000000000000000000e+00
5.891230641603053755e+02,2.049888519358397048e+02,5.000000000000000000e+01,1.338587000000000047e-06,0.000000000000000000e+00
5.895588605701472034e+02,2.049884161394298587e+02,5.000000000000000000e+01,1.308348000000000090e-06,0.000000000000000000e+00
5.900063367993319616e+02,2.049879686632006610e+02,5.000000000000000000e+01,1.326058000000000002e-06,0.000000000000000000e+00
5.903962246369973172e+02,2.049875787753630050e+02,5.000000000000000000e+01,1.389620999999999947e-06,0.000000000000000000e+00
5.908114876433323843e+02,2.049871635123566591e+02,5.000000000000000000e+01,1.460154000000000013e-06,0.000000000000000000e+00
5.912119427771702931e+02,2.049867630572228450e+02,5.000000000000000000e+01,1.423089999999999914e-06,0.000000000000000000e+00
5.916393858454598558e+02,2.049863356141545410e+02,5.000000000000000000e+01,1.292893999999999983e-06,0.000000000000000000e+00
5.920471071871611457e+02,2.049859278928128390e+02,5.000000000000000000e+01,1.385400999999999926e-06,0.000000000000000000e+00
5.924734006933841783e+02,2.049855015993066161e+02,5.000000000000000000e+01,1.344641000000000083e-06,0.000000000000000000e+00
5.928883916834097363e+02,2.049850866083165783e+02,5.000000000000000000e+01,1.242588000000000062e-06,0.000000000000000000e+00
5.932764379770992491e+02,2.049846985620229134e+02,5.000000000000000000e+01,1.296241000000000046e-06,0.000000000000000000e+00
5.937227823946182070e+02,2.049842522176053876e+02,5.000000000000000000e+01,1.382781000000000026e-06,0.000000000000000000e+00
5.941223147866883210e+02,2.049838526852133214e+02,5.000000000000000000e+01,1.263687999999999953e-06,0.000000000000000000e+00
5.945452735055703215e+02,2.049834297264944212e+02,5.000000000000000000e+01,1.274617000000000090e-06,0.000000000000000000e+00
5.949695114274808248e+02,2.049830054885725303e+02,5.000000000000000000e+01,1.348132999999999913e-06,0.000000000000000000e+00
5.953802302374704141e+02,2.049825947697625281e+02,5.000000000000000000e+01,1.318359999999999902e-06,0.000000000000000000e+00
5.957969401139768024e+02,2.049821780598860244e+02,5.000000000000000000e+01,1.118417000000000002e-06,0.000000000000000000e+00
5.962193034975711043e+02,2.049817556965024323e+02,5.000000000000000000e+01,1.323351000000000029e-06,0.000000000000000000e+00
5.966376910675519412e+02,2.049813373089324386e+02,5.000000000000000000e+01,1.262481000000000093e-06,0.000000000000000000e+00
5.970583862696536244e+02,2.049809166137303578e+02,5.000000000000000000e+01,1.207445000000000050e-06,0.000000000000000000e+00
5.974869089108595972e+02,2.049804880910891427e+02,5.000000000000000000e+01,1.173174999999999995e-06,0.000000000000000000e+00
5.978974588640454613e+02,2.049800775411359552e+02,5.000000000000000000e+01,1.341381000000000092e-06,0.000000000000000000e+00
5.982902255382086878e+02,2.049796847744617878e+02,5.000000000000000000e+01,1.310719999999999921e-06,0.000000000000000000e+00
5.987349407519084252e+02,2.049792400592480988e+02,5.000000000000000000e+01,1.288251999999999961e-06,0.000000000000000000e+00
5.991672141637751565e+02,2.049788077858362385e+02,5.000000000000000000e+01,1.399908999999999966e-06,0.000000000000000000e+00
5.995981119653004043e+02,2.049783768880346884e+02,5.000000000000000000e+01,1.398627999999999969e-06,0.000000000000000000e+00
6.000060629819349742e+02,2.049779689370180620e+02,5.000000000000000000e+01,1.390086000000000077e-06,0.000000000000000000e+00
6.004226754028837831e+02,2.049775523245971272e+02,5.000000000000000000e+01,1.326348999999999987e-06,0.000000000000000000e+00
6.008379496127441826e+02,2.049771370503872561e+02,5.000000000000000000e+01,1.295572000000000002e-06,0.000000000000000000e+00
6.012315806707352976e+02,2.049767434193292672e+02,5.000000000000000000e+01,1.353342999999999944e-06,0.000000000000000000e+00
6.016768903284906855e+02,2.049762981096715180e+02,5.000000000000000000e+01,1.383551999999999921e-06,0.000000000000000000e+00
6.021006272363367771e+02,2.049758743727636556e+02,5.000000000000000000e+01,1.359381999999999989e-06,0.000000000000000000e+00
6.024996542326126701e+02,2.049754753457673928e+02,5.000000000000000000e+01,1.328721000000000030e-06,0.000000000000000000e+00
6.029429101046996493e+02,2.049750320898953078e+02,5.000000000000000000e+01,1.460735999999999985e-06,0.000000000000000000e+00
6.033223549454901331e+02,2.049746526450545048e+02,5.000000000000000000e+01,1.411520999999999898e-06,0.000000000000000000e+00
6.037463479605906969e+02,2.049742286520394146e+02,5.000000000000000000e+01,1.310778000000000039e-06,0.000000000000000000e+00
6.041627839961830659e+02,2.049738122160038074e+02,5.000000000000000000e+01,1.348685999999999931e-06,0.000000000000000000e+00
6.045857579874650582e+02,2.049733892420125301e+02,5.000000000000000000e+01,1.275228000000000016e-06,0.000000000000000000e+00
6.050166608783152924e+02,2.049729583391216750e+02,5.000000000000000000e+01,1.287786000000000015e-06,0.000000000000000000e+00
6.054170692812328980e+02,2.049725579307187786e+02,5.000000000000000000e+01,1.299020000000000100e-06,0.000000000000000000e+00
6.058228462077556742e+02,2.049721521537922513e+02,5.000000000000000000e+01,1.447594999999999987e-06,0.000000000000000000e+00
6.062402714330326035e+02,2.049717347285669575e+02,5.000000000000000000e+01,1.320790000000000063e-06,0.000000000000000000e+00
6.066882919325365719e+02,2.049712867080674528e+02,5.000000000000000000e+01,1.091495999999999942e-06,0.000000000000000000e+00
6.070872903151315541e+02,2.049708877096848596e+02,5.000000000000000000e+01,1.296692000000000002e-06,0.000000000000000000e+00
6.075110272229776456e+02,2.049704639727770257e+02,5.000000000000000000e+01,1.138221999999999933e-06,0.000000000000000000e+00
6.079555785872187244e+02,2.049700194214127862e+02,5.000000000000000000e+01,1.280670000000000098e-06,0.000000000000000000e+00
6.083708482201076322e+02,2.049696041517798903e+02,5.000000000000000000e+01,1.103325999999999963e-06,0.000000000000000000e+00
6.087586236747242765e+02,2.049692163763252779e+02,5.000000000000000000e+01,8.809146999999999677e-07,0.000000000000000000e+00
6.091879533560321534e+02,2.049687870466439676e+02,5.000000000000000000e+01,9.993381999999999825e-07,0.000000000000000000e+00
6.096309922984804643e+02,2.049683440077015177e+02,5.000000000000000000e+01,1.230422999999999900e-06,0.000000000000000000e+00
6.100299787533099334e+02,2.049679450212466918e+02,5.000000000000000000e+01,1.321358000000000072e-06,0.000000000000000000e+00
6.104537216250387246e+02,2.049675212783749600e+02,5.000000000000000000e+01,1.279550000000000099e-06,0.000000000000000000e+00
6.108658790769898133e+02,2.049671091209229985e+02,5.000000000000000000e+01,1.322056000000000069e-06,0.000000000000000000e+00
6.112794024978795733e+02,2.049666955975021096e+02,5.000000000000000000e+01,1.220250999999999906e-06,0.000000000000000000e+00
6.117047271774631554e+02,2.049662702728225270e+02,5.000000000000000000e+01,1.238687999999999981e-06,0.000000000000000000e+00
6.120989420625492130e+02,2.049658760579374643e+02,5.000000000000000000e+01,1.250707999999999952e-06,0.000000000000000000e+00
6.125431220506592354e+02,2.049654318779493565e+02,5.000000000000000000e+01,1.272593999999999940e-06,0.000000000000000000e+00
6.129464312140659104e+02,2.049650285687859252e+02,5.000000000000000000e+01,1.068197999999999941e-06,0.000000000000000000e+00
6.133557448151192375e+02,2.049646192551848856e+02,5.000000000000000000e+01,1.102730000000000028e-06,0.000000000000000000e+00
6.137691630964478691e+02,2.049642058369035453e+02,5.000000000000000000e+01,8.199567999999999774e-07,0.000000000000000000e+00
6.141755960842315289e+02,2.049637994039157718e+02,5.000000000000000000e+01,8.285132999999999522e-07,0.000000000000000000e+00
6.146168930193945243e+02,2.049633581069806212e+02,5.000000000000000000e+01,1.033375000000000080e-06,0.000000000000000000e+00
6.150340765298292354e+02,2.049629409234701711e+02,5.000000000000000000e+01,8.945790000000000327e-07,0.000000000000000000e+00
6.154326440139948318e+02,2.049625423559860167e+02,5.000000000000000000e+01,9.461655000000000427e-07,0.000000000000000000e+00
6.158762462512258935e+02,2.049620987537487622e+02,5.000000000000000000e+01,1.100198000000000016e-06,0.000000000000000000e+00
6.162642932456860763e+02,2.049617107067543031e+02,5.000000000000000000e+01,1.000240000000000015e-06,0.000000000000000000e+00
6.166928288926480946e+02,2.049612821711073423e+02,5.000000000000000000e+01,1.014238999999999981e-06,0.000000000000000000e+00
6.171239522706571279e+02,2.049608510477293351e+02,5.000000000000000000e+01,1.016494999999999998e-06,0.000000000000000000e+00
6.175316753243261019e+02,2.049604433246756798e+02,5.000000000000000000e+01,9.351934000000000499e-07,0.000000000000000000e+00
6.179542620425689847e+02,2.049600207379574215e+02,5.000000000000000000e+01,9.024225000000000195e-07,0.000000000000000000e+00
6.183823286757794904e+02,2.049595926713242307e+02,5.000000000000000000e+01,9.387148999999999535e-07,0.000000000000000000e+00
6.188125731958543838e+02,2.049591624268041414e+02,5.000000000000000000e+01,7.754570000000000067e-07,0.000000000000000000e+00
6.192316491138582251e+02,2.049587433508861523e+02,5.000000000000000000e+01,8.283677999999999592e-07,0.000000000000000000e+00
6.196395942071477521e+02,2.049583354057928659e+02,5.000000000000000000e+01,1.047460999999999906e-06,0.000000000000000000e+00
6.200704947036499561e+02,2.049579045052963409e+02,5.000000000000000000e+01,9.145006000000000488e-07,0.000000000000000000e+00
6.205015373572842918e+02,2.049574734626427244e+02,5.000000000000000000e+01,9.322683999999999890e-07,0.000000000000000000e+00
6.209095727197415044e+02,2.049570654272802699e+02,5.000000000000000000e+01,1.020118000000000056e-06,0.000000000000000000e+00
6.213047520441051574e+02,2.049566702479558842e+02,5.000000000000000000e+01,9.342039000000000529e-07,0.000000000000000000e+00
6.217485158061975881e+02,2.049562264841937917e+02,5.000000000000000000e+01,9.891518999999999967e-07,0.000000000000000000e+00
6.221475082249099842e+02,2.049558274917750964e+02,5.000000000000000000e+01,1.037871999999999912e-06,0.000000000000000000e+00
6.225712493969465413e+02,2.049554037506030681e+02,5.000000000000000000e+01,9.453360999999999545e-07,0.000000000000000000e+00
6.229727158847130113e+02,2.049550022841152952e+02,5.000000000000000000e+01,1.106410999999999994e-06,0.000000000000000000e+00
6.234097073607759967e+02,2.049545652926392165e+02,5.000000000000000000e+01,1.064764000000000018e-06,0.000000000000000000e+00
6.238115719199323621e+02,2.049541634280800793e+02,5.000000000000000000e+01,9.548675999999999496e-07,0.000000000000000000e+00
